Senate - 2001 Election																
First Preference Votes by Candidate																
By Vote Type by Division																
																
Australian Capital Territory																

Canberra (108959)																

				Ordinary		Absent		Provisional		Pre Poll		Postal		Adj	Total	
Candidates			Party	Votes	%	Votes	%	Votes	%	Votes	%	Votes	%		Votes	%
A		TICKET VOTES	DEM	5519	6.83	186	6.73	50	7.89	1025	6.93	160	6.11	0	6940	6.83
		"SIEVERS, Wayne"	DEM	2080	2.57	87	3.15	15	2.37	333	2.25	55	2.10	0	2570	2.53
		"DUNDAS, Roslyn Jane"	DEM	714	0.88	33	1.19	5	0.79	151	1.02	33	1.26	0	936	0.92
		Group Total	DEM	8313	10.29	306	11.07	70	11.04	1509	10.20	248	9.47	0	10446	10.28
B		TICKET VOTES	CTA	811	1.00	38	1.37	9	1.42	128	0.87	55	2.10	0	1041	1.02
		"McCLURE, Ian"	CTA	532	0.66	11	0.40	2	0.32	89	0.60	7	0.27	0	641	0.63
		"JANES, Tim"	CTA	114	0.14	3	0.11	2	0.32	7	0.05	2	0.08	0	128	0.13
		Group Total	CTA	1457	1.80	52	1.88	13	2.05	224	1.51	64	2.44	0	1810	1.78
C		TICKET VOTES	GRN	2576	3.19	222	8.03	25	3.94	517	3.50	31	1.18	0	3371	3.32
		"CORR, Gary"	GRN	1645	2.04	82	2.97	4	0.63	256	1.73	33	1.26	0	2020	1.99
		"FAHEY, Felicity"	GRN	531	0.66	30	1.08	7	1.10	92	0.62	25	0.95	0	685	0.67
		Group Total	GRN	4752	5.88	334	12.08	36	5.68	865	5.85	89	3.40	0	6076	5.98
D		TICKET VOTES	ALP	27762	34.35	860	31.10	260	41.01	5168	34.95	760	29.01	0	34810	34.26
	#	"LUNDY, Kate"	ALP	5536	6.85	193	6.98	35	5.52	979	6.62	183	6.98	0	6926	6.82
		"POKE, Robin"	ALP	321	0.40	17	0.61	0	0.00	53	0.36	16	0.61	0	407	0.40
		Group Total	ALP	33619	41.60	1070	38.70	295	46.53	6200	41.93	959	36.60	0	42143	41.47
E		TICKET VOTES	LP	25901	32.05	785	28.39	178	28.08	4852	32.81	989	37.75	0	32705	32.18
	#	"REID, Margaret"	LP	3155	3.90	93	3.36	14	2.21	586	3.96	149	5.69	0	3997	3.93
		"HANLON, Bill"	LP	314	0.39	15	0.54	2	0.32	58	0.39	8	0.31	0	397	0.39
		Group Total	LP	29370	36.34	893	32.30	194	30.60	5496	37.17	1146	43.74	0	37099	36.51
F		TICKET VOTES	HAN	1319	1.63	46	1.66	16	2.52	273	1.85	55	2.10	0	1709	1.68
		"TARLINTON, Don"	HAN	392	0.49	17	0.61	6	0.95	71	0.48	28	1.07	0	514	0.51
		"TARLINTON, Ted"	HAN	29	0.04	0	0.00	0	0.00	4	0.03	2	0.08	0	35	0.03
		Group Total	HAN	1740	2.15	63	2.28	22	3.47	348	2.35	85	3.24	0	2258	2.22
UNGROUPED																
		"ARNOLD, James T A"	CEC	37	0.05	0	0.00	1	0.16	4	0.03	1	0.04	0	43	0.04
		"HELM, Ken"	IND	1522	1.88	47	1.70	3	0.47	142	0.96	28	1.07	0	1742	1.71
		Ungrouped Total		1559	1.93	47	1.70	4	0.63	146	0.99	29	1.11	0	1785	1.76
			FORMAL	80810	97.48	2765	98.08	634	97.84	14788	98.77	2620	98.57	0	101617	97.71
			INFORMAL	2090	2.52	54	1.92	14	2.16	184	1.23	38	1.43	0	2380	2.29
			TOTAL	82900	79.71	2819	2.71	648	0.62	14972	14.40	2658	2.56	0	103997	95.45



Fraser (112225)																

				Ordinary		Absent		Provisional		Pre Poll		Postal		Adj	Total	
Candidates			Party	Votes	%	Votes	%	Votes	%	Votes	%	Votes	%		Votes	%
A		TICKET VOTES	DEM	5737	6.98	189	7.69	56	7.33	1160	7.65	187	5.73	0	7329	7.06
		"SIEVERS, Wayne"	DEM	2384	2.90	76	3.09	19	2.49	427	2.82	81	2.48	0	2987	2.88
		"DUNDAS, Roslyn Jane"	DEM	1017	1.24	37	1.51	10	1.31	209	1.38	37	1.13	0	1310	1.26
		Group Total	DEM	9138	11.12	302	12.29	85	11.13	1796	11.85	305	9.34	0	11626	11.19
B		TICKET VOTES	CTA	840	1.02	22	0.90	9	1.18	115	0.76	32	0.98	0	1018	0.98
		"McCLURE, Ian"	CTA	572	0.70	13	0.53	1	0.13	77	0.51	16	0.49	0	679	0.65
		"JANES, Tim"	CTA	82	0.10	3	0.12	0	0.00	8	0.05	2	0.06	0	95	0.09
		Group Total	CTA	1494	1.82	38	1.55	10	1.31	200	1.32	50	1.53	0	1792	1.73
C		TICKET VOTES	GRN	3494	4.25	148	6.02	48	6.28	750	4.95	87	2.66	0	4527	4.36
		"CORR, Gary"	GRN	2550	3.10	72	2.93	17	2.23	462	3.05	71	2.17	0	3172	3.05
		"FAHEY, Felicity"	GRN	811	0.99	31	1.26	10	1.31	169	1.11	29	0.89	0	1050	1.01
		Group Total	GRN	6855	8.34	251	10.21	75	9.82	1381	9.11	187	5.73	0	8749	8.42
D		TICKET VOTES	ALP	28589	34.78	816	33.20	292	38.22	5133	33.86	1054	32.28	0	35884	34.55
	#	"LUNDY, Kate"	ALP	6347	7.72	161	6.55	61	7.98	1073	7.08	248	7.60	0	7890	7.60
		"POKE, Robin"	ALP	323	0.39	9	0.37	4	0.52	63	0.42	15	0.46	0	414	0.40
		Group Total	ALP	35259	42.89	986	40.11	357	46.73	6269	41.35	1317	40.34	0	44188	42.55
E		TICKET VOTES	LP	22762	27.69	689	28.03	185	24.21	4374	28.85	1068	32.71	0	29078	28.00
	#	"REID, Margaret"	LP	3020	3.67	89	3.62	21	2.75	553	3.65	171	5.24	0	3854	3.71
		"HANLON, Bill"	LP	337	0.41	15	0.61	3	0.39	65	0.43	24	0.74	0	444	0.43
		Group Total	LP	26119	31.77	793	32.26	209	27.36	4992	32.93	1263	38.68	0	33376	32.14
F		TICKET VOTES	HAN	1287	1.57	46	1.87	19	2.49	257	1.70	65	1.99	0	1674	1.61
		"TARLINTON, Don"	HAN	383	0.47	9	0.37	2	0.26	81	0.53	29	0.89	0	504	0.49
		"TARLINTON, Ted"	HAN	38	0.05	0	0.00	0	0.00	6	0.04	5	0.15	0	49	0.05
		Group Total	HAN	1708	2.08	55	2.24	21	2.75	344	2.27	99	3.03	0	2227	2.14
UNGROUPED																
		"ARNOLD, James T A"	CEC	46	0.06	2	0.08	0	0.00	9	0.06	4	0.12	0	61	0.06
		"HELM, Ken"	IND	1590	1.93	31	1.26	7	0.92	170	1.12	40	1.23	0	1838	1.77
		Ungrouped Total		1636	1.99	33	1.34	7	0.92	179	1.18	44	1.35	0	1899	1.83
			FORMAL	82209	97.36	2458	97.73	764	98.84	15161	98.57	3265	99.03	0	103857	97.61
			INFORMAL	2226	2.64	57	2.27	9	1.16	220	1.43	32	0.97	0	2544	2.39
			TOTAL	84435	79.36	2515	2.36	773	0.73	15381	14.46	3297	3.10	0	106401	94.81
