House of Representatives - 2001 Election: South Australia																																	
First Preference Votes and TCP																																	
By Candidate by Polling Place																																	

Wakefield (86378)																																	
	ROWBOTTOM			# ANDREW			RESEIGH			DWYER			KELLY			FORMAL			INFORMAL			TOTAL											
	Tim			Neil			Marcus			David			Pam												Two Candidate Preferred								
	ALP			LP			DEM			HAN			GRN												 ROWBOTTOM ALP			# ANDREW LP					
Polling Places	Vote	%		Vote	%		Vote	%		Vote	%		Vote	%		Vote	%		Vote	%		Vote	%		Vote	%		Vote	%				
Alford	17	13.49		92	73.02		2	1.59		14	11.11		1	0.79		126	95.45		6	4.55		132	0.16		27	21.43		99	78.57				
Angaston	358	22.95		905	58.01		150	9.62		83	5.32		64	4.10		1560	95.35		76	4.65		1636	1.97		523	33.53		1037	66.47				
Ardrossan	303	28.00		599	55.36		69	6.38		90	8.32		21	1.94		1082	94.42		64	5.58		1146	1.38		412	38.08		670	61.92				
Arthurton	12	7.14		135	80.36		2	1.19		14	8.33		5	2.98		168	96.00		7	4.00		175	0.21		25	14.88		143	85.12				
Balaklava	236	17.30		928	68.04		62	4.55		97	7.11		41	3.01		1364	95.38		66	4.62		1430	1.72		337	24.71		1027	75.29				
Barmera	495	24.12		1196	58.28		86	4.19		190	9.26		85	4.14		2052	93.44		144	6.56		2196	2.64		691	33.67		1361	66.33				
Berri	583	23.00		1504	59.33		174	6.86		184	7.26		90	3.55		2535	93.27		183	6.73		2718	3.27		846	33.37		1689	66.63				
Birdwood	161	21.88		402	54.62		89	12.09		55	7.47		29	3.94		736	95.58		34	4.42		770	0.93		264	35.87		472	64.13
Blanchetown	62	25.94		143	59.83		15	6.28		18	7.53		1	0.42		239	91.57		22	8.43		261	0.31		80	33.47		159	66.53
Bute	51	15.64		228	69.94		12	3.68		22	6.75		13	3.99		326	95.32		16	4.68		342	0.41		80	24.54		246	75.46
Cadell	45	19.82		145	63.88		15	6.61		17	7.49		5	2.20		227	96.60		8	3.40		235	0.28		63	27.75		164	72.25
Cobdogla	75	21.19		212	59.89		12	3.39		48	13.56		7	1.98		354	92.67		28	7.33		382	0.46		115	32.49		239	67.51
Coobowie	90	36.59		127	51.63		12	4.88		14	5.69		3	1.22		246	94.98		13	5.02		259	0.31		106	43.09		140	56.91
Corny Point	26	21.85		70	58.82		9	7.56		11	9.24		3	2.52		119	94.44		7	5.56		126	0.15		38	31.93		81	68.07
Curramulka	28	11.81		172	72.57		13	5.49		15	6.33		9	3.80		237	97.53		6	2.47		243	0.29		41	17.30		196	82.70
Dublin	125	27.65		231	51.11		36	7.96		45	9.96		15	3.32		452	92.43		37	7.57		489	0.59		169	37.39		283	62.61
Eden Valley	44	19.64		121	54.02		18	8.04		28	12.50		13	5.80		224	97.39		6	2.61		230	0.28		80	35.71		144	64.29
Edithburgh	122	31.36		188	48.33		14	3.60		50	12.85		15	3.86		389	94.42		23	5.58		412	0.50		171	43.96		218	56.04
Evanston	404	33.89		535	44.88		109	9.14		100	8.39		44	3.69		1192	93.27		86	6.73		1278	1.54		561	47.06		631	52.94
Evanston Gardens	446	35.88		540	43.44		89	7.16		134	10.78		34	2.74		1243	92.42		102	7.58		1345	1.62		600	48.27		643	51.73
Forreston	46	22.33		106	51.46		25	12.14		10	4.85		19	9.22		206	91.56		19	8.44		225	0.27		76	36.89		130	63.11
Freeling	186	22.85		462	56.76		68	8.35		72	8.85		26	3.19		814	94.98		43	5.02		857	1.03		285	35.01		529	64.99
Gawler	479	28.29		826	48.79		179	10.57		136	8.03		73	4.31		1693	93.43		119	6.57		1812	2.18		706	41.70		987	58.30
Gawler East	457	24.27		1055	56.03		204	10.83		100	5.31		67	3.56		1883	95.73		84	4.27		1967	2.36		697	37.02		1186	62.98
Gawler River	62	21.68		176	61.54		25	8.74		13	4.55		10	3.50		286	93.46		20	6.54		306	0.37		91	31.82		195	68.18
Gawler South	686	29.10		1182	50.15		235	9.97		143	6.07		111	4.71		2357	94.09		148	5.91		2505	3.01		976	41.41		1381	58.59
Gawler West	515	36.65		616	43.84		129	9.18		100	7.12		45	3.20		1405	94.04		89	5.96		1494	1.80		689	49.04		716	50.96
Glossop	84	23.08		221	60.71		17	4.67		26	7.14		16	4.40		364	91.00		36	9.00		400	0.48		109	29.95		255	70.05
Greenock	169	21.13		466	58.25		80	10.00		54	6.75		31	3.88		800	94.79		44	5.21		844	1.01		271	33.88		529	66.13
Gumeracha	112	18.57		358	59.37		68	11.28		39	6.47		26	4.31		603	95.41		29	4.59		632	0.76		184	30.51		419	69.49
Hamley Bridge	111	27.54		211	52.36		29	7.20		33	8.19		19	4.71		403	94.82		22	5.18		425	0.51		155	38.46		248	61.54
Hardwicke Bay	24	25.00		62	64.58		4	4.17		3	3.13		3	3.13		96	96.97		3	3.03		99	0.12		31	32.29		65	67.71
Kadina	496	24.95		1206	60.66		107	5.38		130	6.54		49	2.46		1988	95.35		97	4.65		2085	2.51		661	33.25		1327	66.75
Kapunda	445	25.33		878	49.97		191	10.87		148	8.42		95	5.41		1757	95.39		85	4.61		1842	2.21		734	41.78		1023	58.22
Kersbrook	149	24.03		344	55.48		60	9.68		42	6.77		25	4.03		620	95.68		28	4.32		648	0.78		212	34.19		408	65.81
Loxton	581	20.55		1804	63.81		105	3.71		248	8.77		89	3.15		2827	95.12		145	4.88		2972	3.57		805	28.48		2022	71.52
Loxton North	74	15.10		317	64.69		25	5.10		55	11.22		19	3.88		490	94.59		28	5.41		518	0.62		126	25.71		364	74.29
Lyndoch	233	22.47		566	54.58		106	10.22		86	8.29		46	4.44		1037	96.02		43	3.98		1080	1.30		370	35.68		667	64.32
Lyrup	55	23.91		143	62.17		5	2.17		19	8.26		8	3.48		230	95.04		12	4.96		242	0.29		66	28.70		164	71.30
Maitland	122	14.32		574	67.37		40	4.69		97	11.38		19	2.23		852	93.73		57	6.27		909	1.09		205	24.06		647	75.94
Mallala	188	25.90		416	57.30		52	7.16		58	7.99		12	1.65		726	95.65		33	4.35		759	0.91		248	34.16		478	65.84
Marion Bay	32	34.41		42	45.16		8	8.60		5	5.38		6	6.45		93	95.88		4	4.12		97	0.12		42	45.16		51	54.84
Minlaton	123	16.62		508	68.65		44	5.95		49	6.62		16	2.16		740	93.08		55	6.92		795	0.96		169	22.84		571	77.16
Moculta	19	13.38		100	70.42		7	4.93		10	7.04		6	4.23		142	94.04		9	5.96		151	0.18		30	21.13		112	78.87
Monash	110	20.91		312	59.32		33	6.27		53	10.08		18	3.42		526	94.27		32	5.73		558	0.67		171	32.51		355	67.49
Moonta	492	28.31		895	51.50		129	7.42		188	10.82		34	1.96		1738	94.77		96	5.23		1834	2.20		714	41.08		1024	58.92
Moonta Mines	137	40.65		146	43.32		12	3.56		29	8.61		13	3.86		337	93.87		22	6.13		359	0.43		168	49.85		169	50.15
Moorook	57	16.47		211	60.98		14	4.05		53	15.32		11	3.18		346	95.58		16	4.42		362	0.44		107	30.92		239	69.08
Morgan	172	36.36		222	46.93		14	2.96		55	11.63		10	2.11		473	94.22		29	5.78		502	0.60		219	46.30		254	53.70
Mount Pleasant	148	22.46		347	52.66		86	13.05		54	8.19		24	3.64		659	94.82		36	5.18		695	0.84		240	36.42		419	63.58
Mount Torrens	61	17.99		195	57.52		36	10.62		22	6.49		25	7.37		339	94.43		20	5.57		359	0.43		112	33.04		227	66.96
Nuriootpa	640	21.38		1741	58.17		306	10.22		191	6.38		115	3.84		2993	94.81		164	5.19		3157	3.80		997	33.31		1996	66.69
One Tree Hill (Wakefield)	79	23.37		196	57.99		34	10.06		17	5.03		12	3.55		338	94.15		21	5.85		359	0.43		109	32.25		229	67.75
Owen	79	24.16		194	59.33		18	5.50		30	9.17		6	1.83		327	94.51		19	5.49		346	0.42		103	31.50		224	68.50
Palmer	26	18.71		89	64.03		6	4.32		10	7.19		8	5.76		139	92.67		11	7.33		150	0.18		39	28.06		100	71.94
Paringa	120	18.84		416	65.31		25	3.92		56	8.79		20	3.14		637	95.22		32	4.78		669	0.80		181	28.41		456	71.59
Paskeville	18	10.23		144	81.82		6	3.41		6	3.41		2	1.14		176	93.62		12	6.38		188	0.23		27	15.34		149	84.66
Pine Point	28	19.18		104	71.23		5	3.42		5	3.42		4	2.74		146	96.69		5	3.31		151	0.18		34	23.29		112	76.71
Port Clinton	128	36.89		182	52.45		9	2.59		23	6.63		5	1.44		347	94.04		22	5.96		369	0.44		151	43.52		196	56.48
Port Victoria	58	21.09		164	59.64		12	4.36		31	11.27		10	3.64		275	93.86		18	6.14		293	0.35		82	29.82		193	70.18
Port Vincent	98	24.44		264	65.84		14	3.49		14	3.49		11	2.74		401	93.04		30	6.96		431	0.52		114	28.43		287	71.57
Port Wakefield	116	25.00		246	53.02		18	3.88		73	15.73		11	2.37		464	93.55		32	6.45		496	0.60		187	40.30		277	59.70
Ramco	101	23.11		266	60.87		20	4.58		44	10.07		6	1.37		437	95.00		23	5.00		460	0.55		136	31.12		301	68.88
Renmark	821	27.60		1681	56.50		148	4.97		205	6.89		120	4.03		2975	93.52		206	6.48		3181	3.82		1114	37.45		1861	62.55
Renmark North	116	23.72		293	59.92		27	5.52		34	6.95		19	3.89		489	92.44		40	7.56		529	0.64		159	32.52		330	67.48
Renmark West	63	13.55		322	69.25		27	5.81		42	9.03		11	2.37		465	91.72		42	8.28		507	0.61		115	24.73		350	75.27
Roseworthy	148	26.86		301	54.63		40	7.26		44	7.99		18	3.27		551	93.55		38	6.45		589	0.71		208	37.75		343	62.25
Sandy Creek	94	19.58		267	55.62		41	8.54		59	12.29		19	3.96		480	94.86		26	5.14		506	0.61		163	33.96		317	66.04
Springton	75	24.27		149	48.22		48	15.53		25	8.09		12	3.88		309	96.26		12	3.74		321	0.39		121	39.16		188	60.84
Stansbury	91	20.00		281	61.76		22	4.84		54	11.87		7	1.54		455	92.86		35	7.14		490	0.59		138	30.33		317	69.67
Stockwell	47	14.73		210	65.83		19	5.96		27	8.46		16	5.02		319	95.80		14	4.20		333	0.40		81	25.39		238	74.61
Tanunda	461	16.59		1725	62.07		266	9.57		224	8.06		103	3.71		2779	95.76		123	4.24		2902	3.49		787	28.32		1992	71.68			
Truro	65	17.15		234	61.74		25	6.60		43	11.35		12	3.17		379	94.28		23	5.72		402	0.48		116	30.61		263	69.39			
Two Wells	717	34.26		987	47.16		191	9.13		126	6.02		72	3.44		2093	92.82		162	7.18		2255	2.71		929	44.39		1164	55.61			
Waikerie	399	20.65		1288	66.67		76	3.93		118	6.11		51	2.64		1932	94.61		110	5.39		2042	2.45		510	26.40		1422	73.60			
Wallaroo	688	39.52		731	41.99		76	4.37		189	10.86		57	3.27		1741	94.31		105	5.69		1846	2.22		876	50.32		865	49.68			
Wallaroo Mines	250	42.09		230	38.72		37	6.23		61	10.27		16	2.69		594	92.81		46	7.19		640	0.77		316	53.20		278	46.80			
Warooka	67	16.71		258	64.34		22	5.49		44	10.97		10	2.49		401	93.47		28	6.53		429	0.52		95	23.69		306	76.31			
Wasleys	85	29.82		142	49.82		29	10.18		19	6.67		10	3.51		285	95.32		14	4.68		299	0.36		116	40.70		169	59.30			
Willaston - Hewett	482	29.09		823	49.67		169	10.20		135	8.15		48	2.90		1657	94.85		90	5.15		1747	2.10		684	41.28		973	58.72			
Williamstown	315	26.08		593	49.09		159	13.16		80	6.62		61	5.05		1208	94.97		64	5.03		1272	1.53		482	39.90		726	60.10			
Winkie	33	19.64		108	64.29		9	5.36		12	7.14		6	3.57		168	92.82		13	7.18		181	0.22		50	29.76		118	70.24			
Yorketown	145	21.39		440	64.90		40	5.90		42	6.19		11	1.62		678	92.24		57	7.76		735	0.88		183	26.99		495	73.01			
Special Hospitals	256	32.57		480	61.07		17	2.16		18	2.29		15	1.91		786	93.35		56	6.65		842	1.01		276	35.11		510	64.89			
Remote Mobiles	86	58.90		41	28.08		5	3.42		7	4.79		7	4.79		146	95.42		7	4.58		153	0.18		96	65.75		50	34.25			
Total Ordinary	17303	24.98		39030	56.34		5091	7.35		5467	7.89		2380	3.44		69271	94.36		4137	5.64		73408	88.25		24673	35.62		44598	64.38			
ABSENT	1170	24.54		2495	52.33		515	10.80		321	6.73		267	5.60		4768	94.62		271	5.38		5039	6.06		1750	36.70		3018	63.30			
POSTAL	457	19.72		1445	62.37		136	5.87		224	9.67		55	2.37		2317	97.76		53	2.24		2370	2.85		660	28.49		1657	71.51			
PRE_POLL	420	22.91		1050	57.28		157	8.57		123	6.71		83	4.53		1833	96.73		62	3.27		1895	2.28		592	32.30		1241	67.70			
PROVISIONAL	130	29.82		195	44.72		43	9.86		37	8.49		31	7.11		436	92.57		35	7.43		471	0.57		186	42.66		250	57.34			
Division Summary	19480	24.78		44215	56.24		5942	7.56		6172	7.85		2816	3.58		78625	94.52		4558	5.48		83183	96.30		27861	35.44		50764	64.56			
																																
																																
																																
																																
																																
