House of Representatives - 2001 Election: South Australia																																
First Preference Votes and TCP 																																
By Candidate by Polling Place																																
																																
Grey (85745)																																
	O'NEILL			ROBERTSON			HOLLAND			MARTIN			# WAKELIN			FORMAL			INFORMAL			TOTAL										
	Con			Gil John			Sylvia			Felicity			Barry												Two Candidate Preferred							
	ALP			DEM			HAN			GRN			LP												 O'NEILL ALP			# WAKELIN LP				
Polling Places	Vote	%		Vote	%		Vote	%		Vote	%		Vote	%		Vote	%		Vote	%		Vote	%		Vote	%		Vote	%			
Andamooka	82	37.10		9	4.07		41	18.55		5	2.26		84	38.01		221	91.32		21	8.68		242	0.30		114	51.58		107	48.42			
Arno Bay	30	12.77		6	2.55		27	11.49		3	1.28		169	71.91		235	95.53		11	4.47		246	0.30		55	23.40		180	76.60			
Auburn	86	22.05		30	7.69		21	5.38		15	3.85		238	61.03		390	95.12		20	4.88		410	0.51		126	32.31		264	67.69			
Blyth	53	15.27		12	3.46		19	5.48		5	1.44		258	74.35		347	94.04		22	5.96		369	0.45		73	21.04		274	78.96			
Booborowie	28	16.87		1	0.60		13	7.83		2	1.20		122	73.49		166	93.79		11	6.21		177	0.22		36	21.69		130	78.31			
Booleroo Centre	24	6.52		9	2.45		25	6.79		1	0.27		309	83.97		368	96.84		12	3.16		380	0.47		45	12.23		323	87.77			
Brinkworth	21	9.42		11	4.93		22	9.87		1	0.45		168	75.34		223	93.70		15	6.30		238	0.29		32	14.35		191	85.65			
Burra	197	26.66		26	3.52		59	7.98		19	2.57		438	59.27		739	93.19		54	6.81		793	0.98		265	35.86		474	64.14			
Ceduna	372	25.57		58	3.99		85	5.84		36	2.47		904	62.13		1455	94.11		91	5.89		1546	1.91		462	31.75		993	68.25			
Clare	499	20.75		154	6.40		119	4.95		73	3.04		1560	64.86		2405	95.66		109	4.34		2514	3.10		701	29.15		1704	70.85			
Cleve	53	7.22		8	1.09		25	3.41		6	0.82		642	87.47		734	96.33		28	3.67		762	0.94		64	8.72		670	91.28			
Coffin Bay	69	18.90		12	3.29		15	4.11		18	4.93		251	68.77		365	96.05		15	3.95		380	0.47		92	25.21		273	74.79			
Coober Pedy	396	40.24		74	7.52		122	12.40		21	2.13		371	37.70		984	90.86		99	9.14		1083	1.34		535	54.37		449	45.63			
Cowell	108	14.90		15	2.07		30	4.14		10	1.38		562	77.52		725	95.65		33	4.35		758	0.93		133	18.34		592	81.66			
Crystal Brook	217	23.01		29	3.08		68	7.21		18	1.91		611	64.79		943	96.62		33	3.38		976	1.20		290	30.75		653	69.25			
Cummins	82	9.93		16	1.94		38	4.60		11	1.33		679	82.20		826	97.29		23	2.71		849	1.05		103	12.47		723	87.53			
Darke Peak	4	3.92		2	1.96		6	5.88		0	0.00		90	88.24		102	98.08		2	1.92		104	0.13		7	6.86		95	93.14			
Elliston	45	19.07		17	7.20		7	2.97		19	8.05		148	62.71		236	95.16		12	4.84		248	0.31		73	30.93		163	69.07			
Eudunda	93	12.67		61	8.31		137	18.66		19	2.59		424	57.77		734	94.22		45	5.78		779	0.96		229	31.20		505	68.80			
Farrell Flat	21	13.73		8	5.23		15	9.80		3	1.96		106	69.28		153	96.23		6	3.77		159	0.20		33	21.57		120	78.43			
Georgetown	44	29.93		5	3.40		9	6.12		1	0.68		88	59.86		147	96.08		6	3.92		153	0.19		55	37.41		92	62.59			
Gladstone	169	37.47		12	2.66		38	8.43		6	1.33		226	50.11		451	94.55		26	5.45		477	0.59		204	45.23		247	54.77			
Hallett	19	15.57		4	3.28		13	10.66		2	1.64		84	68.85		122	94.57		7	5.43		129	0.16		25	20.49		97	79.51			
Hawker	59	23.98		13	5.28		14	5.69		7	2.85		153	62.20		246	94.62		14	5.38		260	0.32		78	31.71		168	68.29			
Iron Knob	52	47.71		8	7.34		9	8.26		5	4.59		35	32.11		109	95.61		5	4.39		114	0.14		67	61.47		42	38.53			
Jamestown	202	16.32		52	4.20		50	4.04		29	2.34		905	73.10		1238	96.04		51	3.96		1289	1.59		268	21.65		970	78.35			
Karkoo	0	0.00		1	1.37		2	2.74		0	0.00		70	95.89		73	98.65		1	1.35		74	0.09		0	0.00		73	100.00			
Kimba	58	8.00		14	1.93		47	6.48		6	0.83		600	82.76		725	95.77		32	4.23		757	0.93		88	12.14		637	87.86			
Kirton Point	485	31.51		78	5.07		98	6.37		50	3.25		828	53.80		1539	95.77		68	4.23		1607	1.98		619	40.22		920	59.78			
Laura	88	18.14		34	7.01		33	6.80		21	4.33		309	63.71		485	96.81		16	3.19		501	0.62		134	27.63		351	72.37			
Leigh Creek	127	35.47		20	5.59		27	7.54		13	3.63		171	47.77		358	98.08		7	1.92		365	0.45		162	45.25		196	54.75			
Lochiel	18	18.00		2	2.00		3	3.00		2	2.00		75	75.00		100	89.29		12	10.71		112	0.14		22	22.00		78	78.00			
Lock	24	8.14		6	2.03		18	6.10		4	1.36		243	82.37		295	97.68		7	2.32		302	0.37		27	9.15		268	90.85			
Manoora	32	16.33		7	3.57		14	7.14		3	1.53		140	71.43		196	96.08		8	3.92		204	0.25		43	21.94		153	78.06			
Marrabel	15	13.39		6	5.36		12	10.71		2	1.79		77	68.75		112	95.73		5	4.27		117	0.14		23	20.54		89	79.46			
Melrose	36	15.86		7	3.08		16	7.05		6	2.64		162	71.37		227	96.60		8	3.40		235	0.29		48	21.15		179	78.85			
Minnipa	18	10.84		6	3.61		22	13.25		2	1.20		118	71.08		166	95.95		7	4.05		173	0.21		31	18.67		135	81.33			
Napperby	166	39.24		19	4.49		24	5.67		7	1.65		207	48.94		423	94.00		27	6.00		450	0.55		199	47.04		224	52.96			
North Shields	48	15.34		11	3.51		29	9.27		5	1.60		220	70.29		313	96.01		13	3.99		326	0.40		66	21.09		247	78.91			
Orroroo	82	16.63		13	2.64		12	2.43		11	2.23		375	76.06		493	96.29		19	3.71		512	0.63		100	20.28		393	79.72			
Peterborough	471	43.49		62	5.72		79	7.29		37	3.42		434	40.07		1083	94.26		66	5.74		1149	1.42		582	53.74		501	46.26			
Point Pass	14	13.08		8	7.48		25	23.36		3	2.80		57	53.27		107	91.45		10	8.55		117	0.14		37	34.58		70	65.42			
Poochera	6	4.92		6	4.92		9	7.38		2	1.64		99	81.15		122	99.19		1	0.81		123	0.15		11	9.02		111	90.98			
Port Augusta Central	420	38.11		34	3.09		80	7.26		27	2.45		541	49.09		1102	95.08		57	4.92		1159	1.43		522	47.37		580	52.63			
Port Augusta East	798	41.76		50	2.62		177	9.26		43	2.25		843	44.11		1911	94.98		101	5.02		2012	2.48		937	49.03		974	50.97			
Port Augusta West	705	39.14		112	6.22		180	9.99		44	2.44		760	42.20		1801	95.44		86	4.56		1887	2.33		921	51.14		880	48.86			
Port Broughton	267	27.41		31	3.18		40	4.11		15	1.54		621	63.76		974	95.68		44	4.32		1018	1.25		313	32.14		661	67.86			
Port Germein	99	34.98		11	3.89		43	15.19		6	2.12		124	43.82		283	93.40		20	6.60		303	0.37		137	48.41		146	51.59			
Port Kenny	18	12.33		6	4.11		11	7.53		3	2.05		108	73.97		146	96.05		6	3.95		152	0.19		25	17.12		121	82.88			
Port Lincoln	715	25.68		170	6.11		164	5.89		90	3.23		1645	59.09		2784	95.77		123	4.23		2907	3.58		935	33.58		1849	66.42			
Port Lincoln Central	417	18.48		70	3.10		95	4.21		51	2.26		1624	71.95		2257	95.96		95	4.04		2352	2.90		525	23.26		1732	76.74			
Port Lincoln South	388	36.67		63	5.95		84	7.94		24	2.27		499	47.16		1058	92.97		80	7.03		1138	1.40		497	46.98		561	53.02			
Port Neill	25	12.14		5	2.43		6	2.91		2	0.97		168	81.55		206	95.81		9	4.19		215	0.27		31	15.05		175	84.95			
Port Pirie South	188	40.17		17	3.63		23	4.91		6	1.28		234	50.00		468	96.69		16	3.31		484	0.60		209	44.66		259	55.34			
Port Pirie West	1351	54.54		74	2.99		163	6.58		48	1.94		841	33.95		2477	95.49		117	4.51		2594	3.20		1546	62.41		931	37.59			
Quorn	182	25.14		33	4.56		53	7.32		19	2.62		437	60.36		724	95.89		31	4.11		755	0.93		235	32.46		489	67.54			
Redhill	36	17.65		8	3.92		14	6.86		4	1.96		142	69.61		204	94.88		11	5.12		215	0.27		51	25.00		153	75.00			
Risdon Park East	1127	42.71		83	3.15		120	4.55		39	1.48		1270	48.12		2639	95.24		132	4.76		2771	3.42		1278	48.43		1361	51.57			
Risdon Park South	481	51.22		24	2.56		30	3.19		22	2.34		382	40.68		939	95.52		44	4.48		983	1.21		528	56.23		411	43.77			
Riverton	109	18.08		42	6.97		60	9.95		11	1.82		381	63.18		603	95.11		31	4.89		634	0.78		163	27.03		440	72.97			
Robertstown	45	18.75		11	4.58		62	25.83		4	1.67		118	49.17		240	94.86		13	5.14		253	0.31		92	38.33		148	61.67			
Roxby Downs	340	24.51		72	5.19		101	7.28		30	2.16		844	60.85		1387	95.52		65	4.48		1452	1.79		458	33.02		929	66.98			
Saddleworth	64	18.82		23	6.76		42	12.35		9	2.65		202	59.41		340	94.97		18	5.03		358	0.44		99	29.12		241	70.88			
Smoky Bay	14	8.81		5	3.14		19	11.95		3	1.89		118	74.21		159	96.36		6	3.64		165	0.20		19	11.95		140	88.05			
Snowtown	80	21.33		10	2.67		21	5.60		5	1.33		259	69.07		375	94.94		20	5.06		395	0.49		102	27.20		273	72.80			
Solomontown	872	54.09		41	2.54		94	5.83		27	1.67		578	35.86		1612	93.50		112	6.50		1724	2.13		971	60.24		641	39.76			
Spalding	59	23.05		5	1.95		9	3.52		3	1.17		180	70.31		256	97.34		7	2.66		263	0.32		67	26.17		189	73.83			
Stirling North	322	35.90		41	4.57		130	14.49		16	1.78		388	43.26		897	94.62		51	5.38		948	1.17		446	49.72		451	50.28			
Streaky Bay	98	12.74		36	4.68		72	9.36		36	4.68		527	68.53		769	94.94		41	5.06		810	1.00		170	22.11		599	77.89			
Tarlee	29	11.55		25	9.96		27	10.76		4	1.59		166	66.14		251	96.91		8	3.09		259	0.32		50	19.92		201	80.08			
Terowie	24	25.81		5	5.38		13	13.98		4	4.30		47	50.54		93	88.57		12	11.43		105	0.13		39	41.94		54	58.06			
Tumby Bay	130	12.26		25	2.36		75	7.08		19	1.79		811	76.51		1060	95.24		53	4.76		1113	1.37		183	17.26		877	82.74			
Ungarra	19	12.50		2	1.32		13	8.55		1	0.66		117	76.97		152	98.06		3	1.94		155	0.19		22	14.47		130	85.53			
Wangary	38	15.90		10	4.18		17	7.11		14	5.86		160	66.95		239	96.76		8	3.24		247	0.30		65	27.20		174	72.80			
Warramboo	3	2.31		0	0.00		12	9.23		2	1.54		113	86.92		130	99.24		1	0.76		131	0.16		7	5.38		123	94.62			
Watervale	66	24.00		24	8.73		15	5.45		11	4.00		159	57.82		275	95.82		12	4.18		287	0.35		95	34.55		180	65.45			
Whyalla Central East	356	37.51		57	6.01		43	4.53		15	1.58		478	50.37		949	95.57		44	4.43		993	1.22		416	43.84		533	56.16			
Whyalla Central West	714	40.73		126	7.19		82	4.68		40	2.28		791	45.12		1753	95.22		88	4.78		1841	2.27		859	49.00		894	51.00			
Whyalla Norrie East	709	40.96		130	7.51		95	5.49		46	2.66		751	43.39		1731	94.49		101	5.51		1832	2.26		888	51.30		843	48.70			
Whyalla Norrie North	689	48.56		85	5.99		83	5.85		36	2.54		526	37.07		1419	94.98		75	5.02		1494	1.84		831	58.56		588	41.44			
Whyalla Norrie North-West	477	50.74		66	7.02		52	5.53		25	2.66		320	34.04		940	95.92		40	4.08		980	1.21		577	61.38		363	38.62			
Whyalla Norrie South	696	49.89		112	8.03		64	4.59		30	2.15		493	35.34		1395	94.83		76	5.17		1471	1.81		824	59.07		571	40.93			
Whyalla Stuart South	997	55.14		96	5.31		99	5.48		45	2.49		571	31.58		1808	93.24		131	6.76		1939	2.39		1172	64.82		636	35.18			
Whyalla Stuart West	542	47.38		81	7.08		62	5.42		34	2.97		425	37.15		1144	93.24		83	6.76		1227	1.51		656	57.34		488	42.66			
Willsden	508	45.40		28	2.50		117	10.46		23	2.06		443	39.59		1119	96.30		43	3.70		1162	1.43		624	55.76		495	44.24			
Wilmington	77	20.10		9	2.35		31	8.09		11	2.87		255	66.58		383	96.47		14	3.53		397	0.49		101	26.37		282	73.63			
Wirrabara	51	13.46		10	2.64		42	11.08		9	2.37		267	70.45		379	95.95		16	4.05		395	0.49		86	22.69		293	77.31			
Wirrulla	5	4.27		0	0.00		2	1.71		2	1.71		108	92.31		117	96.69		4	3.31		121	0.15		8	6.84		109	93.16			
Woomera	70	36.65		18	9.42		10	5.24		8	4.19		85	44.50		191	92.27		16	7.73		207	0.26		94	49.21		97	50.79			
Wudinna	42	7.43		15	2.65		61	10.80		3	0.53		444	78.58		565	95.93		24	4.07		589	0.73		67	11.86		498	88.14			
Yacka	24	21.24		1	0.88		11	9.73		3	2.65		74	65.49		113	99.12		1	0.88		114	0.14		28	24.78		85	75.22			
Special Hospitals	355	40.25		21	2.38		31	3.51		5	0.57		470	53.29		882	98.11		17	1.89		899	1.11		389	44.10		493	55.90			
Remote Mobiles	794	58.95		38	2.82		46	3.41		39	2.90		430	31.92		1347	96.91		43	3.09		1390	1.71		863	64.07		484	35.93			
Total Ordinary	21348	32.09		3013	4.53		4493	6.75		1525	2.29		36148	54.34		66527	95.24		3327	4.76		69854	86.12		26578	39.95		39949	60.05			
ABSENT	1171	26.99		367	8.46		266	6.13		171	3.94		2364	54.48		4339	96.02		180	3.98		4519	5.57		1614	37.20		2725	62.80			
POSTAL	586	18.81		114	3.66		220	7.06		63	2.02		2132	68.44		3115	98.39		51	1.61		3166	3.90		772	24.78		2343	75.22			
PRE_POLL	1019	34.72		148	5.04		263	8.96		75	2.56		1430	48.72		2935	96.61		103	3.39		3038	3.75		1303	44.40		1632	55.60			
PROVISIONAL	221	44.92		30	6.10		34	6.91		11	2.24		196	39.84		492	91.28		47	8.72		539	0.66		265	53.86		227	46.14			
Division Summary	24345	31.45		3672	4.74		5276	6.82		1845	2.38		42270	54.61		77408	95.43		3708	4.57		81116	94.60		30532	39.44		46876	60.56			
																																
																																
																																
																																
																													
