House of Representatives - 2001 Election: South Australia																																						
First Preference Votes and TCP																																						
By Candidate by Polling Place																																						

Barker (87836)																																						
	DETCHON			RIGNEY			BALLINGER			WRIGHT			CORNISH			MILLER			# SECKER			FORMAL			INFORMAL			TOTAL										
	David			Matt			Liz			Dona			Philip			Louise			Patrick												Two Candidate Preferred							
	ALP			GRN			IND			HAN			IND			DEM			LP												 DETCHON ALP			# SECKER LP				
Polling Places	Vote	%		Vote	%		Vote	%		Vote	%		Vote	%		Vote	%		Vote	%		Vote	%		Vote	%		Vote	%		Vote	%		Vote	%			
Allendale East	54	18.95		10	3.51		10	3.51		22	7.72		3	1.05		12	4.21		174	61.05		285	95.00		15	5.00		300	0.35		81	28.42		204	71.58			
American River	43	24.16		4	2.25		6	3.37		21	11.80		0	0.00		24	13.48		80	44.94		178	94.68		10	5.32		188	0.22		65	36.52		113	63.48			
Ashbourne	24	18.32		12	9.16		6	4.58		9	6.87		5	3.82		15	11.45		60	45.80		131	98.50		2	1.50		133	0.16		52	39.69		79	60.31			
Beachport	92	20.72		16	3.60		21	4.73		36	8.11		6	1.35		9	2.03		264	59.46		444	94.87		24	5.13		468	0.55		138	31.08		306	68.92			
Bordertown	250	13.98		28	1.57		163	9.12		70	3.91		104	5.82		50	2.80		1123	62.81		1788	94.30		108	5.70		1896	2.24		386	21.59		1402	78.41			
Cambrai	52	23.32		9	4.04		6	2.69		27	12.11		5	2.24		12	5.38		112	50.22		223	92.92		17	7.08		240	0.28		82	36.77		141	63.23			
Carpenter Rocks	43	21.83		6	3.05		6	3.05		48	24.37		2	1.02		1	0.51		91	46.19		197	95.63		9	4.37		206	0.24		72	36.55		125	63.45			
Compton	55	16.08		5	1.46		12	3.51		36	10.53		2	0.58		18	5.26		214	62.57		342	95.80		15	4.20		357	0.42		84	24.56		258	75.44
Coomandook	8	4.68		2	1.17		13	7.60		12	7.02		1	0.58		7	4.09		128	74.85		171	96.61		6	3.39		177	0.21		22	12.87		149	87.13
Coonalpyn	32	11.07		2	0.69		12	4.15		9	3.11		4	1.38		9	3.11		221	76.47		289	97.64		7	2.36		296	0.35		49	16.96		240	83.04
Coonawarra	18	8.70		6	2.90		22	10.63		8	3.86		3	1.45		7	3.38		143	69.08		207	96.73		7	3.27		214	0.25		31	14.98		176	85.02
Currency Creek	54	14.48		19	5.09		5	1.34		29	7.77		4	1.07		44	11.80		218	58.45		373	94.67		21	5.33		394	0.47		112	30.03		261	69.97
Delamere	41	19.71		13	6.25		6	2.88		20	9.62		2	0.96		23	11.06		103	49.52		208	92.44		17	7.56		225	0.27		72	34.62		136	65.38
Frances	12	10.26		1	0.85		4	3.42		16	13.68		1	0.85		2	1.71		81	69.23		117	95.90		5	4.10		122	0.14		18	15.38		99	84.62
Furner	6	4.72		2	1.57		3	2.36		6	4.72		2	1.57		4	3.15		104	81.89		127	93.38		9	6.62		136	0.16		10	7.87		117	92.13
Geranium	10	7.58		4	3.03		3	2.27		6	4.55		6	4.55		10	7.58		93	70.45		132	97.06		4	2.94		136	0.16		19	14.39		113	85.61
Glenburnie	39	19.60		3	1.51		9	4.52		35	17.59		5	2.51		6	3.02		102	51.26		199	94.31		12	5.69		211	0.25		61	30.65		138	69.35
Glencoe	95	25.75		12	3.25		18	4.88		50	13.55		4	1.08		18	4.88		172	46.61		369	94.62		21	5.38		390	0.46		145	39.30		224	60.70
Goolwa	823	27.87		175	5.93		37	1.25		181	6.13		23	0.78		298	10.09		1416	47.95		2953	93.75		197	6.25		3150	3.73		1227	41.55		1726	58.45
Gosse	5	8.33		5	8.33		3	5.00		5	8.33		0	0.00		10	16.67		32	53.33		60	98.36		1	1.64		61	0.07		19	31.67		41	68.33
Greenways	18	22.22		2	2.47		2	2.47		7	8.64		4	4.94		2	2.47		46	56.79		81	96.43		3	3.57		84	0.10		25	30.86		56	69.14
Hindmarsh Valley	50	25.00		12	6.00		6	3.00		3	1.50		4	2.00		11	5.50		114	57.00		200	93.46		14	6.54		214	0.25		69	34.50		131	65.50
Hope Forest	26	15.29		13	7.65		0	0.00		9	5.29		2	1.18		15	8.82		105	61.76		170	96.59		6	3.41		176	0.21		46	27.06		124	72.94
Hynam	15	10.64		4	2.84		6	4.26		13	9.22		4	2.84		5	3.55		94	66.67		141	95.92		6	4.08		147	0.17		25	17.73		116	82.27
Inman Valley	20	12.66		5	3.16		15	9.49		7	4.43		2	1.27		16	10.13		93	58.86		158	95.76		7	4.24		165	0.20		40	25.32		118	74.68
Jervois	12	8.39		5	3.50		2	1.40		5	3.50		2	1.40		11	7.69		106	74.13		143	95.97		6	4.03		149	0.18		22	15.38		121	84.62
Kalangadoo	79	25.32		4	1.28		10	3.21		31	9.94		11	3.53		11	3.53		166	53.21		312	95.12		16	4.88		328	0.39		111	35.58		201	64.42
Karoonda	44	9.87		5	1.12		14	3.14		34	7.62		7	1.57		21	4.71		321	71.97		446	95.30		22	4.70		468	0.55		73	16.37		373	83.63
Keith	108	10.76		12	1.20		97	9.66		55	5.48		39	3.88		29	2.89		664	66.14		1004	95.26		50	4.74		1054	1.25		181	18.03		823	81.97
Keyneton	27	18.00		9	6.00		3	2.00		5	3.33		0	0.00		23	15.33		83	55.33		150	94.94		8	5.06		158	0.19		53	35.33		97	64.67
Kingscote	242	18.98		38	2.98		54	4.24		76	5.96		8	0.63		187	14.67		670	52.55		1275	94.37		76	5.63		1351	1.60		418	32.78		857	67.22
Kingston	231	17.87		24	1.86		58	4.49		124	9.59		27	2.09		31	2.40		798	61.72		1293	95.07		67	4.93		1360	1.61		310	23.98		983	76.02
Kongorong	36	14.01		5	1.95		5	1.95		30	11.67		4	1.56		13	5.06		164	63.81		257	94.83		14	5.17		271	0.32		57	22.18		200	77.82
Kybybolite	15	18.07		1	1.20		6	7.23		10	12.05		3	3.61		0	0.00		48	57.83		83	94.32		5	5.68		88	0.10		20	24.10		63	75.90
Lameroo	58	10.98		11	2.08		20	3.79		30	5.68		9	1.70		30	5.68		370	70.08		528	94.62		30	5.38		558	0.66		96	18.18		432	81.82
Lucindale	52	10.24		10	1.97		26	5.12		41	8.07		12	2.36		14	2.76		353	69.49		508	93.38		36	6.62		544	0.64		82	16.14		426	83.86
Mannum	543	30.90		44	2.50		19	1.08		159	9.05		23	1.31		147	8.37		822	46.78		1757	93.16		129	6.84		1886	2.23		713	40.58		1044	59.42
Meningie	107	13.34		34	4.24		18	2.24		66	8.23		9	1.12		20	2.49		548	68.33		802	93.15		59	6.85		861	1.02		168	20.95		634	79.05
Middleton	161	25.97		52	8.39		11	1.77		41	6.61		3	0.48		81	13.06		271	43.71		620	94.37		37	5.63		657	0.78		276	44.52		344	55.48
Milang	98	17.53		33	5.90		30	5.37		37	6.62		5	0.89		35	6.26		321	57.42		559	94.43		33	5.57		592	0.70		173	30.95		386	69.05
Mil Lel	23	12.30		5	2.67		9	4.81		21	11.23		2	1.07		4	2.14		123	65.78		187	93.03		14	6.97		201	0.24		33	17.65		154	82.35
Millicent	686	31.92		53	2.47		61	2.84		199	9.26		28	1.30		91	4.23		1031	47.98		2149	94.63		122	5.37		2271	2.69		870	40.48		1279	59.52
Millicent South	338	36.38		30	3.23		21	2.26		65	7.00		12	1.29		41	4.41		422	45.43		929	92.62		74	7.38		1003	1.19		431	46.39		498	53.61
Moorak	49	12.41		11	2.78		17	4.30		36	9.11		4	1.01		14	3.54		264	66.84		395	96.81		13	3.19		408	0.48		75	18.99		320	81.01
Mount Burr	113	38.05		10	3.37		13	4.38		24	8.08		4	1.35		15	5.05		118	39.73		297	93.69		20	6.31		317	0.37		145	48.82		152	51.18
Mount Compass	178	20.16		49	5.55		18	2.04		63	7.13		7	0.79		111	12.57		457	51.76		883	94.14		55	5.86		938	1.11		315	35.67		568	64.33
Mount Gambier	825	26.90		92	3.00		104	3.39		164	5.35		31	1.01		206	6.72		1645	53.64		3067	94.40		182	5.60		3249	3.84		1117	36.42		1950	63.58
Mount Gambier East	1130	39.35		101	3.52		78	2.72		271	9.44		36	1.25		144	5.01		1112	38.72		2872	93.55		198	6.45		3070	3.63		1455	50.66		1417	49.34
Mount Gambier North	665	34.37		62	3.20		50	2.58		188	9.72		25	1.29		120	6.20		825	42.64		1935	92.76		151	7.24		2086	2.47		902	46.61		1033	53.39
Mount Gambier Park	636	30.17		52	2.47		49	2.32		152	7.21		21	1.00		151	7.16		1047	49.67		2108	95.26		105	4.74		2213	2.62		875	41.51		1233	58.49
Mount Gambier West	935	30.89		73	2.41		83	2.74		250	8.26		30	0.99		193	6.38		1463	48.33		3027	93.51		210	6.49		3237	3.83		1253	41.39		1774	58.61
Mundulla	44	12.50		8	2.27		21	5.97		15	4.26		12	3.41		6	1.70		246	69.89		352	96.17		14	3.83		366	0.43		63	17.90		289	82.10
Murray Bridge	522	27.62		56	2.96		28	1.48		202	10.69		26	1.38		183	9.68		873	46.19		1890	92.97		143	7.03		2033	2.40		735	38.89		1155	61.11
Murray Bridge East	235	19.23		38	3.11		14	1.15		102	8.35		11	0.90		103	8.43		719	58.84		1222	93.64		83	6.36		1305	1.54		349	28.56		873	71.44
Murray Bridge South	856	31.61		80	2.95		45	1.66		202	7.46		25	0.92		242	8.94		1258	46.45		2708	92.58		217	7.42		2925	3.46		1166	43.06		1542	56.94
Murray Bridge West	532	24.79		37	1.72		23	1.07		175	8.15		25	1.16		146	6.80		1208	56.29		2146	93.55		148	6.45		2294	2.71		696	32.43		1450	67.57
Mypolonga	57	17.43		11	3.36		8	2.45		22	6.73		4	1.22		14	4.28		211	64.53		327	95.89		14	4.11		341	0.40		81	24.77		246	75.23
Myponga	67	17.63		14	3.68		9	2.37		21	5.53		4	1.05		35	9.21		230	60.53		380	93.83		25	6.17		405	0.48		107	28.16		273	71.84
Nangula	30	18.40		5	3.07		6	3.68		18	11.04		2	1.23		7	4.29		95	58.28		163	93.68		11	6.32		174	0.21		47	28.83		116	71.17
Nangwarry	146	46.65		11	3.51		8	2.56		40	12.78		2	0.64		15	4.79		91	29.07		313	94.28		19	5.72		332	0.39		201	64.22		112	35.78
Naracoorte	371	18.45		44	2.19		101	5.02		147	7.31		31	1.54		104	5.17		1213	60.32		2011	94.24		123	5.76		2134	2.52		542	26.95		1469	73.05
Naracoorte South	305	20.28		39	2.59		57	3.79		101	6.72		27	1.80		63	4.19		912	60.64		1504	94.59		86	5.41		1590	1.88		433	28.79		1071	71.21
Narrung	17	19.77		17	19.77		1	1.16		5	5.81		2	2.33		4	4.65		40	46.51		86	98.85		1	1.15		87	0.10		38	44.19		48	55.81
Nildottie	14	8.48		2	1.21		4	2.42		16	9.70		4	2.42		5	3.03		120	72.73		165	96.49		6	3.51		171	0.20		30	18.18		135	81.82
O B Flat	34	17.89		9	4.74		4	2.11		16	8.42		4	2.11		9	4.74		114	60.00		190	95.96		8	4.04		198	0.23		59	31.05		131	68.95
Padthaway	14	4.47		6	1.92		22	7.03		35	11.18		11	3.51		14	4.47		211	67.41		313	96.90		10	3.10		323	0.38		41	13.10		272	86.90
Parawa	9	8.82		3	2.94		5	4.90		3	2.94		0	0.00		4	3.92		78	76.47		102	95.33		5	4.67		107	0.13		14	13.73		88	86.27
Parilla	9	10.23		1	1.14		4	4.55		5	5.68		2	2.27		1	1.14		66	75.00		88	94.62		5	5.38		93	0.11		12	13.64		76	86.36
Parndana	32	8.02		10	2.51		29	7.27		29	7.27		4	1.00		56	14.04		239	59.90		399	95.00		21	5.00		420	0.50		80	20.05		319	79.95
Peake	14	8.64		1	0.62		4	2.47		11	6.79		8	4.94		6	3.70		118	72.84		162	98.78		2	1.22		164	0.19		22	13.58		140	86.42
Penneshaw	39	13.18		14	4.73		11	3.72		14	4.73		3	1.01		64	21.62		151	51.01		296	93.67		20	6.33		316	0.37		100	33.78		196	66.22
Penola	233	20.23		43	3.73		41	3.56		59	5.12		20	1.74		57	4.95		699	60.68		1152	94.97		61	5.03		1213	1.43		341	29.60		811	70.40
Pinnaroo	56	13.11		4	0.94		24	5.62		47	11.01		10	2.34		45	10.54		241	56.44		427	92.03		37	7.97		464	0.55		110	25.76		317	74.24
Ponde	22	17.32		7	5.51		1	0.79		10	7.87		2	1.57		11	8.66		74	58.27		127	96.95		4	3.05		131	0.15		37	29.13		90	70.87
Port Elliot	262	25.29		80	7.72		21	2.03		55	5.31		7	0.68		97	9.36		514	49.61		1036	93.25		75	6.75		1111	1.31		409	39.48		627	60.52
Port MacDonnell	163	25.08		15	2.31		20	3.08		96	14.77		8	1.23		21	3.23		327	50.31		650	92.33		54	7.67		704	0.83		215	33.08		435	66.92
Purnong	18	13.43		2	1.49		2	1.49		6	4.48		1	0.75		7	5.22		98	73.13		134	95.04		7	4.96		141	0.17		26	19.40		108	80.60
Rendelsham	33	22.60		4	2.74		6	4.11		9	6.16		3	2.05		5	3.42		86	58.90		146	95.42		7	4.58		153	0.18		48	32.88		98	67.12
Robe	118	14.90		26	3.28		32	4.04		54	6.82		6	0.76		25	3.16		531	67.05		792	94.85		43	5.15		835	0.99		171	21.59		621	78.41
Salt Creek	9	16.36		3	5.45		4	7.27		7	12.73		2	3.64		4	7.27		26	47.27		55	93.22		4	6.78		59	0.07		18	32.73		37	67.27
Second Valley	28	29.47		5	5.26		0	0.00		4	4.21		1	1.05		14	14.74		43	45.26		95	94.06		6	5.94		101	0.12		43	45.26		52	54.74
Sedan	22	14.01		9	5.73		3	1.91		11	7.01		0	0.00		8	5.10		104	66.24		157	95.15		8	4.85		165	0.20		40	25.48		117	74.52
Southend	18	10.78		3	1.80		4	2.40		23	13.77		1	0.60		4	2.40		114	68.26		167	93.82		11	6.18		178	0.21		31	18.56		136	81.44
Suttontown	175	23.84		15	2.04		22	3.00		75	10.22		7	0.95		29	3.95		411	55.99		734	93.62		50	6.38		784	0.93		240	32.70		494	67.30
Swan Reach	63	26.58		6	2.53		8	3.38		14	5.91		1	0.42		13	5.49		132	55.70		237	95.56		11	4.44		248	0.29		89	37.55		148	62.45
Tailem Bend	385	31.92		38	3.15		31	2.57		141	11.69		17	1.41		87	7.21		507	42.04		1206	94.66		68	5.34		1274	1.51		524	43.45		682	56.55
Tantanoola	66	24.35		11	4.06		12	4.43		20	7.38		3	1.11		8	2.95		151	55.72		271	93.13		20	6.87		291	0.34		89	32.84		182	67.16
Tarpeena	129	38.39		11	3.27		16	4.76		41	12.20		5	1.49		9	2.68		125	37.20		336	93.07		25	6.93		361	0.43		176	52.38		160	47.62			
Tintinara	25	5.85		3	0.70		31	7.26		23	5.39		6	1.41		6	1.41		333	77.99		427	94.89		23	5.11		450	0.53		41	9.60		386	90.40			
Victor Harbor	783	24.17		106	3.27		59	1.82		170	5.25		43	1.33		306	9.44		1773	54.72		3240	93.75		216	6.25		3456	4.09		1138	35.12		2102	64.88			
Victor Harbor East	260	22.15		28	2.39		20	1.70		53	4.51		13	1.11		87	7.41		713	60.73		1174	96.07		48	3.93		1222	1.45		367	31.26		807	68.74			
Victor Harbor South	437	24.35		80	4.46		22	1.23		96	5.35		21	1.17		138	7.69		1001	55.77		1795	95.28		89	4.72		1884	2.23		642	35.77		1153	64.23			
Walker Flat	23	17.16		5	3.73		4	2.99		10	7.46		1	0.75		8	5.97		83	61.94		134	93.71		9	6.29		143	0.17		38	28.36		96	71.64			
Wanbi	10	15.15		0	0.00		0	0.00		2	3.03		4	6.06		5	7.58		45	68.18		66	91.67		6	8.33		72	0.09		15	22.73		51	77.27			
Wellington West	34	19.10		2	1.12		8	4.49		13	7.30		1	0.56		18	10.11		102	57.30		178	97.27		5	2.73		183	0.22		54	30.34		124	69.66			
Western Flat	7	7.61		2	2.17		9	9.78		5	5.43		5	5.43		1	1.09		63	68.48		92	93.88		6	6.12		98	0.12		13	14.13		79	85.87			
Willalooka	12	7.55		3	1.89		16	10.06		4	2.52		9	5.66		1	0.63		114	71.70		159	96.36		6	3.64		165	0.20		22	13.84		137	86.16			
Wolseley	32	23.88		1	0.75		22	16.42		10	7.46		3	2.24		5	3.73		61	45.52		134	96.40		5	3.60		139	0.16		47	35.07		87	64.93			
Woods Point	22	15.28		1	0.69		4	2.78		11	7.64		2	1.39		9	6.25		95	65.97		144	96.00		6	4.00		150	0.18		34	23.61		110	76.39			
Yahl	70	24.56		7	2.46		15	5.26		24	8.42		9	3.16		12	4.21		148	51.93		285	92.53		23	7.47		308	0.36		95	33.33		190	66.67			
Yankalilla	343	25.00		79	5.76		31	2.26		88	6.41		11	0.80		140	10.20		680	49.56		1372	95.21		69	4.79		1441	1.70		538	39.21		834	60.79			
Special Hospitals	172	33.01		7	1.34		9	1.73		14	2.69		6	1.15		13	2.50		300	57.58		521	95.77		23	4.23		544	0.64		201	38.58		320	61.42			
Total Ordinary	16653	24.00		2207	3.18		2171	3.13		5236	7.55		995	1.43		4645	6.69		37482	54.02		69389	94.21		4261	5.79		73650	87.10		23842	34.36		45547	65.64			
ABSENT	847	21.21		198	4.96		128	3.20		219	5.48		51	1.28		427	10.69		2124	53.18		3994	95.14		204	4.86		4198	4.96		1394	34.90		2600	65.10			
POSTAL	533	17.33		66	2.15		121	3.93		203	6.60		61	1.98		172	5.59		1919	62.41		3075	98.62		43	1.38		3118	3.69		802	26.08		2273	73.92			
PRE_POLL	719	26.18		114	4.15		92	3.35		186	6.77		44	1.60		203	7.39		1388	50.55		2746	96.93		87	3.07		2833	3.35		1055	38.42		1691	61.58			
PROVISIONAL	216	30.73		44	6.26		26	3.70		56	7.97		16	2.28		57	8.11		288	40.97		703	92.38		58	7.62		761	0.90		323	45.95		380	54.05			
Division Summary	18968	23.74		2629	3.29		2538	3.18		5900	7.38		1167	1.46		5504	6.89		43201	54.06		79907	94.50		4653	5.50		84560	96.27		27416	34.31		52491	65.69			
																																						
																																						
																																						
																																						
																																						
