	House of Representatives - 2001 Election: South Australia																											
	Distribution of Preferences																											
	By Polling Place																											
																												
Boothby																												
				MURPHY			STARLING			PRIDE			MANFIELD			DRUMMOND			PIECHNICK			KING			SOUTHCOTT			
				Jim			Paul			Jo			William			Michelle			Daniel			Jack			Andrew			
				ALP			IND			DEM						GRN			HAN			IND			LP			
	Count			Votes	%		Votes	%		Votes	%		Votes	%		Votes	%		Votes	%		Votes	%		Votes	%		Total
Aberfoyle Park North (Boothby)                                 																												
	FIRST			113	20.85		5	0.92		119	21.96		0	0.00		11	2.03		17	3.14		2	0.37		275	50.74		542
	SECOND			0	0.00		0	0.00		0	0.00			Excluded		0	0.00		0	0.00		0	0.00		0	0.00		0
		TOTAL		113	20.85		5	0.92		119	21.96					11	2.03		17	3.14		2	0.37		275	50.74		542
	THIRD			1	50.00		0	0.00		0	0.00					0	0.00		1	50.00			Excluded		0	0.00		2
		TOTAL		114	21.03		5	0.92		119	21.96					11	2.03		18	3.32					275	50.74		542
	FOURTH			1	20.00			Excluded		3	60.00					0	0.00		0	0.00					1	20.00		5
		TOTAL		115	21.22					122	22.51					11	2.03		18	3.32					276	50.92		542
	FIFTH			4	22.22					4	22.22					2	11.11			Excluded					8	44.44		18
		TOTAL		119	21.96					126	23.25					13	2.40								284	52.40		542
	SIXTH			2	15.38					11	84.62						Excluded								0	0.00		13
		TOTAL		121	22.32					137	25.28														284	52.40		542
	SEVENTH			85	62.04						Excluded														52	37.96		137
		TOTAL		206	38.01																				336	61.99		542
																									Elected			
																												
Adelaide (Boothby)                                             																												
	FIRST			30	26.32		0	0.00		33	28.95		0	0.00		6	5.26		1	0.88		0	0.00		44	38.60		114
	SECOND			0	0.00		0	0.00		0	0.00			Excluded		0	0.00		0	0.00		0	0.00		0	0.00		0
		TOTAL		30	26.32		0	0.00		33	28.95					6	5.26		1	0.88		0	0.00		44	38.60		114
	THIRD			0	0.00		0	0.00		0	0.00					0	0.00		0	0.00			Excluded		0	0.00		0
		TOTAL		30	26.32		0	0.00		33	28.95					6	5.26		1	0.88					44	38.60		114
	FOURTH			0	0.00			Excluded		0	0.00					0	0.00		0	0.00					0	0.00		0
		TOTAL		30	26.32					33	28.95					6	5.26		1	0.88					44	38.60		114
	FIFTH			1	100.00					0	0.00					0	0.00			Excluded					0	0.00		1
		TOTAL		31	27.19					33	28.95					6	5.26								44	38.60		114
	SIXTH			1	16.67					4	66.67						Excluded								1	16.67		6
		TOTAL		32	28.07					37	32.46														45	39.47		114
	SEVENTH			20	54.05						Excluded														17	45.95		37
		TOTAL		52	45.61																				62	54.39		114
																									Elected			
																												
Bedford Park                                                   																												
	FIRST			194	27.36		4	0.56		169	23.84		3	0.42		28	3.95		19	2.68		5	0.71		287	40.48		709
	SECOND			1	33.33		0	0.00		1	33.33			Excluded		1	33.33		0	0.00		0	0.00		0	0.00		3
		TOTAL		195	27.50		4	0.56		170	23.98					29	4.09		19	2.68		5	0.71		287	40.48		709
	THIRD			0	0.00		2	40.00		2	40.00					0	0.00		0	0.00			Excluded		1	20.00		5
		TOTAL		195	27.50		6	0.85		172	24.26					29	4.09		19	2.68					288	40.62		709
	FOURTH			0	0.00			Excluded		2	33.33					2	33.33		1	16.67					1	16.67		6
		TOTAL		195	27.50					174	24.54					31	4.37		20	2.82					289	40.76		709
	FIFTH			4	20.00					3	15.00					5	25.00			Excluded					8	40.00		20
		TOTAL		199	28.07					177	24.96					36	5.08								297	41.89		709
	SIXTH			7	19.44					24	66.67						Excluded								5	13.89		36
		TOTAL		206	29.06					201	28.35														302	42.60		709
	SEVENTH			133	66.17						Excluded														68	33.83		201
		TOTAL		339	47.81																				370	52.19		709
																									Elected			
																												
Belair                                                         																												
	FIRST			796	20.06		15	0.38		1031	25.98		3	0.08		172	4.33		73	1.84		39	0.98		1840	46.36		3969
	SECOND			0	0.00		1	33.33		1	33.33			Excluded		0	0.00		0	0.00		0	0.00		1	33.33		3
		TOTAL		796	20.06		16	0.40		1032	26.00					172	4.33		73	1.84		39	0.98		1841	46.38		3969
	THIRD			3	7.69		6	15.38		9	23.08					4	10.26		5	12.82			Excluded		12	30.77		39
		TOTAL		799	20.13		22	0.55		1041	26.23					176	4.43		78	1.97					1853	46.69		3969
	FOURTH			6	27.27			Excluded		6	27.27					5	22.73		0	0.00					5	22.73		22
		TOTAL		805	20.28					1047	26.38					181	4.56		78	1.97					1858	46.81		3969
	FIFTH			30	38.46					8	10.26					13	16.67			Excluded					27	34.62		78
		TOTAL		835	21.04					1055	26.58					194	4.89								1885	47.49		3969
	SIXTH			44	22.68					121	62.37						Excluded								29	14.95		194
		TOTAL		879	22.15					1176	29.63														1914	48.22		3969
	SEVENTH			813	69.13						Excluded														363	30.87		1176
		TOTAL		1692	42.63																				2277	57.37		3969
																									Elected			
																												
Bellevue Heights                                               																												
	FIRST			402	21.36		13	0.69		392	20.83		2	0.11		48	2.55		41	2.18		4	0.21		980	52.07		1882
	SECOND			0	0.00		0	0.00		1	50.00			Excluded		1	50.00		0	0.00		0	0.00		0	0.00		2
		TOTAL		402	21.36		13	0.69		393	20.88					49	2.60		41	2.18		4	0.21		980	52.07		1882
	THIRD			0	0.00		0	0.00		1	25.00					1	25.00		2	50.00			Excluded		0	0.00		4
		TOTAL		402	21.36		13	0.69		394	20.94					50	2.66		43	2.28					980	52.07		1882
	FOURTH			0	0.00			Excluded		6	46.15					2	15.38		1	7.69					4	30.77		13
		TOTAL		402	21.36					400	21.25					52	2.76		44	2.34					984	52.28		1882
	FIFTH			12	27.27					4	9.09					9	20.45			Excluded					19	43.18		44
		TOTAL		414	22.00					404	21.47					61	3.24								1003	53.29		1882
	SIXTH			11	18.03					40	65.57						Excluded								10	16.39		61
		TOTAL		425	22.58					444	23.59														1013	53.83		1882
	SEVENTH			300	67.57						Excluded														144	32.43		444
		TOTAL		725	38.52																				1157	61.48		1882
																									Elected			
																												
Blackwood                                                      																												
	FIRST			415	17.95		10	0.43		555	24.01		10	0.43		110	4.76		45	1.95		20	0.87		1147	49.61		2312
	SECOND			1	10.00		2	20.00		4	40.00			Excluded		0	0.00		1	10.00		2	20.00		0	0.00		10
		TOTAL		416	17.99		12	0.52		559	24.18					110	4.76		46	1.99		22	0.95		1147	49.61		2312
	THIRD			2	9.09		4	18.18		0	0.00					5	22.73		5	22.73			Excluded		6	27.27		22
		TOTAL		418	18.08		16	0.69		559	24.18					115	4.97		51	2.21					1153	49.87		2312
	FOURTH			3	18.75			Excluded		4	25.00					6	37.50		2	12.50					1	6.25		16
		TOTAL		421	18.21					563	24.35					121	5.23		53	2.29					1154	49.91		2312
	FIFTH			14	26.42					6	11.32					13	24.53			Excluded					20	37.74		53
		TOTAL		435	18.81					569	24.61					134	5.80								1174	50.78		2312
	SIXTH			24	17.91					91	67.91						Excluded								19	14.18		134
		TOTAL		459	19.85					660	28.55														1193	51.60		2312
	SEVENTH			476	72.12						Excluded														184	27.88		660
		TOTAL		935	40.44																				1377	59.56		2312
																									Elected			
																												
Blackwood Central                                              																												
	FIRST			265	19.60		4	0.30		351	25.96		4	0.30		70	5.18		12	0.89		8	0.59		638	47.19		1352
	SECOND			0	0.00		1	25.00		1	25.00			Excluded		1	25.00		0	0.00		1	25.00		0	0.00		4
		TOTAL		265	19.60		5	0.37		352	26.04					71	5.25		12	0.89		9	0.67		638	47.19		1352
	THIRD			1	11.11		1	11.11		4	44.44					0	0.00		1	11.11			Excluded		2	22.22		9
		TOTAL		266	19.67		6	0.44		356	26.33					71	5.25		13	0.96					640	47.34		1352
	FOURTH			1	16.67			Excluded		1	16.67					1	16.67		1	16.67					2	33.33		6
		TOTAL		267	19.75					357	26.41					72	5.33		14	1.04					642	47.49		1352
	FIFTH			6	42.86					2	14.29					3	21.43			Excluded					3	21.43		14
		TOTAL		273	20.19					359	26.55					75	5.55								645	47.71		1352
	SIXTH			13	17.33					55	73.33						Excluded								7	9.33		75
		TOTAL		286	21.15					414	30.62														652	48.22		1352
	SEVENTH			300	72.46						Excluded														114	27.54		414
		TOTAL		586	43.34																				766	56.66		1352
																									Elected			
																												
Brighton                                                       																												
	FIRST			773	23.64		12	0.37		498	15.23		8	0.24		115	3.52		89	2.72		15	0.46		1760	53.82		3270
	SECOND			1	12.50		1	12.50		1	12.50			Excluded		1	12.50		1	12.50		3	37.50		0	0.00		8
		TOTAL		774	23.67		13	0.40		499	15.26					116	3.55		90	2.75		18	0.55		1760	53.82		3270
	THIRD			1	5.56		5	27.78		2	11.11					4	22.22		3	16.67			Excluded		3	16.67		18
		TOTAL		775	23.70		18	0.55		501	15.32					120	3.67		93	2.84					1763	53.91		3270
	FOURTH			3	16.67			Excluded		1	5.56					9	50.00		3	16.67					2	11.11		18
		TOTAL		778	23.79					502	15.35					129	3.94		96	2.94					1765	53.98		3270
	FIFTH			49	51.04					10	10.42					9	9.38			Excluded					28	29.17		96
		TOTAL		827	25.29					512	15.66					138	4.22								1793	54.83		3270
	SIXTH			26	18.84					97	70.29						Excluded								15	10.87		138
		TOTAL		853	26.09					609	18.62														1808	55.29		3270
	SEVENTH			395	64.86						Excluded														214	35.14		609
		TOTAL		1248	38.17																				2022	61.83		3270
																									Elected			
																												
Brighton South                                                 																												
	FIRST			271	26.54		1	0.10		146	14.30		1	0.10		37	3.62		30	2.94		2	0.20		533	52.20		1021
	SECOND			0	0.00		0	0.00		1	100.00			Excluded		0	0.00		0	0.00		0	0.00		0	0.00		1
		TOTAL		271	26.54		1	0.10		147	14.40					37	3.62		30	2.94		2	0.20		533	52.20		1021
	THIRD			0	0.00		0	0.00		0	0.00					1	50.00		0	0.00			Excluded		1	50.00		2
		TOTAL		271	26.54		1	0.10		147	14.40					38	3.72		30	2.94					534	52.30		1021
	FOURTH			1	100.00			Excluded		0	0.00					0	0.00		0	0.00					0	0.00		1
		TOTAL		272	26.64					147	14.40					38	3.72		30	2.94					534	52.30		1021
	FIFTH			6	20.00					4	13.33					4	13.33			Excluded					16	53.33		30
		TOTAL		278	27.23					151	14.79					42	4.11								550	53.87		1021
	SIXTH			8	19.05					27	64.29						Excluded								7	16.67		42
		TOTAL		286	28.01					178	17.43														557	54.55		1021
	SEVENTH			124	69.66						Excluded														54	30.34		178
		TOTAL		410	40.16																				611	59.84		1021
																									Elected			
																												
Clapham                                                        																												
	FIRST			350	17.93		12	0.61		442	22.64		5	0.26		74	3.79		35	1.79		4	0.20		1030	52.77		1952
	SECOND			0	0.00		0	0.00		3	60.00			Excluded		0	0.00		0	0.00		0	0.00		2	40.00		5
		TOTAL		350	17.93		12	0.61		445	22.80					74	3.79		35	1.79		4	0.20		1032	52.87		1952
	THIRD			1	25.00		2	50.00		0	0.00					0	0.00		0	0.00			Excluded		1	25.00		4
		TOTAL		351	17.98		14	0.72		445	22.80					74	3.79		35	1.79					1033	52.92		1952
	FOURTH			0	0.00			Excluded		3	21.43					4	28.57		2	14.29					5	35.71		14
		TOTAL		351	17.98					448	22.95					78	4.00		37	1.90					1038	53.18		1952
	FIFTH			8	21.62					0	0.00					9	24.32			Excluded					20	54.05		37
		TOTAL		359	18.39					448	22.95					87	4.46								1058	54.20		1952
	SIXTH			16	18.39					59	67.82						Excluded								12	13.79		87
		TOTAL		375	19.21					507	25.97														1070	54.82		1952
	SEVENTH			353	69.63						Excluded														154	30.37		507
		TOTAL		728	37.30																				1224	62.70		1952
																									Elected			
																												
Clarence Gardens                                               																												
	FIRST			239	28.55		5	0.60		164	19.59		0	0.00		26	3.11		13	1.55		5	0.60		385	46.00		837
	SECOND			0	0.00		0	0.00		0	0.00			Excluded		0	0.00		0	0.00		0	0.00		0	0.00		0
		TOTAL		239	28.55		5	0.60		164	19.59					26	3.11		13	1.55		5	0.60		385	46.00		837
	THIRD			0	0.00		1	20.00		1	20.00					1	20.00		1	20.00			Excluded		1	20.00		5
		TOTAL		239	28.55		6	0.72		165	19.71					27	3.23		14	1.67					386	46.12		837
	FOURTH			0	0.00			Excluded		1	16.67					4	66.67		1	16.67					0	0.00		6
		TOTAL		239	28.55					166	19.83					31	3.70		15	1.79					386	46.12		837
	FIFTH			2	13.33					2	13.33					3	20.00			Excluded					8	53.33		15
		TOTAL		241	28.79					168	20.07					34	4.06								394	47.07		837
	SIXTH			7	20.59					21	61.76						Excluded								6	17.65		34
		TOTAL		248	29.63					189	22.58														400	47.79		837
	SEVENTH			106	56.08						Excluded														83	43.92		189
		TOTAL		354	42.29																				483	57.71		837
																									Elected			
																												
Colonel Light Gardens                                          																												
	FIRST			465	25.58		10	0.55		436	23.98		0	0.00		39	2.15		42	2.31		8	0.44		818	44.99		1818
	SECOND			0	0.00		0	0.00		0	0.00			Excluded		0	0.00		0	0.00		0	0.00		0	0.00		0
		TOTAL		465	25.58		10	0.55		436	23.98					39	2.15		42	2.31		8	0.44		818	44.99		1818
	THIRD			2	25.00		1	12.50		1	12.50					1	12.50		0	0.00			Excluded		3	37.50		8
		TOTAL		467	25.69		11	0.61		437	24.04					40	2.20		42	2.31					821	45.16		1818
	FOURTH			4	36.36			Excluded		2	18.18					3	27.27		1	9.09					1	9.09		11
		TOTAL		471	25.91					439	24.15					43	2.37		43	2.37					822	45.21		1818
	FIFTH			20	46.51					3	6.98					3	6.98			Excluded					17	39.53		43
		TOTAL		491	27.01					442	24.31					46	2.53								839	46.15		1818
	SIXTH			13	28.26					26	56.52						Excluded								7	15.22		46
		TOTAL		504	27.72					468	25.74														846	46.53		1818
	SEVENTH			305	65.17						Excluded														163	34.83		468
		TOTAL		809	44.50																				1009	55.50		1818
																									Elected			
																												
Coromandel Valley (Boothby)                                    																												
	FIRST			118	18.82		8	1.28		192	30.62		0	0.00		17	2.71		8	1.28		4	0.64		280	44.66		627
	SECOND			0	0.00		0	0.00		0	0.00			Excluded		0	0.00		0	0.00		0	0.00		0	0.00		0
		TOTAL		118	18.82		8	1.28		192	30.62					17	2.71		8	1.28		4	0.64		280	44.66		627
	THIRD			0	0.00		1	25.00		0	0.00					0	0.00		2	50.00			Excluded		1	25.00		4
		TOTAL		118	18.82		9	1.44		192	30.62					17	2.71		10	1.59					281	44.82		627
	FOURTH			1	11.11			Excluded		3	33.33					2	22.22		1	11.11					2	22.22		9
		TOTAL		119	18.98					195	31.10					19	3.03		11	1.75					283	45.14		627
	FIFTH			2	18.18					3	27.27					3	27.27			Excluded					3	27.27		11
		TOTAL		121	19.30					198	31.58					22	3.51								286	45.61		627
	SIXTH			5	22.73					15	68.18						Excluded								2	9.09		22
		TOTAL		126	20.10					213	33.97														288	45.93		627
	SEVENTH			150	70.42						Excluded														63	29.58		213
		TOTAL		276	44.02																				351	55.98		627
																									Elected			
																												
Darlington                                                     																												
	FIRST			612	33.32		6	0.33		296	16.11		2	0.11		38	2.07		74	4.03		16	0.87		793	43.17		1837
	SECOND			0	0.00		0	0.00		1	50.00			Excluded		0	0.00		1	50.00		0	0.00		0	0.00		2
		TOTAL		612	33.32		6	0.33		297	16.17					38	2.07		75	4.08		16	0.87		793	43.17		1837
	THIRD			2	12.50		5	31.25		0	0.00					3	18.75		3	18.75			Excluded		3	18.75		16
		TOTAL		614	33.42		11	0.60		297	16.17					41	2.23		78	4.25					796	43.33		1837
	FOURTH			1	9.09			Excluded		3	27.27					4	36.36		1	9.09					2	18.18		11
		TOTAL		615	33.48					300	16.33					45	2.45		79	4.30					798	43.44		1837
	FIFTH			39	49.37					7	8.86					10	12.66			Excluded					23	29.11		79
		TOTAL		654	35.60					307	16.71					55	2.99								821	44.69		1837
	SIXTH			12	21.82					37	67.27						Excluded								6	10.91		55
		TOTAL		666	36.25					344	18.73														827	45.02		1837
	SEVENTH			216	62.79						Excluded														128	37.21		344
		TOTAL		882	48.01																				955	51.99		1837
																									Elected			
																												
Daw Park                                                       																												
	FIRST			524	29.47		8	0.45		368	20.70		3	0.17		46	2.59		48	2.70		9	0.51		772	43.42		1778
	SECOND			0	0.00		0	0.00		3	100.00			Excluded		0	0.00		0	0.00		0	0.00		0	0.00		3
		TOTAL		524	29.47		8	0.45		371	20.87					46	2.59		48	2.70		9	0.51		772	43.42		1778
	THIRD			0	0.00		3	33.33		0	0.00					1	11.11		4	44.44			Excluded		1	11.11		9
		TOTAL		524	29.47		11	0.62		371	20.87					47	2.64		52	2.92					773	43.48		1778
	FOURTH			3	27.27			Excluded		2	18.18					4	36.36		0	0.00					2	18.18		11
		TOTAL		527	29.64					373	20.98					51	2.87		52	2.92					775	43.59		1778
	FIFTH			21	40.38					8	15.38					6	11.54			Excluded					17	32.69		52
		TOTAL		548	30.82					381	21.43					57	3.21								792	44.54		1778
	SIXTH			14	24.56					40	70.18						Excluded								3	5.26		57
		TOTAL		562	31.61					421	23.68														795	44.71		1778
	SEVENTH			274	65.08						Excluded														147	34.92		421
		TOTAL		836	47.02																				942	52.98		1778
																									Elected			
																												
Dover Gardens                                                  																												
	FIRST			595	33.54		11	0.62		354	19.95		3	0.17		57	3.21		76	4.28		9	0.51		669	37.71		1774
	SECOND			0	0.00		0	0.00		2	66.67			Excluded		0	0.00		0	0.00		0	0.00		1	33.33		3
		TOTAL		595	33.54		11	0.62		356	20.07					57	3.21		76	4.28		9	0.51		670	37.77		1774
	THIRD			1	11.11		3	33.33		1	11.11					1	11.11		1	11.11			Excluded		2	22.22		9
		TOTAL		596	33.60		14	0.79		357	20.12					58	3.27		77	4.34					672	37.88		1774
	FOURTH			3	21.43			Excluded		0	0.00					3	21.43		1	7.14					7	50.00		14
		TOTAL		599	33.77					357	20.12					61	3.44		78	4.40					679	38.28		1774
	FIFTH			44	56.41					10	12.82					4	5.13			Excluded					20	25.64		78
		TOTAL		643	36.25					367	20.69					65	3.66								699	39.40		1774
	SIXTH			15	23.08					35	53.85						Excluded								15	23.08		65
		TOTAL		658	37.09					402	22.66														714	40.25		1774
	SEVENTH			273	67.91						Excluded														129	32.09		402
		TOTAL		931	52.48																				843	47.52		1774
																									Elected			
																												
Eden Hills                                                     																												
	FIRST			304	22.98		9	0.68		370	27.97		0	0.00		57	4.31		30	2.27		15	1.13		538	40.67		1323
	SECOND			0	0.00		0	0.00		0	0.00			Excluded		0	0.00		0	0.00		0	0.00		0	0.00		0
		TOTAL		304	22.98		9	0.68		370	27.97					57	4.31		30	2.27		15	1.13		538	40.67		1323
	THIRD			4	26.67		2	13.33		2	13.33					1	6.67		3	20.00			Excluded		3	20.00		15
		TOTAL		308	23.28		11	0.83		372	28.12					58	4.38		33	2.49					541	40.89		1323
	FOURTH			1	9.09			Excluded		4	36.36					2	18.18		0	0.00					4	36.36		11
		TOTAL		309	23.36					376	28.42					60	4.54		33	2.49					545	41.19		1323
	FIFTH			9	27.27					5	15.15					7	21.21			Excluded					12	36.36		33
		TOTAL		318	24.04					381	28.80					67	5.06								557	42.10		1323
	SIXTH			20	29.85					38	56.72						Excluded								9	13.43		67
		TOTAL		338	25.55					419	31.67														566	42.78		1323
	SEVENTH			231	55.13						Excluded														188	44.87		419
		TOTAL		569	43.01																				754	56.99		1323
																									Elected			
																												
Flagstaff Hill (Boothby)                                       																												
	FIRST			910	23.16		23	0.59		752	19.13		13	0.33		73	1.86		74	1.88		20	0.51		2065	52.54		3930
	SECOND			2	15.38		2	15.38		1	7.69			Excluded		3	23.08		4	30.77		1	7.69		0	0.00		13
		TOTAL		912	23.21		25	0.64		753	19.16					76	1.93		78	1.98		21	0.53		2065	52.54		3930
	THIRD			7	33.33		3	14.29		4	19.05					1	4.76		3	14.29			Excluded		3	14.29		21
		TOTAL		919	23.38		28	0.71		757	19.26					77	1.96		81	2.06					2068	52.62		3930
	FOURTH			7	25.00			Excluded		7	25.00					7	25.00		2	7.14					5	17.86		28
		TOTAL		926	23.56					764	19.44					84	2.14		83	2.11					2073	52.75		3930
	FIFTH			35	42.17					7	8.43					13	15.66			Excluded					28	33.73		83
		TOTAL		961	24.45					771	19.62					97	2.47								2101	53.46		3930
	SIXTH			23	23.71					60	61.86						Excluded								14	14.43		97
		TOTAL		984	25.04					831	21.15														2115	53.82		3930
	SEVENTH			499	60.05						Excluded														332	39.95		831
		TOTAL		1483	37.74																				2447	62.26		3930
																									Elected			
																												
Flagstaff Hill East                                            																												
	FIRST			134	17.40		6	0.78		188	24.42		4	0.52		15	1.95		12	1.56		10	1.30		401	52.08		770
	SECOND			0	0.00		0	0.00		1	25.00			Excluded		1	25.00		0	0.00		0	0.00		2	50.00		4
		TOTAL		134	17.40		6	0.78		189	24.55					16	2.08		12	1.56		10	1.30		403	52.34		770
	THIRD			2	20.00		2	20.00		2	20.00					2	20.00		0	0.00			Excluded		2	20.00		10
		TOTAL		136	17.66		8	1.04		191	24.81					18	2.34		12	1.56					405	52.60		770
	FOURTH			0	0.00			Excluded		1	12.50					3	37.50		0	0.00					4	50.00		8
		TOTAL		136	17.66					192	24.94					21	2.73		12	1.56					409	53.12		770
	FIFTH			3	25.00					2	16.67					1	8.33			Excluded					6	50.00		12
		TOTAL		139	18.05					194	25.19					22	2.86								415	53.90		770
	SIXTH			6	27.27					15	68.18						Excluded								1	4.55		22
		TOTAL		145	18.83					209	27.14														416	54.03		770
	SEVENTH			121	57.89						Excluded														88	42.11		209
		TOTAL		266	34.55																				504	65.45		770
																									Elected			
																												
Hawthorn                                                       																												
	FIRST			116	17.98		4	0.62		142	22.02		0	0.00		24	3.72		6	0.93		4	0.62		349	54.11		645
	SECOND			0	0.00		0	0.00		0	0.00			Excluded		0	0.00		0	0.00		0	0.00		0	0.00		0
		TOTAL		116	17.98		4	0.62		142	22.02					24	3.72		6	0.93		4	0.62		349	54.11		645
	THIRD			0	0.00		1	25.00		1	25.00					0	0.00		1	25.00			Excluded		1	25.00		4
		TOTAL		116	17.98		5	0.78		143	22.17					24	3.72		7	1.09					350	54.26		645
	FOURTH			0	0.00			Excluded		2	40.00					2	40.00		0	0.00					1	20.00		5
		TOTAL		116	17.98					145	22.48					26	4.03		7	1.09					351	54.42		645
	FIFTH			3	42.86					1	14.29					1	14.29			Excluded					2	28.57		7
		TOTAL		119	18.45					146	22.64					27	4.19								353	54.73		645
	SIXTH			5	18.52					18	66.67						Excluded								4	14.81		27
		TOTAL		124	19.22					164	25.43														357	55.35		645
	SEVENTH			107	65.24						Excluded														57	34.76		164
		TOTAL		231	35.81																				414	64.19		645
																									Elected			
																												
Hawthorn West                                                  																												
	FIRST			282	19.89		7	0.49		282	19.89		2	0.14		42	2.96		20	1.41		6	0.42		777	54.80		1418
	SECOND			0	0.00		0	0.00		0	0.00			Excluded		0	0.00		0	0.00		1	50.00		1	50.00		2
		TOTAL		282	19.89		7	0.49		282	19.89					42	2.96		20	1.41		7	0.49		778	54.87		1418
	THIRD			0	0.00		4	57.14		0	0.00					0	0.00		1	14.29			Excluded		2	28.57		7
		TOTAL		282	19.89		11	0.78		282	19.89					42	2.96		21	1.48					780	55.01		1418
	FOURTH			1	9.09			Excluded		6	54.55					2	18.18		1	9.09					1	9.09		11
		TOTAL		283	19.96					288	20.31					44	3.10		22	1.55					781	55.08		1418
	FIFTH			6	27.27					3	13.64					1	4.55			Excluded					12	54.55		22
		TOTAL		289	20.38					291	20.52					45	3.17								793	55.92		1418
	SIXTH			11	24.44					29	64.44						Excluded								5	11.11		45
		TOTAL		300	21.16					320	22.57														798	56.28		1418
	SEVENTH			207	64.69						Excluded														113	35.31		320
		TOTAL		507	35.75																				911	64.25		1418
																									Elected			
																												
Hawthorndene                                                   																												
	FIRST			313	19.50		8	0.50		444	27.66		1	0.06		60	3.74		42	2.62		12	0.75		725	45.17		1605
	SECOND			0	0.00		0	0.00		1	100.00			Excluded		0	0.00		0	0.00		0	0.00		0	0.00		1
		TOTAL		313	19.50		8	0.50		445	27.73					60	3.74		42	2.62		12	0.75		725	45.17		1605
	THIRD			0	0.00		3	25.00		3	25.00					0	0.00		4	33.33			Excluded		2	16.67		12
		TOTAL		313	19.50		11	0.69		448	27.91					60	3.74		46	2.87					727	45.30		1605
	FOURTH			2	18.18			Excluded		2	18.18					5	45.45		0	0.00					2	18.18		11
		TOTAL		315	19.63					450	28.04					65	4.05		46	2.87					729	45.42		1605
	FIFTH			15	32.61					3	6.52					8	17.39			Excluded					20	43.48		46
		TOTAL		330	20.56					453	28.22					73	4.55								749	46.67		1605
	SIXTH			14	19.18					49	67.12						Excluded								10	13.70		73
		TOTAL		344	21.43					502	31.28														759	47.29		1605
	SEVENTH			356	70.92						Excluded														146	29.08		502
		TOTAL		700	43.61																				905	56.39		1605
																									Elected			
																												
Kingswood                                                      																												
	FIRST			325	22.55		1	0.07		320	22.21		0	0.00		47	3.26		20	1.39		8	0.56		720	49.97		1441
	SECOND			0	0.00		0	0.00		0	0.00			Excluded		0	0.00		0	0.00		0	0.00		0	0.00		0
		TOTAL		325	22.55		1	0.07		320	22.21					47	3.26		20	1.39		8	0.56		720	49.97		1441
	THIRD			1	12.50		1	12.50		1	12.50					2	25.00		0	0.00			Excluded		3	37.50		8
		TOTAL		326	22.62		2	0.14		321	22.28					49	3.40		20	1.39					723	50.17		1441
	FOURTH			0	0.00			Excluded		0	0.00					2	100.00		0	0.00					0	0.00		2
		TOTAL		326	22.62					321	22.28					51	3.54		20	1.39					723	50.17		1441
	FIFTH			9	45.00					2	10.00					0	0.00			Excluded					9	45.00		20
		TOTAL		335	23.25					323	22.41					51	3.54								732	50.80		1441
	SIXTH			15	29.41					30	58.82						Excluded								6	11.76		51
		TOTAL		350	24.29					353	24.50														738	51.21		1441
	SEVENTH			246	69.69						Excluded														107	30.31		353
		TOTAL		596	41.36																				845	58.64		1441
																									Elected			
																												
Marino                                                         																												
	FIRST			351	24.86		3	0.21		244	17.28		1	0.07		56	3.97		49	3.47		8	0.57		700	49.58		1412
	SECOND			0	0.00		1	100.00		0	0.00			Excluded		0	0.00		0	0.00		0	0.00		0	0.00		1
		TOTAL		351	24.86		4	0.28		244	17.28					56	3.97		49	3.47		8	0.57		700	49.58		1412
	THIRD			0	0.00		3	37.50		0	0.00					1	12.50		4	50.00			Excluded		0	0.00		8
		TOTAL		351	24.86		7	0.50		244	17.28					57	4.04		53	3.75					700	49.58		1412
	FOURTH			1	14.29			Excluded		0	0.00					4	57.14		1	14.29					1	14.29		7
		TOTAL		352	24.93					244	17.28					61	4.32		54	3.82					701	49.65		1412
	FIFTH			23	42.59					1	1.85					6	11.11			Excluded					24	44.44		54
		TOTAL		375	26.56					245	17.35					67	4.75								725	51.35		1412
	SIXTH			19	28.36					42	62.69						Excluded								6	8.96		67
		TOTAL		394	27.90					287	20.33														731	51.77		1412
	SEVENTH			196	68.29						Excluded														91	31.71		287
		TOTAL		590	41.78																				822	58.22		1412
																									Elected			
																												
Marion                                                         																												
	FIRST			335	30.40		8	0.73		187	16.97		1	0.09		21	1.91		44	3.99		3	0.27		503	45.64		1102
	SECOND			0	0.00		1	100.00		0	0.00			Excluded		0	0.00		0	0.00		0	0.00		0	0.00		1
		TOTAL		335	30.40		9	0.82		187	16.97					21	1.91		44	3.99		3	0.27		503	45.64		1102
	THIRD			1	33.33		1	33.33		0	0.00					0	0.00		1	33.33			Excluded		0	0.00		3
		TOTAL		336	30.49		10	0.91		187	16.97					21	1.91		45	4.08					503	45.64		1102
	FOURTH			3	30.00			Excluded		3	30.00					1	10.00		2	20.00					1	10.00		10
		TOTAL		339	30.76					190	17.24					22	2.00		47	4.26					504	45.74		1102
	FIFTH			20	42.55					7	14.89					6	12.77			Excluded					14	29.79		47
		TOTAL		359	32.58					197	17.88					28	2.54								518	47.01		1102
	SIXTH			6	21.43					19	67.86						Excluded								3	10.71		28
		TOTAL		365	33.12					216	19.60														521	47.28		1102
	SEVENTH			130	60.19						Excluded														86	39.81		216
		TOTAL		495	44.92																				607	55.08		1102
																									Elected			
																												
Melrose Park                                                   																												
	FIRST			681	32.54		15	0.72		378	18.06		3	0.14		51	2.44		67	3.20		3	0.14		895	42.76		2093
	SECOND			0	0.00		1	33.33		0	0.00			Excluded		0	0.00		2	66.67		0	0.00		0	0.00		3
		TOTAL		681	32.54		16	0.76		378	18.06					51	2.44		69	3.30		3	0.14		895	42.76		2093
	THIRD			0	0.00		3	100.00		0	0.00					0	0.00		0	0.00			Excluded		0	0.00		3
		TOTAL		681	32.54		19	0.91		378	18.06					51	2.44		69	3.30					895	42.76		2093
	FOURTH			5	26.32			Excluded		5	26.32					4	21.05		0	0.00					5	26.32		19
		TOTAL		686	32.78					383	18.30					55	2.63		69	3.30					900	43.00		2093
	FIFTH			36	52.17					4	5.80					8	11.59			Excluded					21	30.43		69
		TOTAL		722	34.50					387	18.49					63	3.01								921	44.00		2093
	SIXTH			17	26.98					38	60.32						Excluded								8	12.70		63
		TOTAL		739	35.31					425	20.31														929	44.39		2093
	SEVENTH			270	63.53						Excluded														155	36.47		425
		TOTAL		1009	48.21																				1084	51.79		2093
																									Elected			
																												
Mitcham                                                        																												
	FIRST			399	17.21		8	0.35		464	20.02		5	0.22		68	2.93		29	1.25		18	0.78		1327	57.25		2318
	SECOND			1	20.00		0	0.00		3	60.00			Excluded		0	0.00		0	0.00		1	20.00		0	0.00		5
		TOTAL		400	17.26		8	0.35		467	20.15					68	2.93		29	1.25		19	0.82		1327	57.25		2318
	THIRD			4	21.05		3	15.79		3	15.79					2	10.53		3	15.79			Excluded		4	21.05		19
		TOTAL		404	17.43		11	0.47		470	20.28					70	3.02		32	1.38					1331	57.42		2318
	FOURTH			0	0.00			Excluded		6	54.55					1	9.09		1	9.09					3	27.27		11
		TOTAL		404	17.43					476	20.53					71	3.06		33	1.42					1334	57.55		2318
	FIFTH			11	33.33					3	9.09					6	18.18			Excluded					13	39.39		33
		TOTAL		415	17.90					479	20.66					77	3.32								1347	58.11		2318
	SIXTH			22	28.57					45	58.44						Excluded								10	12.99		77
		TOTAL		437	18.85					524	22.61														1357	58.54		2318
	SEVENTH			360	68.70						Excluded														164	31.30		524
		TOTAL		797	34.38																				1521	65.62		2318
																									Elected			
																												
Mitchell Park                                                  																												
	FIRST			767	37.32		11	0.54		413	20.10		6	0.29		36	1.75		74	3.60		7	0.34		741	36.06		2055
	SECOND			1	16.67		2	33.33		1	16.67			Excluded		0	0.00		1	16.67		0	0.00		1	16.67		6
		TOTAL		768	37.37		13	0.63		414	20.15					36	1.75		75	3.65		7	0.34		742	36.11		2055
	THIRD			2	28.57		2	28.57		1	14.29					0	0.00		2	28.57			Excluded		0	0.00		7
		TOTAL		770	37.47		15	0.73		415	20.19					36	1.75		77	3.75					742	36.11		2055
	FOURTH			3	20.00			Excluded		2	13.33					7	46.67		1	6.67					2	13.33		15
		TOTAL		773	37.62					417	20.29					43	2.09		78	3.80					744	36.20		2055
	FIFTH			35	44.87					6	7.69					8	10.26			Excluded					29	37.18		78
		TOTAL		808	39.32					423	20.58					51	2.48								773	37.62		2055
	SIXTH			12	23.53					30	58.82						Excluded								9	17.65		51
		TOTAL		820	39.90					453	22.04														782	38.05		2055
	SEVENTH			307	67.77						Excluded														146	32.23		453
		TOTAL		1127	54.84																				928	45.16		2055
																									Elected			
																												
Netherby                                                       																												
	FIRST			131	11.18		3	0.26		137	11.69		1	0.09		16	1.37		9	0.77		4	0.34		871	74.32		1172
	SECOND			1	100.00		0	0.00		0	0.00			Excluded		0	0.00		0	0.00		0	0.00		0	0.00		1
		TOTAL		132	11.26		3	0.26		137	11.69					16	1.37		9	0.77		4	0.34		871	74.32		1172
	THIRD			0	0.00		0	0.00		0	0.00					1	25.00		1	25.00			Excluded		2	50.00		4
		TOTAL		132	11.26		3	0.26		137	11.69					17	1.45		10	0.85					873	74.49		1172
	FOURTH			0	0.00			Excluded		1	33.33					1	33.33		0	0.00					1	33.33		3
		TOTAL		132	11.26					138	11.77					18	1.54		10	0.85					874	74.57		1172
	FIFTH			1	10.00					1	10.00					2	20.00			Excluded					6	60.00		10
		TOTAL		133	11.35					139	11.86					20	1.71								880	75.09		1172
	SIXTH			5	25.00					12	60.00						Excluded								3	15.00		20
		TOTAL		138	11.77					151	12.88														883	75.34		1172
	SEVENTH			104	68.87						Excluded														47	31.13		151
		TOTAL		242	20.65																				930	79.35		1172
																									Elected			
																												
North Brighton                                                 																												
	FIRST			367	27.37		6	0.45		219	16.33		2	0.15		47	3.50		46	3.43		2	0.15		652	48.62		1341
	SECOND			0	0.00		0	0.00		1	50.00			Excluded		0	0.00		0	0.00		0	0.00		1	50.00		2
		TOTAL		367	27.37		6	0.45		220	16.41					47	3.50		46	3.43		2	0.15		653	48.70		1341
	THIRD			1	50.00		0	0.00		0	0.00					0	0.00		1	50.00			Excluded		0	0.00		2
		TOTAL		368	27.44		6	0.45		220	16.41					47	3.50		47	3.50					653	48.70		1341
	FOURTH			0	0.00			Excluded		2	33.33					3	50.00		0	0.00					1	16.67		6
		TOTAL		368	27.44					222	16.55					50	3.73		47	3.50					654	48.77		1341
	FIFTH			24	51.06					7	14.89					4	8.51			Excluded					12	25.53		47
		TOTAL		392	29.23					229	17.08					54	4.03								666	49.66		1341
	SIXTH			6	11.11					37	68.52						Excluded								11	20.37		54
		TOTAL		398	29.68					266	19.84														677	50.48		1341
	SEVENTH			165	62.03						Excluded														101	37.97		266
		TOTAL		563	41.98																				778	58.02		1341
																									Elected			
																												
Oaklands Park                                                  																												
	FIRST			417	31.31		7	0.53		218	16.37		0	0.00		30	2.25		57	4.28		10	0.75		593	44.52		1332
	SECOND			0	0.00		0	0.00		0	0.00			Excluded		0	0.00		0	0.00		0	0.00		0	0.00		0
		TOTAL		417	31.31		7	0.53		218	16.37					30	2.25		57	4.28		10	0.75		593	44.52		1332
	THIRD			1	10.00		1	10.00		1	10.00					1	10.00		4	40.00			Excluded		2	20.00		10
		TOTAL		418	31.38		8	0.60		219	16.44					31	2.33		61	4.58					595	44.67		1332
	FOURTH			4	50.00			Excluded		2	25.00					0	0.00		0	0.00					2	25.00		8
		TOTAL		422	31.68					221	16.59					31	2.33		61	4.58					597	44.82		1332
	FIFTH			25	40.98					5	8.20					4	6.56			Excluded					27	44.26		61
		TOTAL		447	33.56					226	16.97					35	2.63								624	46.85		1332
	SIXTH			12	34.29					12	34.29						Excluded								11	31.43		35
		TOTAL		459	34.46					238	17.87														635	47.67		1332
	SEVENTH			148	62.18						Excluded														90	37.82		238
		TOTAL		607	45.57																				725	54.43		1332
																									Elected			
																												
Panorama                                                       																												
	FIRST			268	20.35		4	0.30		264	20.05		1	0.08		39	2.96		27	2.05		8	0.61		706	53.61		1317
	SECOND			0	0.00		0	0.00		0	0.00			Excluded		0	0.00		0	0.00		1	100.00		0	0.00		1
		TOTAL		268	20.35		4	0.30		264	20.05					39	2.96		27	2.05		9	0.68		706	53.61		1317
	THIRD			2	22.22		0	0.00		1	11.11					2	22.22		1	11.11			Excluded		3	33.33		9
		TOTAL		270	20.50		4	0.30		265	20.12					41	3.11		28	2.13					709	53.83		1317
	FOURTH			1	25.00			Excluded		0	0.00					1	25.00		2	50.00					0	0.00		4
		TOTAL		271	20.58					265	20.12					42	3.19		30	2.28					709	53.83		1317
	FIFTH			12	40.00					2	6.67					9	30.00			Excluded					7	23.33		30
		TOTAL		283	21.49					267	20.27					51	3.87								716	54.37		1317
	SIXTH			11	21.57					33	64.71						Excluded								7	13.73		51
		TOTAL		294	22.32					300	22.78														723	54.90		1317
	SEVENTH			194	64.67						Excluded														106	35.33		300
		TOTAL		488	37.05																				829	62.95		1317
																									Elected			
																												
Pasadena                                                       																												
	FIRST			763	29.39		16	0.62		476	18.34		5	0.19		73	2.81		65	2.50		12	0.46		1186	45.69		2596
	SECOND			0	0.00		0	0.00		3	60.00			Excluded		1	20.00		1	20.00		0	0.00		0	0.00		5
		TOTAL		763	29.39		16	0.62		479	18.45					74	2.85		66	2.54		12	0.46		1186	45.69		2596
	THIRD			1	8.33		2	16.67		3	25.00					2	16.67		1	8.33			Excluded		3	25.00		12
		TOTAL		764	29.43		18	0.69		482	18.57					76	2.93		67	2.58					1189	45.80		2596
	FOURTH			5	27.78			Excluded		7	38.89					1	5.56		3	16.67					2	11.11		18
		TOTAL		769	29.62					489	18.84					77	2.97		70	2.70					1191	45.88		2596
	FIFTH			28	40.00					12	17.14					13	18.57			Excluded					17	24.29		70
		TOTAL		797	30.70					501	19.30					90	3.47								1208	46.53		2596
	SIXTH			25	27.78					57	63.33						Excluded								8	8.89		90
		TOTAL		822	31.66					558	21.49														1216	46.84		2596
	SEVENTH			366	65.59						Excluded														192	34.41		558
		TOTAL		1188	45.76																				1408	54.24		2596
																									Elected			
																												
Seacliff                                                       																												
	FIRST			520	26.13		10	0.50		355	17.84		2	0.10		92	4.62		46	2.31		10	0.50		955	47.99		1990
	SECOND			0	0.00		1	50.00		0	0.00			Excluded		1	50.00		0	0.00		0	0.00		0	0.00		2
		TOTAL		520	26.13		11	0.55		355	17.84					93	4.67		46	2.31		10	0.50		955	47.99		1990
	THIRD			0	0.00		2	20.00		0	0.00					2	20.00		2	20.00			Excluded		4	40.00		10
		TOTAL		520	26.13		13	0.65		355	17.84					95	4.77		48	2.41					959	48.19		1990
	FOURTH			5	38.46			Excluded		5	38.46					1	7.69		0	0.00					2	15.38		13
		TOTAL		525	26.38					360	18.09					96	4.82		48	2.41					961	48.29		1990
	FIFTH			19	39.58					6	12.50					8	16.67			Excluded					15	31.25		48
		TOTAL		544	27.34					366	18.39					104	5.23								976	49.05		1990
	SIXTH			24	23.08					72	69.23						Excluded								8	7.69		104
		TOTAL		568	28.54					438	22.01														984	49.45		1990
	SEVENTH			298	68.04						Excluded														140	31.96		438
		TOTAL		866	43.52																				1124	56.48		1990
																									Elected			
																												
Seacombe Heights                                               																												
	FIRST			906	33.14		9	0.33		479	17.52		5	0.18		65	2.38		128	4.68		12	0.44		1130	41.33		2734
	SECOND			2	40.00		0	0.00		1	20.00			Excluded		0	0.00		0	0.00		1	20.00		1	20.00		5
		TOTAL		908	33.21		9	0.33		480	17.56					65	2.38		128	4.68		13	0.48		1131	41.37		2734
	THIRD			1	7.69		5	38.46		1	7.69					0	0.00		2	15.38			Excluded		4	30.77		13
		TOTAL		909	33.25		14	0.51		481	17.59					65	2.38		130	4.75					1135	41.51		2734
	FOURTH			5	35.71			Excluded		4	28.57					2	14.29		2	14.29					1	7.14		14
		TOTAL		914	33.43					485	17.74					67	2.45		132	4.83					1136	41.55		2734
	FIFTH			58	43.94					14	10.61					11	8.33			Excluded					49	37.12		132
		TOTAL		972	35.55					499	18.25					78	2.85								1185	43.34		2734
	SIXTH			20	25.64					45	57.69						Excluded								13	16.67		78
		TOTAL		992	36.28					544	19.90														1198	43.82		2734
	SEVENTH			361	66.36						Excluded														183	33.64		544
		TOTAL		1353	49.49																				1381	50.51		2734
																									Elected			
																												
Seaview Downs                                                  																												
	FIRST			377	26.00		11	0.76		246	16.97		4	0.28		26	1.79		47	3.24		12	0.83		727	50.14		1450
	SECOND			1	25.00		0	0.00		3	75.00			Excluded		0	0.00		0	0.00		0	0.00		0	0.00		4
		TOTAL		378	26.07		11	0.76		249	17.17					26	1.79		47	3.24		12	0.83		727	50.14		1450
	THIRD			2	16.67		3	25.00		1	8.33					1	8.33		3	25.00			Excluded		2	16.67		12
		TOTAL		380	26.21		14	0.97		250	17.24					27	1.86		50	3.45					729	50.28		1450
	FOURTH			0	0.00			Excluded		4	28.57					2	14.29		3	21.43					5	35.71		14
		TOTAL		380	26.21					254	17.52					29	2.00		53	3.66					734	50.62		1450
	FIFTH			27	50.94					6	11.32					6	11.32			Excluded					14	26.42		53
		TOTAL		407	28.07					260	17.93					35	2.41								748	51.59		1450
	SIXTH			10	28.57					18	51.43						Excluded								7	20.00		35
		TOTAL		417	28.76					278	19.17														755	52.07		1450
	SEVENTH			169	60.79						Excluded														109	39.21		278
		TOTAL		586	40.41																				864	59.59		1450
																									Elected			
																												
St Marys                                                       																												
	FIRST			662	39.45		12	0.72		278	16.57		0	0.00		38	2.26		74	4.41		6	0.36		608	36.23		1678
	SECOND			0	0.00		0	0.00		0	0.00			Excluded		0	0.00		0	0.00		0	0.00		0	0.00		0
		TOTAL		662	39.45		12	0.72		278	16.57					38	2.26		74	4.41		6	0.36		608	36.23		1678
	THIRD			1	16.67		0	0.00		0	0.00					2	33.33		2	33.33			Excluded		1	16.67		6
		TOTAL		663	39.51		12	0.72		278	16.57					40	2.38		76	4.53					609	36.29		1678
	FOURTH			5	41.67			Excluded		1	8.33					3	25.00		0	0.00					3	25.00		12
		TOTAL		668	39.81					279	16.63					43	2.56		76	4.53					612	36.47		1678
	FIFTH			34	44.74					9	11.84					7	9.21			Excluded					26	34.21		76
		TOTAL		702	41.84					288	17.16					50	2.98								638	38.02		1678
	SIXTH			15	30.00					27	54.00						Excluded								8	16.00		50
		TOTAL		717	42.73					315	18.77														646	38.50		1678
	SEVENTH			203	64.44						Excluded														112	35.56		315
		TOTAL		920	54.83																				758	45.17		1678
																									Elected			
																												
Sturt                                                          																												
	FIRST			232	31.96		3	0.41		111	15.29		2	0.28		4	0.55		32	4.41		5	0.69		337	46.42		726
	SECOND			0	0.00		0	0.00		2	100.00			Excluded		0	0.00		0	0.00		0	0.00		0	0.00		2
		TOTAL		232	31.96		3	0.41		113	15.56					4	0.55		32	4.41		5	0.69		337	46.42		726
	THIRD			3	60.00		1	20.00		0	0.00					0	0.00		1	20.00			Excluded		0	0.00		5
		TOTAL		235	32.37		4	0.55		113	15.56					4	0.55		33	4.55					337	46.42		726
	FOURTH			0	0.00			Excluded		2	50.00					1	25.00		1	25.00					0	0.00		4
		TOTAL		235	32.37					115	15.84					5	0.69		34	4.68					337	46.42		726
	FIFTH			15	44.12					4	11.76					2	5.88			Excluded					13	38.24		34
		TOTAL		250	34.44					119	16.39					7	0.96								350	48.21		726
	SIXTH			5	71.43					2	28.57						Excluded								0	0.00		7
		TOTAL		255	35.12					121	16.67														350	48.21		726
	SEVENTH			76	62.81						Excluded														45	37.19		121
		TOTAL		331	45.59																				395	54.41		726
																									Elected			
																												
Tonsley Park                                                   																												
	FIRST			567	45.22		13	1.04		208	16.59		3	0.24		17	1.36		58	4.63		5	0.40		383	30.54		1254
	SECOND			1	33.33		0	0.00		0	0.00			Excluded		0	0.00		1	33.33		0	0.00		1	33.33		3
		TOTAL		568	45.30		13	1.04		208	16.59					17	1.36		59	4.70		5	0.40		384	30.62		1254
	THIRD			0	0.00		3	60.00		0	0.00					0	0.00		0	0.00			Excluded		2	40.00		5
		TOTAL		568	45.30		16	1.28		208	16.59					17	1.36		59	4.70					386	30.78		1254
	FOURTH			4	25.00			Excluded		4	25.00					5	31.25		0	0.00					3	18.75		16
		TOTAL		572	45.61					212	16.91					22	1.75		59	4.70					389	31.02		1254
	FIFTH			31	52.54					2	3.39					6	10.17			Excluded					20	33.90		59
		TOTAL		603	48.09					214	17.07					28	2.23								409	32.62		1254
	SIXTH			6	21.43					19	67.86						Excluded								3	10.71		28
		TOTAL		609	48.56					233	18.58														412	32.85		1254
	SEVENTH			170	72.96						Excluded														63	27.04		233
		TOTAL		779	62.12																				475	37.88		1254
																									Elected			
																												
Warradale                                                      																												
	FIRST			854	29.32		22	0.76		483	16.58		6	0.21		62	2.13		107	3.67		18	0.62		1361	46.72		2913
	SECOND			3	50.00		0	0.00		2	33.33			Excluded		0	0.00		1	16.67		0	0.00		0	0.00		6
		TOTAL		857	29.42		22	0.76		485	16.65					62	2.13		108	3.71		18	0.62		1361	46.72		2913
	THIRD			4	22.22		3	16.67		2	11.11					2	11.11		5	27.78			Excluded		2	11.11		18
		TOTAL		861	29.56		25	0.86		487	16.72					64	2.20		113	3.88					1363	46.79		2913
	FOURTH			4	16.00			Excluded		6	24.00					8	32.00		2	8.00					5	20.00		25
		TOTAL		865	29.69					493	16.92					72	2.47		115	3.95					1368	46.96		2913
	FIFTH			61	53.04					13	11.30					11	9.57			Excluded					30	26.09		115
		TOTAL		926	31.79					506	17.37					83	2.85								1398	47.99		2913
	SIXTH			27	32.53					45	54.22						Excluded								11	13.25		83
		TOTAL		953	32.72					551	18.92														1409	48.37		2913
	SEVENTH			363	65.88						Excluded														188	34.12		551
		TOTAL		1316	45.18																				1597	54.82		2913
																									Elected			
																												
West Brighton                                                  																												
	FIRST			304	19.45		6	0.38		241	15.42		5	0.32		37	2.37		26	1.66		7	0.45		937	59.95		1563
	SECOND			0	0.00		0	0.00		0	0.00			Excluded		2	40.00		0	0.00		2	40.00		1	20.00		5
		TOTAL		304	19.45		6	0.38		241	15.42					39	2.50		26	1.66		9	0.58		938	60.01		1563
	THIRD			1	11.11		4	44.44		0	0.00					2	22.22		1	11.11			Excluded		1	11.11		9
		TOTAL		305	19.51		10	0.64		241	15.42					41	2.62		27	1.73					939	60.08		1563
	FOURTH			3	30.00			Excluded		1	10.00					4	40.00		1	10.00					1	10.00		10
		TOTAL		308	19.71					242	15.48					45	2.88		28	1.79					940	60.14		1563
	FIFTH			10	35.71					2	7.14					4	14.29			Excluded					12	42.86		28
		TOTAL		318	20.35					244	15.61					49	3.13								952	60.91		1563
	SIXTH			3	6.12					36	73.47						Excluded								10	20.41		49
		TOTAL		321	20.54					280	17.91														962	61.55		1563
	SEVENTH			186	66.43						Excluded														94	33.57		280
		TOTAL		507	32.44																				1056	67.56		1563
																									Elected			
																												
Westbourne Park                                                																												
	FIRST			461	25.47		16	0.88		366	20.22		3	0.17		72	3.98		23	1.27		6	0.33		863	47.68		1810
	SECOND			0	0.00		1	33.33		1	33.33			Excluded		0	0.00		0	0.00		0	0.00		1	33.33		3
		TOTAL		461	25.47		17	0.94		367	20.28					72	3.98		23	1.27		6	0.33		864	47.73		1810
	THIRD			1	16.67		2	33.33		0	0.00					1	16.67		2	33.33			Excluded		0	0.00		6
		TOTAL		462	25.52		19	1.05		367	20.28					73	4.03		25	1.38					864	47.73		1810
	FOURTH			3	15.79			Excluded		5	26.32					7	36.84		2	10.53					2	10.53		19
		TOTAL		465	25.69					372	20.55					80	4.42		27	1.49					866	47.85		1810
	FIFTH			9	33.33					0	0.00					2	7.41			Excluded					16	59.26		27
		TOTAL		474	26.19					372	20.55					82	4.53								882	48.73		1810
	SIXTH			18	21.95					58	70.73						Excluded								6	7.32		82
		TOTAL		492	27.18					430	23.76														888	49.06		1810
	SEVENTH			296	68.84						Excluded														134	31.16		430
		TOTAL		788	43.54																				1022	56.46		1810
																									Elected			
																												
Special Hospital Team 1                                        																												
	FIRST			41	24.55		0	0.00		7	4.19		0	0.00		2	1.20		0	0.00		1	0.60		116	69.46		167
	SECOND			0	0.00		0	0.00		0	0.00			Excluded		0	0.00		0	0.00		0	0.00		0	0.00		0
		TOTAL		41	24.55		0	0.00		7	4.19					2	1.20		0	0.00		1	0.60		116	69.46		167
	THIRD			0	0.00		1	100.00		0	0.00					0	0.00		0	0.00			Excluded		0	0.00		1
		TOTAL		41	24.55		1	0.60		7	4.19					2	1.20		0	0.00					116	69.46		167
	FOURTH			0	0.00			Excluded		0	0.00					1	100.00		0	0.00					0	0.00		1
		TOTAL		41	24.55					7	4.19					3	1.80		0	0.00					116	69.46		167
	FIFTH			0	0.00					0	0.00					0	0.00			Excluded					0	0.00		0
		TOTAL		41	24.55					7	4.19					3	1.80								116	69.46		167
	SIXTH			0	0.00					1	33.33						Excluded								2	66.67		3
		TOTAL		41	24.55					8	4.79														118	70.66		167
	SEVENTH			3	37.50						Excluded														5	62.50		8
		TOTAL		44	26.35																				123	73.65		167
																									Elected			
																												
Special Hospital Team 2                                        																												
	FIRST			20	17.39		3	2.61		6	5.22		1	0.87		0	0.00		2	1.74		1	0.87		82	71.30		115
	SECOND			0	0.00		1	100.00		0	0.00			Excluded		0	0.00		0	0.00		0	0.00		0	0.00		1
		TOTAL		20	17.39		4	3.48		6	5.22					0	0.00		2	1.74		1	0.87		82	71.30		115
	THIRD			0	0.00		0	0.00		0	0.00					0	0.00		0	0.00			Excluded		1	100.00		1
		TOTAL		20	17.39		4	3.48		6	5.22					0	0.00		2	1.74					83	72.17		115
	FOURTH			3	75.00			Excluded		1	25.00					0	0.00		0	0.00					0	0.00		4
		TOTAL		23	20.00					7	6.09					0	0.00		2	1.74					83	72.17		115
	FIFTH			1	50.00					0	0.00					1	50.00			Excluded					0	0.00		2
		TOTAL		24	20.87					7	6.09					1	0.87								83	72.17		115
	SIXTH			0	0.00					1	100.00						Excluded								0	0.00		1
		TOTAL		24	20.87					8	6.96														83	72.17		115
	SEVENTH			5	62.50						Excluded														3	37.50		8
		TOTAL		29	25.22																				86	74.78		115
																									Elected			
																												
Special Hospital Team 3                                        																												
	FIRST			64	29.49		0	0.00		12	5.53		0	0.00		0	0.00		6	2.76		1	0.46		134	61.75		217
	SECOND			0	0.00		0	0.00		0	0.00			Excluded		0	0.00		0	0.00		0	0.00		0	0.00		0
		TOTAL		64	29.49		0	0.00		12	5.53					0	0.00		6	2.76		1	0.46		134	61.75		217
	THIRD			0	0.00		0	0.00		0	0.00					0	0.00		1	100.00			Excluded		0	0.00		1
		TOTAL		64	29.49		0	0.00		12	5.53					0	0.00		7	3.23					134	61.75		217
	FOURTH			0	0.00			Excluded		0	0.00					0	0.00		0	0.00					0	0.00		0
		TOTAL		64	29.49					12	5.53					0	0.00		7	3.23					134	61.75		217
	FIFTH			2	28.57					0	0.00					2	28.57			Excluded					3	42.86		7
		TOTAL		66	30.41					12	5.53					2	0.92								137	63.13		217
	SIXTH			1	50.00					1	50.00						Excluded								0	0.00		2
		TOTAL		67	30.88					13	5.99														137	63.13		217
	SEVENTH			6	46.15						Excluded														7	53.85		13
		TOTAL		73	33.64																				144	66.36		217
																									Elected			
																												
Special Hospital Team 4                                        																												
	FIRST			23	40.35		2	3.51		5	8.77		0	0.00		1	1.75		1	1.75		1	1.75		24	42.11		57
	SECOND			0	0.00		0	0.00		0	0.00			Excluded		0	0.00		0	0.00		0	0.00		0	0.00		0
		TOTAL		23	40.35		2	3.51		5	8.77					1	1.75		1	1.75		1	1.75		24	42.11		57
	THIRD			0	0.00		0	0.00		0	0.00					0	0.00		0	0.00			Excluded		1	100.00		1
		TOTAL		23	40.35		2	3.51		5	8.77					1	1.75		1	1.75					25	43.86		57
	FOURTH			0	0.00			Excluded		2	100.00					0	0.00		0	0.00					0	0.00		2
		TOTAL		23	40.35					7	12.28					1	1.75		1	1.75					25	43.86		57
	FIFTH			1	100.00					0	0.00					0	0.00			Excluded					0	0.00		1
		TOTAL		24	42.11					7	12.28					1	1.75								25	43.86		57
	SIXTH			1	100.00					0	0.00						Excluded								0	0.00		1
		TOTAL		25	43.86					7	12.28														25	43.86		57
	SEVENTH			3	42.86						Excluded														4	57.14		7
		TOTAL		28	49.12																				29	50.88		57
																									Elected			
																												
Special Hospital Team 5                                        																												
	FIRST			17	45.95		0	0.00		1	2.70		0	0.00		0	0.00		2	5.41		0	0.00		17	45.95		37
	SECOND			0	0.00		0	0.00		0	0.00			Excluded		0	0.00		0	0.00		0	0.00		0	0.00		0
		TOTAL		17	45.95		0	0.00		1	2.70					0	0.00		2	5.41		0	0.00		17	45.95		37
	THIRD			0	0.00		0	0.00		0	0.00					0	0.00		0	0.00			Excluded		0	0.00		0
		TOTAL		17	45.95		0	0.00		1	2.70					0	0.00		2	5.41					17	45.95		37
	FOURTH			0	0.00			Excluded		0	0.00					0	0.00		0	0.00					0	0.00		0
		TOTAL		17	45.95					1	2.70					0	0.00		2	5.41					17	45.95		37
	FIFTH			0	0.00					0	0.00					0	0.00			Excluded					2	100.00		2
		TOTAL		17	45.95					1	2.70					0	0.00								19	51.35		37
	SIXTH			0	0.00					0	0.00						Excluded								0	0.00		0
		TOTAL		17	45.95					1	2.70														19	51.35		37
	SEVENTH			1	100.00						Excluded														0	0.00		1
		TOTAL		18	48.65																				19	51.35		37
																									Elected			
																												
ABSENT																												
	FIRST			1213	25.30		60	1.25		1066	22.24		20	0.42		241	5.03		101	2.11		38	0.79		2055	42.87		4794
	SECOND			6	30.00		3	15.00		3	15.00			Excluded		4	20.00		0	0.00		3	15.00		1	5.00		20
		TOTAL		1219	25.43		63	1.31		1069	22.30					245	5.11		101	2.11		41	0.86		2056	42.89		4794
	THIRD			3	7.32		10	24.39		5	12.20					4	9.76		9	21.95			Excluded		10	24.39		41
		TOTAL		1222	25.49		73	1.52		1074	22.40					249	5.19		110	2.29					2066	43.10		4794
	FOURTH			14	19.18			Excluded		17	23.29					20	27.40		11	15.07					11	15.07		73
		TOTAL		1236	25.78					1091	22.76					269	5.61		121	2.52					2077	43.32		4794
	FIFTH			24	19.83					20	16.53					34	28.10			Excluded					43	35.54		121
		TOTAL		1260	26.28					1111	23.17					303	6.32								2120	44.22		4794
	SIXTH			66	21.78					201	66.34						Excluded								36	11.88		303
		TOTAL		1326	27.66					1312	27.37														2156	44.97		4794
	SEVENTH			850	64.79						Excluded														462	35.21		1312
		TOTAL		2176	45.39																				2618	54.61		4794
																									Elected			
																												
POSTAL																												
	FIRST			756	24.64		15	0.49		347	11.31		5	0.16		64	2.09		97	3.16		5	0.16		1779	57.99		3068
	SECOND			1	20.00		1	20.00		0	0.00			Excluded		2	40.00		0	0.00		0	0.00		1	20.00		5
		TOTAL		757	24.67		16	0.52		347	11.31					66	2.15		97	3.16		5	0.16		1780	58.02		3068
	THIRD			0	0.00		1	20.00		0	0.00					1	20.00		0	0.00			Excluded		3	60.00		5
		TOTAL		757	24.67		17	0.55		347	11.31					67	2.18		97	3.16					1783	58.12		3068
	FOURTH			3	17.65			Excluded		2	11.76					3	17.65		3	17.65					6	35.29		17
		TOTAL		760	24.77					349	11.38					70	2.28		100	3.26					1789	58.31		3068
	FIFTH			22	22.00					12	12.00					26	26.00			Excluded					40	40.00		100
		TOTAL		782	25.49					361	11.77					96	3.13								1829	59.62		3068
	SIXTH			26	27.08					52	54.17						Excluded								18	18.75		96
		TOTAL		808	26.34					413	13.46														1847	60.20		3068
	SEVENTH			261	63.20						Excluded														152	36.80		413
		TOTAL		1069	34.84																				1999	65.16		3068
																									Elected			
																												
PRE POLL																												
	FIRST			839	24.98		19	0.57		616	18.34		6	0.18		134	3.99		97	2.89		11	0.33		1637	48.73		3359
	SECOND			0	0.00		3	50.00		1	16.67			Excluded		0	0.00		1	16.67		0	0.00		1	16.67		6
		TOTAL		839	24.98		22	0.65		617	18.37					134	3.99		98	2.92		11	0.33		1638	48.76		3359
	THIRD			1	9.09		5	45.45		0	0.00					1	9.09		2	18.18			Excluded		2	18.18		11
		TOTAL		840	25.01		27	0.80		617	18.37					135	4.02		100	2.98					1640	48.82		3359
	FOURTH			4	14.81			Excluded		7	25.93					11	40.74		2	7.41					3	11.11		27
		TOTAL		844	25.13					624	18.58					146	4.35		102	3.04					1643	48.91		3359
	FIFTH			43	42.16					16	15.69					20	19.61			Excluded					23	22.55		102
		TOTAL		887	26.41					640	19.05					166	4.94								1666	49.60		3359
	SIXTH			44	26.51					90	54.22						Excluded								32	19.28		166
		TOTAL		931	27.72					730	21.73														1698	50.55		3359
	SEVENTH			480	65.75						Excluded														250	34.25		730
		TOTAL		1411	42.01																				1948	57.99		3359
																									Elected			
																												
PROVISIONAL																												
	FIRST			95	29.78		4	1.25		80	25.08		3	0.94		12	3.76		10	3.13		2	0.63		113	35.42		319
	SECOND			3	100.00		0	0.00		0	0.00			Excluded		0	0.00		0	0.00		0	0.00		0	0.00		3
		TOTAL		98	30.72		4	1.25		80	25.08					12	3.76		10	3.13		2	0.63		113	35.42		319
	THIRD			2	100.00		0	0.00		0	0.00					0	0.00		0	0.00			Excluded		0	0.00		2
		TOTAL		100	31.35		4	1.25		80	25.08					12	3.76		10	3.13					113	35.42		319
	FOURTH			2	50.00			Excluded		0	0.00					2	50.00		0	0.00					0	0.00		4
		TOTAL		102	31.97					80	25.08					14	4.39		10	3.13					113	35.42		319
	FIFTH			3	30.00					1	10.00					3	30.00			Excluded					3	30.00		10
		TOTAL		105	32.92					81	25.39					17	5.33								116	36.36		319
	SIXTH			8	47.06					8	47.06						Excluded								1	5.88		17
		TOTAL		113	35.42					89	27.90														117	36.68		319
	SEVENTH			59	66.29						Excluded														30	33.71		89
		TOTAL		172	53.92																				147	46.08		319
																									Elected			
																												
																												
																												
																												
																												
																												
																												
																												
																												
																												
																												
																												
																												
																												
																												
																												
																												
																												
																												
																												
																												
																												
																												
																												
																												
																												
																												
																												
																												
																												
																												
																												
																												
																												
																												
																												
																												
																												
																												
																												
																												
																												
																												
																												
																												
																												
																												
																												
																												
																												
																												
																												
																												
																												
																												
																												
																												
																												
																												
																												
																												
																												
																												
																												
																												
																												
																												
																												
																												
																												
																												
																												
																												
																												
																												
																												
																												
																												
																												
																												
																												
																												
																												
																												
																												
																												
																												
																												
																												
																												
																												
																												
																												
																												
																												
																												
																												
																												
																												
																												
																												
																												
																												
																												
																												
																												
																												
																												
																												
																												
																												
																												
																												
																												
																												
																												
																												
																												
																												
																												
																												
																												
																												
																												
																												
																												
																												
																												
																												
																												
																												
																												
																												
																												
																												
																												
																												
																												
																												
																												
																												
																												
																												
																												
																												
																												
																												
																												
																												
																												
																												
																												
																												
																												
																												
																												
																												
																												
																												
																												
																												
																												
																												
																												
																												
																												
																												
																												
																												
																												
																												
																												
																												
																												
																												
																												
																												
																												
																												
																												
																												
																												
																												
																												
																												
																												
																												
																												
																												
																												
																												
																												
																												
																												
																												
																												
																												
																												
																												
																												
