House of Representatives - 2001 Election: South Australia																							
Distribution of Preferences																							
By Polling Place																							
																							
Kingston																							
				HERSEY			ARANDELOVIC			MCCORMACK			GUILDNER			PRATT			COX				
				Dean			Gordon			Charlie			Deborah			Graham			David				
				LP			NGST			HAN			GRN			DEM			ALP				
	Count			Votes	%		Votes	%		Votes	%		Votes	%		Votes	%		Votes	%		Total	
Adelaide (Kingston)                                            																							
	FIRST			38	38.78		2	2.04		2	2.04		6	6.12		20	20.41		30	30.61		98	
	SECOND			1	50.00			Excluded		0	0.00		0	0.00		0	0.00		1	50.00		2	
		TOTAL		39	39.80					2	2.04		6	6.12		20	20.41		31	31.63		98	
	THIRD			0	0.00					0	0.00			Excluded		5	83.33		1	16.67		6	
		TOTAL		39	39.80					2	2.04					25	25.51		32	32.65		98	
	FOURTH			0	0.00						Excluded					1	50.00		1	50.00		2	
		TOTAL		39	39.80											26	26.53		33	33.67		98	
	FIFTH			10	38.46												Excluded		16	61.54		26	
		TOTAL		49	50.00														49	50.00		98	
																			Elected				
																							
Aldinga Beach                                                  																							
	FIRST			1178	37.72		27	0.86		166	5.32		223	7.14		403	12.90		1126	36.06		3123	
	SECOND			6	22.22			Excluded		5	18.52		6	22.22		5	18.52		5	18.52		27	
		TOTAL		1184	37.91					171	5.48		229	7.33		408	13.06		1131	36.22		3123	
	THIRD			16	6.99					15	6.55			Excluded		147	64.19		51	22.27		229	
		TOTAL		1200	38.42					186	5.96					555	17.77		1182	37.85		3123	
	FOURTH			89	47.85						Excluded					56	30.11		41	22.04		186	
		TOTAL		1289	41.27											611	19.56		1223	39.16		3123	
	FIFTH			188	30.77												Excluded		423	69.23		611	
		TOTAL		1477	47.29														1646	52.71		3123	
																			Elected				
																							
Christie Downs                                                 																							
	FIRST			605	29.14		31	1.49		112	5.39		55	2.65		247	11.90		1026	49.42		2076	
	SECOND			3	9.68			Excluded		3	9.68		11	35.48		4	12.90		10	32.26		31	
		TOTAL		608	29.29					115	5.54		66	3.18		251	12.09		1036	49.90		2076	
	THIRD			4	6.06					6	9.09			Excluded		39	59.09		17	25.76		66	
		TOTAL		612	29.48					121	5.83					290	13.97		1053	50.72		2076	
	FOURTH			56	46.28						Excluded					30	24.79		35	28.93		121	
		TOTAL		668	32.18											320	15.41		1088	52.41		2076	
	FIFTH			90	28.13												Excluded		230	71.88		320	
		TOTAL		758	36.51														1318	63.49		2076	
																			Elected				
																							
Christies Beach                                                																							
	FIRST			774	35.17		33	1.50		128	5.82		91	4.13		207	9.40		968	43.98		2201	
	SECOND			7	21.21			Excluded		1	3.03		6	18.18		7	21.21		12	36.36		33	
		TOTAL		781	35.48					129	5.86		97	4.41		214	9.72		980	44.53		2201	
	THIRD			10	10.31					13	13.40			Excluded		51	52.58		23	23.71		97	
		TOTAL		791	35.94					142	6.45					265	12.04		1003	45.57		2201	
	FOURTH			83	58.45						Excluded					29	20.42		30	21.13		142	
		TOTAL		874	39.71											294	13.36		1033	46.93		2201	
	FIFTH			91	30.95												Excluded		203	69.05		294	
		TOTAL		965	43.84														1236	56.16		2201	
																			Elected				
																							
Christies North                                                																							
	FIRST			135	33.09		9	2.21		24	5.88		21	5.15		41	10.05		178	43.63		408	
	SECOND			1	11.11			Excluded		3	33.33		2	22.22		1	11.11		2	22.22		9	
		TOTAL		136	33.33					27	6.62		23	5.64		42	10.29		180	44.12		408	
	THIRD			1	4.35					2	8.70			Excluded		15	65.22		5	21.74		23	
		TOTAL		137	33.58					29	7.11					57	13.97		185	45.34		408	
	FOURTH			15	51.72						Excluded					6	20.69		8	27.59		29	
		TOTAL		152	37.25											63	15.44		193	47.30		408	
	FIFTH			17	26.98												Excluded		46	73.02		63	
		TOTAL		169	41.42														239	58.58		408	
																			Elected				
																							
Hackham                                                        																							
	FIRST			566	27.69		46	2.25		128	6.26		48	2.35		227	11.11		1029	50.34		2044	
	SECOND			8	17.39			Excluded		12	26.09		10	21.74		5	10.87		11	23.91		46	
		TOTAL		574	28.08					140	6.85		58	2.84		232	11.35		1040	50.88		2044	
	THIRD			8	13.79					10	17.24			Excluded		28	48.28		12	20.69		58	
		TOTAL		582	28.47					150	7.34					260	12.72		1052	51.47		2044	
	FOURTH			89	59.33						Excluded					42	28.00		19	12.67		150	
		TOTAL		671	32.83											302	14.77		1071	52.40		2044	
	FIFTH			107	35.43												Excluded		195	64.57		302	
		TOTAL		778	38.06														1266	61.94		2044	
																			Elected				
																							
Hackham East                                                   																							
	FIRST			1288	39.30		87	2.65		163	4.97		99	3.02		384	11.72		1256	38.33		3277	
	SECOND			9	10.34			Excluded		14	16.09		37	42.53		7	8.05		20	22.99		87	
		TOTAL		1297	39.58					177	5.40		136	4.15		391	11.93		1276	38.94		3277	
	THIRD			12	8.82					11	8.09			Excluded		87	63.97		26	19.12		136	
		TOTAL		1309	39.95					188	5.74					478	14.59		1302	39.73		3277	
	FOURTH			99	52.66						Excluded					53	28.19		36	19.15		188	
		TOTAL		1408	42.97											531	16.20		1338	40.83		3277	
	FIFTH			179	33.71												Excluded		352	66.29		531	
		TOTAL		1587	48.43														1690	51.57		3277	
																			Elected				
																							
Hackham South                                                  																							
	FIRST			453	30.10		26	1.73		75	4.98		46	3.06		173	11.50		732	48.64		1505	
	SECOND			8	30.77			Excluded		5	19.23		4	15.38		1	3.85		8	30.77		26	
		TOTAL		461	30.63					80	5.32		50	3.32		174	11.56		740	49.17		1505	
	THIRD			6	12.00					7	14.00			Excluded		30	60.00		7	14.00		50	
		TOTAL		467	31.03					87	5.78					204	13.55		747	49.63		1505	
	FOURTH			48	55.17						Excluded					25	28.74		14	16.09		87	
		TOTAL		515	34.22											229	15.22		761	50.56		1505	
	FIFTH			74	32.31												Excluded		155	67.69		229	
		TOTAL		589	39.14														916	60.86		1505	
																			Elected				
																							
Hallett Cove                                                   																							
	FIRST			1275	45.44		26	0.93		94	3.35		71	2.53		314	11.19		1026	36.56		2806	
	SECOND			7	26.92			Excluded		4	15.38		9	34.62		1	3.85		5	19.23		26	
		TOTAL		1282	45.69					98	3.49		80	2.85		315	11.23		1031	36.74		2806	
	THIRD			9	11.25					6	7.50			Excluded		45	56.25		20	25.00		80	
		TOTAL		1291	46.01					104	3.71					360	12.83		1051	37.46		2806	
	FOURTH			64	61.54						Excluded					21	20.19		19	18.27		104	
		TOTAL		1355	48.29											381	13.58		1070	38.13		2806	
	FIFTH			138	36.22												Excluded		243	63.78		381	
		TOTAL		1493	53.21														1313	46.79		2806	
																			Elected				
																							
Happy Valley (Kingston)                                        																							
	FIRST			674	50.45		11	0.82		30	2.25		54	4.04		192	14.37		375	28.07		1336	
	SECOND			5	45.45			Excluded		2	18.18		2	18.18		2	18.18		0	0.00		11	
		TOTAL		679	50.82					32	2.40		56	4.19		194	14.52		375	28.07		1336	
	THIRD			2	3.57					6	10.71			Excluded		40	71.43		8	14.29		56	
		TOTAL		681	50.97					38	2.84					234	17.51		383	28.67		1336	
	FOURTH			19	50.00						Excluded					12	31.58		7	18.42		38	
		TOTAL		700	52.40											246	18.41		390	29.19		1336	
	FIFTH			100	40.65												Excluded		146	59.35		246	
		TOTAL		800	59.88														536	40.12		1336	
																			Elected				
																							
Karrara                                                        																							
	FIRST			1597	46.06		26	0.75		114	3.29		88	2.54		351	10.12		1291	37.24		3467	
	SECOND			6	23.08			Excluded		4	15.38		2	7.69		6	23.08		8	30.77		26	
		TOTAL		1603	46.24					118	3.40		90	2.60		357	10.30		1299	37.47		3467	
	THIRD			21	23.33					5	5.56			Excluded		45	50.00		19	21.11		90	
		TOTAL		1624	46.84					123	3.55					402	11.60		1318	38.02		3467	
	FOURTH			76	61.79						Excluded					24	19.51		23	18.70		123	
		TOTAL		1700	49.03											426	12.29		1341	38.68		3467	
	FIFTH			165	38.73												Excluded		261	61.27		426	
		TOTAL		1865	53.79														1602	46.21		3467	
																			Elected				
																							
Lonsdale                                                       																							
	FIRST			245	28.10		15	1.72		76	8.72		22	2.52		84	9.63		430	49.31		872	
	SECOND			2	13.33			Excluded		3	20.00		4	26.67		2	13.33		4	26.67		15	
		TOTAL		247	28.33					79	9.06		26	2.98		86	9.86		434	49.77		872	
	THIRD			3	11.54					4	15.38			Excluded		15	57.69		4	15.38		26	
		TOTAL		250	28.67					83	9.52					101	11.58		438	50.23		872	
	FOURTH			50	60.24						Excluded					18	21.69		15	18.07		83	
		TOTAL		300	34.40											119	13.65		453	51.95		872	
	FIFTH			40	33.61												Excluded		79	66.39		119	
		TOTAL		340	38.99														532	61.01		872	
																			Elected				
																							
Maslin Beach                                                   																							
	FIRST			166	30.91		9	1.68		35	6.52		42	7.82		69	12.85		216	40.22		537	
	SECOND			0	0.00			Excluded		2	22.22		4	44.44		1	11.11		2	22.22		9	
		TOTAL		166	30.91					37	6.89		46	8.57		70	13.04		218	40.60		537	
	THIRD			1	2.17					4	8.70			Excluded		36	78.26		5	10.87		46	
		TOTAL		167	31.10					41	7.64					106	19.74		223	41.53		537	
	FOURTH			19	46.34						Excluded					10	24.39		12	29.27		41	
		TOTAL		186	34.64											116	21.60		235	43.76		537	
	FIFTH			30	25.86												Excluded		86	74.14		116	
		TOTAL		216	40.22														321	59.78		537	
																			Elected				
																							
Moana                                                          																							
	FIRST			838	37.23		22	0.98		120	5.33		79	3.51		268	11.91		924	41.05		2251	
	SECOND			2	9.09			Excluded		4	18.18		8	36.36		3	13.64		5	22.73		22	
		TOTAL		840	37.32					124	5.51		87	3.86		271	12.04		929	41.27		2251	
	THIRD			8	9.20					11	12.64			Excluded		52	59.77		16	18.39		87	
		TOTAL		848	37.67					135	6.00					323	14.35		945	41.98		2251	
	FOURTH			81	60.00						Excluded					26	19.26		28	20.74		135	
		TOTAL		929	41.27											349	15.50		973	43.23		2251	
	FIFTH			123	35.24												Excluded		226	64.76		349	
		TOTAL		1052	46.73														1199	53.27		2251	
																			Elected				
																							
Morphett Vale                                                  																							
	FIRST			1153	33.53		93	2.70		180	5.23		81	2.36		419	12.18		1513	44.00		3439	
	SECOND			19	20.43			Excluded		11	11.83		34	36.56		9	9.68		20	21.51		93	
		TOTAL		1172	34.08					191	5.55		115	3.34		428	12.45		1533	44.58		3439	
	THIRD			8	6.96					21	18.26			Excluded		61	53.04		25	21.74		115	
		TOTAL		1180	34.31					212	6.16					489	14.22		1558	45.30		3439	
	FOURTH			108	50.94						Excluded					60	28.30		44	20.75		212	
		TOTAL		1288	37.45											549	15.96		1602	46.58		3439	
	FIFTH			201	36.61												Excluded		348	63.39		549	
		TOTAL		1489	43.30														1950	56.70		3439	
																			Elected				
																							
Morphett Vale East                                             																							
	FIRST			1000	39.87		27	1.08		105	4.19		64	2.55		318	12.68		994	39.63		2508	
	SECOND			4	14.81			Excluded		5	18.52		4	14.81		4	14.81		10	37.04		27	
		TOTAL		1004	40.03					110	4.39		68	2.71		322	12.84		1004	40.03		2508	
	THIRD			5	7.35					14	20.59			Excluded		32	47.06		17	25.00		68	
		TOTAL		1009	40.23					124	4.94					354	14.11		1021	40.71		2508	
	FOURTH			68	54.84						Excluded					29	23.39		27	21.77		124	
		TOTAL		1077	42.94											383	15.27		1048	41.79		2508	
	FIFTH			155	40.47												Excluded		228	59.53		383	
		TOTAL		1232	49.12														1276	50.88		2508	
																			Elected				
																							
Morphett Vale North                                            																							
	FIRST			581	38.81		15	1.00		79	5.28		42	2.81		156	10.42		624	41.68		1497	
	SECOND			3	20.00			Excluded		1	6.67		7	46.67		1	6.67		3	20.00		15	
		TOTAL		584	39.01					80	5.34		49	3.27		157	10.49		627	41.88		1497	
	THIRD			8	16.33					12	24.49			Excluded		19	38.78		10	20.41		49	
		TOTAL		592	39.55					92	6.15					176	11.76		637	42.55		1497	
	FOURTH			59	64.13						Excluded					18	19.57		15	16.30		92	
		TOTAL		651	43.49											194	12.96		652	43.55		1497	
	FIFTH			75	38.66												Excluded		119	61.34		194	
		TOTAL		726	48.50														771	51.50		1497	
																			Elected				
																							
Morphett Vale South                                            																							
	FIRST			171	31.03		8	1.45		39	7.08		22	3.99		39	7.08		272	49.36		551	
	SECOND			3	37.50			Excluded		1	12.50		3	37.50		0	0.00		1	12.50		8	
		TOTAL		174	31.58					40	7.26		25	4.54		39	7.08		273	49.55		551	
	THIRD			1	4.00					3	12.00			Excluded		15	60.00		6	24.00		25	
		TOTAL		175	31.76					43	7.80					54	9.80		279	50.64		551	
	FOURTH			30	69.77						Excluded					11	25.58		2	4.65		43	
		TOTAL		205	37.21											65	11.80		281	51.00		551	
	FIFTH			15	23.08												Excluded		50	76.92		65	
		TOTAL		220	39.93														331	60.07		551	
																			Elected				
																							
Noarlunga Downs                                                																							
	FIRST			335	28.80		27	2.32		65	5.59		40	3.44		100	8.60		596	51.25		1163	
	SECOND			8	29.63			Excluded		5	18.52		3	11.11		4	14.81		7	25.93		27	
		TOTAL		343	29.49					70	6.02		43	3.70		104	8.94		603	51.85		1163	
	THIRD			6	13.95					5	11.63			Excluded		23	53.49		9	20.93		43	
		TOTAL		349	30.01					75	6.45					127	10.92		612	52.62		1163	
	FOURTH			37	49.33						Excluded					14	18.67		24	32.00		75	
		TOTAL		386	33.19											141	12.12		636	54.69		1163	
	FIFTH			38	26.95												Excluded		103	73.05		141	
		TOTAL		424	36.46														739	63.54		1163	
																			Elected				
																							
O'Halloran Hill                                                																							
	FIRST			1320	45.31		21	0.72		120	4.12		76	2.61		325	11.16		1051	36.08		2913	
	SECOND			4	19.05			Excluded		6	28.57		7	33.33		3	14.29		1	4.76		21	
		TOTAL		1324	45.45					126	4.33		83	2.85		328	11.26		1052	36.11		2913	
	THIRD			4	4.82					13	15.66			Excluded		50	60.24		16	19.28		83	
		TOTAL		1328	45.59					139	4.77					378	12.98		1068	36.66		2913	
	FOURTH			90	64.75						Excluded					26	18.71		23	16.55		139	
		TOTAL		1418	48.68											404	13.87		1091	37.45		2913	
	FIFTH			144	35.64												Excluded		260	64.36		404	
		TOTAL		1562	53.62														1351	46.38		2913	
																			Elected				
																							
O'Sullivan Beach                                               																							
	FIRST			367	27.43		16	1.20		124	9.27		40	2.99		149	11.14		642	47.98		1338	
	SECOND			5	31.25			Excluded		2	12.50		1	6.25		2	12.50		6	37.50		16	
		TOTAL		372	27.80					126	9.42		41	3.06		151	11.29		648	48.43		1338	
	THIRD			1	2.44					5	12.20			Excluded		21	51.22		14	34.15		41	
		TOTAL		373	27.88					131	9.79					172	12.86		662	49.48		1338	
	FOURTH			76	58.02						Excluded					34	25.95		21	16.03		131	
		TOTAL		449	33.56											206	15.40		683	51.05		1338	
	FIFTH			67	32.52												Excluded		139	67.48		206	
		TOTAL		516	38.57														822	61.43		1338	
																			Elected				
																							
Onkaparinga Hills                                              																							
	FIRST			468	34.95		22	1.64		57	4.26		43	3.21		164	12.25		585	43.69		1339	
	SECOND			3	13.64			Excluded		5	22.73		3	13.64		4	18.18		7	31.82		22	
		TOTAL		471	35.18					62	4.63		46	3.44		168	12.55		592	44.21		1339	
	THIRD			3	6.52					8	17.39			Excluded		21	45.65		14	30.43		46	
		TOTAL		474	35.40					70	5.23					189	14.12		606	45.26		1339	
	FOURTH			32	45.71						Excluded					27	38.57		11	15.71		70	
		TOTAL		506	37.79											216	16.13		617	46.08		1339	
	FIFTH			59	27.31												Excluded		157	72.69		216	
		TOTAL		565	42.20														774	57.80		1339	
																			Elected				
																							
Pimpala                                                        																							
	FIRST			823	41.82		25	1.27		81	4.12		39	1.98		232	11.79		768	39.02		1968	
	SECOND			7	28.00			Excluded		1	4.00		5	20.00		1	4.00		11	44.00		25	
		TOTAL		830	42.17					82	4.17		44	2.24		233	11.84		779	39.58		1968	
	THIRD			7	15.91					6	13.64			Excluded		21	47.73		10	22.73		44	
		TOTAL		837	42.53					88	4.47					254	12.91		789	40.09		1968	
	FOURTH			38	43.18						Excluded					31	35.23		19	21.59		88	
		TOTAL		875	44.46											285	14.48		808	41.06		1968	
	FIFTH			104	36.49												Excluded		181	63.51		285	
		TOTAL		979	49.75														989	50.25		1968	
																			Elected				
																							
Port Noarlunga                                                 																							
	FIRST			554	36.14		21	1.37		78	5.09		84	5.48		176	11.48		620	40.44		1533	
	SECOND			2	9.52			Excluded		5	23.81		6	28.57		1	4.76		7	33.33		21	
		TOTAL		556	36.27					83	5.41		90	5.87		177	11.55		627	40.90		1533	
	THIRD			6	6.67					13	14.44			Excluded		50	55.56		21	23.33		90	
		TOTAL		562	36.66					96	6.26					227	14.81		648	42.27		1533	
	FOURTH			54	56.25						Excluded					24	25.00		18	18.75		96	
		TOTAL		616	40.18											251	16.37		666	43.44		1533	
	FIFTH			77	30.68												Excluded		174	69.32		251	
		TOTAL		693	45.21														840	54.79		1533	
																			Elected				
																							
Reynella                                                       																							
	FIRST			1110	41.68		41	1.54		113	4.24		43	1.61		353	13.26		1003	37.66		2663	
	SECOND			11	26.83			Excluded		8	19.51		7	17.07		9	21.95		6	14.63		41	
		TOTAL		1121	42.10					121	4.54		50	1.88		362	13.59		1009	37.89		2663	
	THIRD			3	6.00					9	18.00			Excluded		31	62.00		7	14.00		50	
		TOTAL		1124	42.21					130	4.88					393	14.76		1016	38.15		2663	
	FOURTH			74	56.92						Excluded					37	28.46		19	14.62		130	
		TOTAL		1198	44.99											430	16.15		1035	38.87		2663	
	FIFTH			166	38.60												Excluded		264	61.40		430	
		TOTAL		1364	51.22														1299	48.78		2663	
																			Elected				
																							
Reynella East                                                  																							
	FIRST			1461	42.58		37	1.08		123	3.58		79	2.30		483	14.08		1248	36.37		3431	
	SECOND			4	10.81			Excluded		10	27.03		7	18.92		6	16.22		10	27.03		37	
		TOTAL		1465	42.70					133	3.88		86	2.51		489	14.25		1258	36.67		3431	
	THIRD			8	9.30					9	10.47			Excluded		51	59.30		18	20.93		86	
		TOTAL		1473	42.93					142	4.14					540	15.74		1276	37.19		3431	
	FOURTH			80	56.34						Excluded					39	27.46		23	16.20		142	
		TOTAL		1553	45.26											579	16.88		1299	37.86		3431	
	FIFTH			227	39.21												Excluded		352	60.79		579	
		TOTAL		1780	51.88														1651	48.12		3431	
																			Elected				
																							
Reynella South                                                 																							
	FIRST			1097	39.04		36	1.28		154	5.48		70	2.49		324	11.53		1129	40.18		2810	
	SECOND			7	19.44			Excluded		3	8.33		11	30.56		6	16.67		9	25.00		36	
		TOTAL		1104	39.29					157	5.59		81	2.88		330	11.74		1138	40.50		2810	
	THIRD			9	11.11					13	16.05			Excluded		46	56.79		13	16.05		81	
		TOTAL		1113	39.61					170	6.05					376	13.38		1151	40.96		2810	
	FOURTH			85	50.00						Excluded					53	31.18		32	18.82		170	
		TOTAL		1198	42.63											429	15.27		1183	42.10		2810	
	FIFTH			165	38.46												Excluded		264	61.54		429	
		TOTAL		1363	48.51														1447	51.49		2810	
																			Elected				
																							
Seaford                                                        																							
	FIRST			804	35.81		23	1.02		146	6.50		79	3.52		220	9.80		973	43.34		2245	
	SECOND			7	30.43			Excluded		4	17.39		6	26.09		3	13.04		3	13.04		23	
		TOTAL		811	36.12					150	6.68		85	3.79		223	9.93		976	43.47		2245	
	THIRD			6	7.06					9	10.59			Excluded		52	61.18		18	21.18		85	
		TOTAL		817	36.39					159	7.08					275	12.25		994	44.28		2245	
	FOURTH			95	59.75						Excluded					34	21.38		30	18.87		159	
		TOTAL		912	40.62											309	13.76		1024	45.61		2245	
	FIFTH			82	26.54												Excluded		227	73.46		309	
		TOTAL		994	44.28														1251	55.72		2245	
																			Elected				
																							
Seaford Rise                                                   																							
	FIRST			775	38.58		26	1.29		84	4.18		53	2.64		237	11.80		834	41.51		2009	
	SECOND			7	26.92			Excluded		7	26.92		1	3.85		3	11.54		8	30.77		26	
		TOTAL		782	38.92					91	4.53		54	2.69		240	11.95		842	41.91		2009	
	THIRD			7	12.96					6	11.11			Excluded		33	61.11		8	14.81		54	
		TOTAL		789	39.27					97	4.83					273	13.59		850	42.31		2009	
	FOURTH			44	45.36						Excluded					28	28.87		25	25.77		97	
		TOTAL		833	41.46											301	14.98		875	43.55		2009	
	FIFTH			93	30.90												Excluded		208	69.10		301	
		TOTAL		926	46.09														1083	53.91		2009	
																			Elected				
																							
Sellicks Beach                                                 																							
	FIRST			291	37.40		6	0.77		50	6.43		26	3.34		75	9.64		330	42.42		778	
	SECOND			2	33.33			Excluded		2	33.33		0	0.00		0	0.00		2	33.33		6	
		TOTAL		293	37.66					52	6.68		26	3.34		75	9.64		332	42.67		778	
	THIRD			1	3.85					2	7.69			Excluded		20	76.92		3	11.54		26	
		TOTAL		294	37.79					54	6.94					95	12.21		335	43.06		778	
	FOURTH			27	50.00						Excluded					13	24.07		14	25.93		54	
		TOTAL		321	41.26											108	13.88		349	44.86		778	
	FIFTH			27	25.00												Excluded		81	75.00		108	
		TOTAL		348	44.73														430	55.27		778	
																			Elected				
																							
Sheidow Park                                                   																							
	FIRST			1034	40.79		39	1.54		84	3.31		59	2.33		365	14.40		954	37.63		2535	
	SECOND			6	15.38			Excluded		9	23.08		8	20.51		4	10.26		12	30.77		39	
		TOTAL		1040	41.03					93	3.67		67	2.64		369	14.56		966	38.11		2535	
	THIRD			6	8.96					13	19.40			Excluded		36	53.73		12	17.91		67	
		TOTAL		1046	41.26					106	4.18					405	15.98		978	38.58		2535	
	FOURTH			46	43.40						Excluded					39	36.79		21	19.81		106	
		TOTAL		1092	43.08											444	17.51		999	39.41		2535	
	FIFTH			151	34.01												Excluded		293	65.99		444	
		TOTAL		1243	49.03														1292	50.97		2535	
																			Elected				
																							
Trott Park                                                     																							
	FIRST			583	40.94		15	1.05		30	2.11		31	2.18		216	15.17		549	38.55		1424	
	SECOND			3	20.00			Excluded		2	13.33		4	26.67		4	26.67		2	13.33		15	
		TOTAL		586	41.15					32	2.25		35	2.46		220	15.45		551	38.69		1424	
	THIRD			5	14.29					5	14.29			Excluded		19	54.29		6	17.14		35	
		TOTAL		591	41.50					37	2.60					239	16.78		557	39.12		1424	
	FOURTH			19	51.35						Excluded					12	32.43		6	16.22		37	
		TOTAL		610	42.84											251	17.63		563	39.54		1424	
	FIFTH			89	35.46												Excluded		162	64.54		251	
		TOTAL		699	49.09														725	50.91		1424	
																			Elected				
																							
Woodcroft                                                      																							
	FIRST			1954	46.10		43	1.01		160	3.77		60	1.42		508	11.98		1514	35.72		4239	
	SECOND			11	25.58			Excluded		9	20.93		8	18.60		4	9.30		11	25.58		43	
		TOTAL		1965	46.36					169	3.99		68	1.60		512	12.08		1525	35.98		4239	
	THIRD			6	8.82					9	13.24			Excluded		40	58.82		13	19.12		68	
		TOTAL		1971	46.50					178	4.20					552	13.02		1538	36.28		4239	
	FOURTH			94	52.81						Excluded					48	26.97		36	20.22		178	
		TOTAL		2065	48.71											600	14.15		1574	37.13		4239	
	FIFTH			232	38.67												Excluded		368	61.33		600	
		TOTAL		2297	54.19														1942	45.81		4239	
																			Elected				
																							
Special Hospital Team 1                                        																							
	FIRST			103	62.05		2	1.20		3	1.81		1	0.60		8	4.82		49	29.52		166	
	SECOND			0	0.00			Excluded		0	0.00		0	0.00		1	50.00		1	50.00		2	
		TOTAL		103	62.05					3	1.81		1	0.60		9	5.42		50	30.12		166	
	THIRD			0	0.00					0	0.00			Excluded		1	100.00		0	0.00		1	
		TOTAL		103	62.05					3	1.81					10	6.02		50	30.12		166	
	FOURTH			2	66.67						Excluded					1	33.33		0	0.00		3	
		TOTAL		105	63.25											11	6.63		50	30.12		166	
	FIFTH			3	27.27												Excluded		8	72.73		11	
		TOTAL		108	65.06														58	34.94		166	
																			Elected				
																							
Special Hospital Team 2                                        																							
	FIRST			50	53.19		0	0.00		0	0.00		0	0.00		1	1.06		43	45.74		94	
	SECOND			0	0.00			Excluded		0	0.00		0	0.00		0	0.00		0	0.00		0	
		TOTAL		50	53.19					0	0.00		0	0.00		1	1.06		43	45.74		94	
	THIRD			0	0.00					0	0.00			Excluded		0	0.00		0	0.00		0	
		TOTAL		50	53.19					0	0.00					1	1.06		43	45.74		94	
	FOURTH			0	0.00						Excluded					0	0.00		0	0.00		0	
		TOTAL		50	53.19											1	1.06		43	45.74		94	
	FIFTH			0	0.00												Excluded		1	100.00		1	
		TOTAL		50	53.19														44	46.81		94	
																			Elected				
																							
Special Hospital Team 3                                        																							
	FIRST			41	51.90		0	0.00		3	3.80		1	1.27		0	0.00		34	43.04		79	
	SECOND			0	0.00			Excluded		0	0.00		0	0.00		0	0.00		0	0.00		0	
		TOTAL		41	51.90					3	3.80		1	1.27		0	0.00		34	43.04		79	
	THIRD			0	0.00					1	100.00			Excluded		0	0.00		0	0.00		1	
		TOTAL		41	51.90					4	5.06					0	0.00		34	43.04		79	
	FOURTH			3	75.00						Excluded					1	25.00		0	0.00		4	
		TOTAL		44	55.70											1	1.27		34	43.04		79	
	FIFTH			0	0.00												Excluded		1	100.00		1	
		TOTAL		44	55.70														35	44.30		79	
																			Elected				
																							
ABSENT																							
	FIRST			1718	37.62		106	2.32		191	4.18		271	5.93		657	14.39		1624	35.56		4567	
	SECOND			28	26.42			Excluded		13	12.26		22	20.75		15	14.15		28	26.42		106	
		TOTAL		1746	38.23					204	4.47		293	6.42		672	14.71		1652	36.17		4567	
	THIRD			31	10.58					35	11.95			Excluded		167	57.00		60	20.48		293	
		TOTAL		1777	38.91					239	5.23					839	18.37		1712	37.49		4567	
	FOURTH			88	36.82						Excluded					85	35.56		66	27.62		239	
		TOTAL		1865	40.84											924	20.23		1778	38.93		4567	
	FIFTH			321	34.74												Excluded		603	65.26		924	
		TOTAL		2186	47.87														2381	52.13		4567	
																			Elected				
																							
POSTAL																							
	FIRST			1161	43.68		36	1.35		131	4.93		60	2.26		188	7.07		1082	40.71		2658	
	SECOND			4	11.11			Excluded		8	22.22		6	16.67		6	16.67		12	33.33		36	
		TOTAL		1165	43.83					139	5.23		66	2.48		194	7.30		1094	41.16		2658	
	THIRD			11	16.67					12	18.18			Excluded		25	37.88		18	27.27		66	
		TOTAL		1176	44.24					151	5.68					219	8.24		1112	41.84		2658	
	FOURTH			62	41.06						Excluded					53	35.10		36	23.84		151	
		TOTAL		1238	46.58											272	10.23		1148	43.19		2658	
	FIFTH			94	34.56												Excluded		178	65.44		272	
		TOTAL		1332	50.11														1326	49.89		2658	
																			Elected				
																							
PRE POLL																							
	FIRST			1145	38.33		64	2.14		134	4.49		103	3.45		304	10.18		1237	41.41		2987	
	SECOND			14	21.88			Excluded		11	17.19		23	35.94		6	9.38		10	15.63		64	
		TOTAL		1159	38.80					145	4.85		126	4.22		310	10.38		1247	41.75		2987	
	THIRD			13	10.32					17	13.49			Excluded		66	52.38		30	23.81		126	
		TOTAL		1172	39.24					162	5.42					376	12.59		1277	42.75		2987	
	FOURTH			74	45.68						Excluded					48	29.63		40	24.69		162	
		TOTAL		1246	41.71											424	14.19		1317	44.09		2987	
	FIFTH			147	34.67												Excluded		277	65.33		424	
		TOTAL		1393	46.64														1594	53.36		2987	
																			Elected				
																							
PROVISIONAL																							
	FIRST			149	26.85		17	3.06		33	5.95		25	4.50		79	14.23		252	45.41		555	
	SECOND			2	11.76			Excluded		4	23.53		5	29.41		2	11.76		4	23.53		17	
		TOTAL		151	27.21					37	6.67		30	5.41		81	14.59		256	46.13		555	
	THIRD			0	0.00					3	10.00			Excluded		19	63.33		8	26.67		30	
		TOTAL		151	27.21					40	7.21					100	18.02		264	47.57		555	
	FOURTH			11	27.50						Excluded					17	42.50		12	30.00		40	
		TOTAL		162	29.19											117	21.08		276	49.73		555	
	FIFTH			39	33.33												Excluded		78	66.67		117	
		TOTAL		201	36.22														354	63.78		555	
																			Elected				
																							
																							
																							
																							
																							
																							
																							
																							
																							
																							
																							
																							
																							
																							
																							
																							
																							
																							
																							
																							
																							
																							
																							
																							
																							
																							
																							
																							
																							
																							
																							
																							
																							
																							
																							
																							
																							
																							
																							
																							
																							
																							
																							
																							
																							
																							
																							
																							
																							
																							
																							
																							
																							
																							
																							
																							
																							
																							
																							
																							
																							
																							
																							
																							
																							
																							
																							
																							
																							
																							
																							
																							
																							
																							
																							
																							
																							
																							
																							
																							
																							
																							
																							
																							
																							
																							
																							
																							
																							
																							
																							
																							
																							
																							
																							
																							
																							
																							
																							
																							
																							
																							
																							
																							
																							
																							
																							
																							
																							
																							
																							
																							
																							
																							
																							
																							
																							
																							
																							
																							
																							
																							
																							
																							
																							
																							
																							
																							
																							
																							
																							
																							
																							
																							
																							
																							
																							
																							
																							
																							
																							
																							
																							
																							
																							
																							
																							
																							
																							
																							
																							
																							
																							
																							
																							
																							
