Senate - 2001 Election: South Australia																																							
First Preference Votes by Group 																																							
By Polling Place																																							

Wakefield (86378)																																							
		Group A Total			Group B Total			Group C Total			Group D Total			Group E Total			Group F Total			Group G Total			Group H Total			Group I Total			Ungrouped Total 			FORMAL 			INFORMAL 			TOTAL 	
		ALP			GRN			HAN			Unendorsed			LP			Unendorsed			Unendorsed			RPA			DEM			Independent & CEC										
Polling Places		Vote	%		Vote	%		Vote	%		Vote	%		Vote	%		Vote	%		Vote	%		Vote	%		Vote	%		Vote	%		Vote	%		Vote	%		Vote	%
Alford		17	13.28		1	0.78		16	12.50		0	0.00		92	71.88		0	0.00		0	0.00		0	0.00		2	1.56		0	0.00		128	96.97		4	3.03		132	0.16
Angaston		363	22.93		56	3.54		98	6.19		0	0.00		858	54.20		1	0.06		1	0.06		5	0.32		198	12.51		3	0.19		1583	96.88		51	3.12		1634	1.96
Ardrossan		307	28.06		19	1.74		93	8.50		2	0.18		603	55.12		0	0.00		0	0.00		0	0.00		70	6.40		0	0.00		1094	95.96		46	4.04		1140	1.37
Arthurton		11	6.47		5	2.94		14	8.24		0	0.00		133	78.24		0	0.00		1	0.59		0	0.00		4	2.35		2	1.18		170	97.14		5	2.86		175	0.21
Balaklava		248	17.96		27	1.96		104	7.53		2	0.14		909	65.82		3	0.22		3	0.22		1	0.07		83	6.01		1	0.07		1381	96.30		53	3.70		1434	1.72
Barmera		582	27.65		49	2.33		181	8.60		4	0.19		1165	55.34		0	0.00		0	0.00		3	0.14		121	5.75		0	0.00		2105	95.81		92	4.19		2197	2.63
Berri		673	25.83		76	2.92		182	6.98		5	0.19		1428	54.80		1	0.04		0	0.00		3	0.12		237	9.09		1	0.04		2606	95.84		113	4.16		2719	3.26
Birdwood		152	20.21		36	4.79		46	6.12		0	0.00		406	53.99		0	0.00		0	0.00		3	0.40		107	14.23		2	0.27		752	97.79		17	2.21		769	0.92
Blanchetown		61	24.40		1	0.40		18	7.20		0	0.00		151	60.40		0	0.00		0	0.00		0	0.00		19	7.60		0	0.00		250	96.15		10	3.85		260	0.31
Bute		59	17.66		7	2.10		15	4.49		0	0.00		237	70.96		0	0.00		0	0.00		1	0.30		15	4.49		0	0.00		334	97.09		10	2.91		344	0.41
Cadell		44	19.21		4	1.75		16	6.99		0	0.00		148	64.63		0	0.00		0	0.00		1	0.44		16	6.99		0	0.00		229	97.03		7	2.97		236	0.28
Cobdogla		88	23.34		3	0.80		37	9.81		2	0.53		219	58.09		0	0.00		0	0.00		0	0.00		25	6.63		3	0.80		377	98.69		5	1.31		382	0.46
Coobowie		83	33.88		2	0.82		17	6.94		0	0.00		126	51.43		0	0.00		0	0.00		0	0.00		17	6.94		0	0.00		245	94.59		14	5.41		259	0.31
Corny Point		24	19.67		2	1.64		11	9.02		0	0.00		72	59.02		0	0.00		0	0.00		1	0.82		12	9.84		0	0.00		122	98.39		2	1.61		124	0.15
Curramulka		31	13.19		6	2.55		17	7.23		0	0.00		166	70.64		0	0.00		0	0.00		0	0.00		14	5.96		1	0.43		235	97.51		6	2.49		241	0.29
Dublin		131	28.05		6	1.28		48	10.28		0	0.00		239	51.18		0	0.00		1	0.21		0	0.00		42	8.99		0	0.00		467	95.50		22	4.50		489	0.59
Eden Valley		42	18.75		16	7.14		24	10.71		0	0.00		123	54.91		0	0.00		0	0.00		0	0.00		19	8.48		0	0.00		224	97.39		6	2.61		230	0.28
Edithburgh		118	30.26		11	2.82		42	10.77		0	0.00		192	49.23		0	0.00		0	0.00		1	0.26		25	6.41		1	0.26		390	94.66		22	5.34		412	0.49
Evanston		434	34.78		35	2.80		94	7.53		4	0.32		520	41.67		1	0.08		1	0.08		0	0.00		156	12.50		3	0.24		1248	96.59		44	3.41		1292	1.55
Evanston Gardens		451	35.26		23	1.80		129	10.09		3	0.23		562	43.94		2	0.16		0	0.00		0	0.00		108	8.44		1	0.08		1279	95.23		64	4.77		1343	1.61
Forreston		44	20.09		17	7.76		16	7.31		0	0.00		105	47.95		0	0.00		0	0.00		2	0.91		35	15.98		0	0.00		219	97.33		6	2.67		225	0.27
Freeling		204	24.43		25	2.99		72	8.62		2	0.24		455	54.49		0	0.00		0	0.00		0	0.00		77	9.22		0	0.00		835	97.32		23	2.68		858	1.03
Gawler		490	27.90		75	4.27		125	7.12		3	0.17		827	47.10		4	0.23		0	0.00		5	0.28		226	12.87		1	0.06		1756	96.96		55	3.04		1811	2.17
Gawler East		468	24.27		63	3.27		93	4.82		0	0.00		1060	54.98		0	0.00		0	0.00		2	0.10		239	12.40		3	0.16		1928	97.97		40	2.03		1968	2.36
Gawler River		60	20.34		9	3.05		15	5.08		1	0.34		178	60.34		0	0.00		0	0.00		1	0.34		31	10.51		0	0.00		295	96.41		11	3.59		306	0.37
Gawler South		723	30.07		101	4.20		138	5.74		1	0.04		1117	46.46		3	0.12		2	0.08		7	0.29		312	12.98		0	0.00		2404	96.08		98	3.92		2502	3.00
Gawler West		532	37.33		32	2.25		100	7.02		1	0.07		615	43.16		2	0.14		0	0.00		4	0.28		137	9.61		2	0.14		1425	95.38		69	4.62		1494	1.79
Glossop		107	28.84		9	2.43		21	5.66		1	0.27		211	56.87		1	0.27		0	0.00		3	0.81		18	4.85		0	0.00		371	96.61		13	3.39		384	0.46
Greenock		174	21.19		24	2.92		48	5.85		3	0.37		467	56.88		0	0.00		1	0.12		1	0.12		101	12.30		2	0.24		821	97.27		23	2.73		844	1.01
Gumeracha		96	15.36		18	2.88		46	7.36		1	0.16		360	57.60		1	0.16		0	0.00		4	0.64		99	15.84		0	0.00		625	99.05		6	0.95		631	0.76
Hamley Bridge		114	27.54		16	3.86		29	7.00		0	0.00		209	50.48		0	0.00		0	0.00		2	0.48		44	10.63		0	0.00		414	98.10		8	1.90		422	0.51
Hardwicke Bay		28	28.57		1	1.02		1	1.02		0	0.00		63	64.29		0	0.00		0	0.00		0	0.00		5	5.10		0	0.00		98	98.99		1	1.01		99	0.12
Kadina		498	24.67		37	1.83		128	6.34		2	0.10		1189	58.89		2	0.10		0	0.00		5	0.25		157	7.78		1	0.05		2019	96.83		66	3.17		2085	2.50
Kapunda		452	25.35		88	4.94		146	8.19		0	0.00		861	48.29		2	0.11		0	0.00		3	0.17		229	12.84		2	0.11		1783	96.80		59	3.20		1842	2.21
Kersbrook		127	20.09		20	3.16		45	7.12		1	0.16		359	56.80		0	0.00		0	0.00		0	0.00		79	12.50		1	0.16		632	97.83		14	2.17		646	0.77
Loxton		622	21.65		69	2.40		200	6.96		2	0.07		1780	61.96		5	0.17		0	0.00		0	0.00		193	6.72		2	0.07		2873	96.54		103	3.46		2976	3.57
Loxton North		84	16.87		19	3.82		50	10.04		1	0.20		309	62.05		1	0.20		0	0.00		5	1.00		29	5.82		0	0.00		498	95.77		22	4.23		520	0.62
Lyndoch		245	22.94		42	3.93		83	7.77		0	0.00		551	51.59		0	0.00		1	0.09		1	0.09		142	13.30		3	0.28		1068	98.61		15	1.39		1083	1.30
Lyrup		56	24.14		7	3.02		21	9.05		1	0.43		136	58.62		0	0.00		0	0.00		0	0.00		11	4.74		0	0.00		232	95.87		10	4.13		242	0.29
Maitland		140	15.68		15	1.68		82	9.18		0	0.00		596	66.74		1	0.11		1	0.11		0	0.00		58	6.49		0	0.00		893	96.54		32	3.46		925	1.11
Mallala		189	25.37		13	1.74		62	8.32		1	0.13		414	55.57		0	0.00		0	0.00		0	0.00		66	8.86		0	0.00		745	98.81		9	1.19		754	0.90
Marion Bay		32	33.33		7	7.29		3	3.13		0	0.00		47	48.96		0	0.00		0	0.00		0	0.00		7	7.29		0	0.00		96	98.97		1	1.03		97	0.12
Minlaton		122	16.03		14	1.84		46	6.04		2	0.26		501	65.83		1	0.13		3	0.39		2	0.26		68	8.94		2	0.26		761	95.84		33	4.16		794	0.95
Moculta		12	8.00		6	4.00		14	9.33		0	0.00		103	68.67		0	0.00		0	0.00		0	0.00		15	10.00		0	0.00		150	99.34		1	0.66		151	0.18
Monash		115	21.14		20	3.68		52	9.56		0	0.00		310	56.99		0	0.00		0	0.00		1	0.18		46	8.46		0	0.00		544	97.49		14	2.51		558	0.67
Moonta		537	30.29		28	1.58		178	10.04		2	0.11		888	50.08		2	0.11		0	0.00		4	0.23		134	7.56		0	0.00		1773	96.62		62	3.38		1835	2.20
Moonta Mines		144	41.14		13	3.71		33	9.43		0	0.00		143	40.86		0	0.00		0	0.00		2	0.57		14	4.00		1	0.29		350	97.49		9	2.51		359	0.43
Moorook		69	19.11		6	1.66		39	10.80		0	0.00		226	62.60		0	0.00		0	0.00		1	0.28		20	5.54		0	0.00		361	98.90		4	1.10		365	0.44
Morgan		171	34.62		7	1.42		56	11.34		1	0.20		235	47.57		1	0.20		0	0.00		0	0.00		23	4.66		0	0.00		494	98.02		10	1.98		504	0.60
Mount Pleasant		157	23.40		19	2.83		52	7.75		0	0.00		349	52.01		1	0.15		0	0.00		1	0.15		92	13.71		0	0.00		671	96.41		25	3.59		696	0.83
Mount Torrens		65	18.68		18	5.17		27	7.76		0	0.00		193	55.46		0	0.00		1	0.29		0	0.00		44	12.64		0	0.00		348	96.40		13	3.60		361	0.43
Nuriootpa		685	22.60		109	3.60		179	5.91		0	0.00		1682	55.49		2	0.07		0	0.00		6	0.20		363	11.98		5	0.16		3031	96.38		114	3.62		3145	3.77
One Tree Hill (Wakefield)		81	23.01		7	1.99		22	6.25		0	0.00		201	57.10		2	0.57		0	0.00		1	0.28		36	10.23		2	0.57		352	98.05		7	1.95		359	0.43
Owen		81	24.55		5	1.52		32	9.70		1	0.30		183	55.45		1	0.30		0	0.00		0	0.00		27	8.18		0	0.00		330	95.38		16	4.62		346	0.41
Palmer		27	18.24		8	5.41		11	7.43		0	0.00		95	64.19		0	0.00		0	0.00		0	0.00		6	4.05		1	0.68		148	98.67		2	1.33		150	0.18
Paringa		133	20.78		16	2.50		57	8.91		0	0.00		400	62.50		0	0.00		0	0.00		0	0.00		33	5.16		1	0.16		640	95.81		28	4.19		668	0.80
Paskeville		23	12.78		2	1.11		6	3.33		0	0.00		139	77.22		0	0.00		0	0.00		0	0.00		10	5.56		0	0.00		180	95.74		8	4.26		188	0.23
Pine Point		25	16.56		0	0.00		7	4.64		0	0.00		108	71.52		0	0.00		0	0.00		0	0.00		10	6.62		1	0.66		151	100.00		0	0.00		151	0.18
Port Clinton		116	32.95		5	1.42		30	8.52		2	0.57		185	52.56		0	0.00		0	0.00		1	0.28		13	3.69		0	0.00		352	95.39		17	4.61		369	0.44
Port Victoria		61	21.33		6	2.10		31	10.84		0	0.00		169	59.09		0	0.00		0	0.00		0	0.00		19	6.64		0	0.00		286	97.61		7	2.39		293	0.35
Port Vincent		95	23.23		7	1.71		16	3.91		0	0.00		275	67.24		0	0.00		0	0.00		0	0.00		16	3.91		0	0.00		409	94.90		22	5.10		431	0.52
Port Wakefield		125	26.88		9	1.94		63	13.55		0	0.00		238	51.18		0	0.00		3	0.65		1	0.22		25	5.38		1	0.22		465	93.94		30	6.06		495	0.59
Ramco		106	24.04		5	1.13		44	9.98		0	0.00		258	58.50		0	0.00		0	0.00		2	0.45		23	5.22		3	0.68		441	96.08		18	3.92		459	0.55
Renmark		983	32.05		78	2.54		186	6.06		8	0.26		1610	52.49		5	0.16		2	0.07		9	0.29		186	6.06		0	0.00		3067	96.45		113	3.55		3180	3.81
Renmark North		139	27.20		16	3.13		33	6.46		2	0.39		287	56.16		0	0.00		0	0.00		1	0.20		32	6.26		1	0.20		511	96.05		21	3.95		532	0.64
Renmark West		75	15.27		13	2.65		37	7.54		0	0.00		316	64.36		0	0.00		1	0.20		1	0.20		46	9.37		2	0.41		491	96.46		18	3.54		509	0.61
Roseworthy		149	26.28		12	2.12		43	7.58		0	0.00		298	52.56		0	0.00		1	0.18		0	0.00		63	11.11		1	0.18		567	96.26		22	3.74		589	0.71
Sandy Creek		100	20.37		14	2.85		56	11.41		1	0.20		261	53.16		0	0.00		0	0.00		0	0.00		58	11.81		1	0.20		491	97.04		15	2.96		506	0.61
Springton		66	21.22		13	4.18		30	9.65		0	0.00		154	49.52		1	0.32		0	0.00		0	0.00		47	15.11		0	0.00		311	97.19		9	2.81		320	0.38
Stansbury		92	19.66		6	1.28		58	12.39		0	0.00		279	59.62		0	0.00		0	0.00		5	1.07		23	4.91		5	1.07		468	94.93		25	5.07		493	0.59
Stockwell		46	14.15		12	3.69		26	8.00		1	0.31		216	66.46		1	0.31		0	0.00		0	0.00		23	7.08		0	0.00		325	97.60		8	2.40		333	0.40
Tanunda		447	15.88		88	3.13		197	7.00		3	0.11		1688	59.99		3	0.11		1	0.04		6	0.21		374	13.29		7	0.25		2814	96.97		88	3.03		2902	3.48
Truro		69	17.78		11	2.84		46	11.86		0	0.00		234	60.31		0	0.00		0	0.00		0	0.00		27	6.96		1	0.26		388	96.52		14	3.48		402	0.48
Two Wells		703	32.47		50	2.31		145	6.70		2	0.09		998	46.10		2	0.09		2	0.09		11	0.51		252	11.64		0	0.00		2165	96.01		90	3.99		2255	2.70
Waikerie		432	22.03		54	2.75		130	6.63		2	0.10		1229	62.67		2	0.10		0	0.00		4	0.20		107	5.46		1	0.05		1961	95.99		82	4.01		2043	2.45
Wallaroo		734	41.75		55	3.13		163	9.27		4	0.23		703	39.99		0	0.00		1	0.06		1	0.06		96	5.46		1	0.06		1758	95.23		88	4.77		1846	2.21
Wallaroo Mines		265	42.95		13	2.11		48	7.78		1	0.16		249	40.36		0	0.00		0	0.00		0	0.00		39	6.32		2	0.32		617	96.11		25	3.89		642	0.77
Warooka		63	15.18		9	2.17		46	11.08		0	0.00		269	64.82		0	0.00		0	0.00		1	0.24		27	6.51		0	0.00		415	96.74		14	3.26		429	0.51
Wasleys		84	28.97		10	3.45		23	7.93		0	0.00		133	45.86		0	0.00		0	0.00		0	0.00		40	13.79		0	0.00		290	97.32		8	2.68		298	0.36
Willaston - Hewett		482	28.27		42	2.46		119	6.98		1	0.06		842	49.38		2	0.12		1	0.06		0	0.00		216	12.67		0	0.00		1705	97.54		43	2.46		1748	2.09
Williamstown		325	26.42		50	4.07		75	6.10		1	0.08		589	47.89		0	0.00		3	0.24		0	0.00		186	15.12		1	0.08		1230	96.70		42	3.30		1272	1.52
Winkie		32	18.18		8	4.55		15	8.52		0	0.00		107	60.80		0	0.00		0	0.00		0	0.00		14	7.95		0	0.00		176	97.24		5	2.76		181	0.22
Yorketown		158	22.57		9	1.29		43	6.14		0	0.00		432	61.71		1	0.14		0	0.00		2	0.29		54	7.71		1	0.14		700	95.24		35	4.76		735	0.88
Special Hospitals		266	33.13		12	1.49		25	3.11		2	0.25		477	59.40		0	0.00		0	0.00		0	0.00		21	2.62		0	0.00		803	95.48		38	4.52		841	1.01
Remote Mobiles		93	62.00		6	4.00		8	5.33		0	0.00		37	24.67		0	0.00		0	0.00		1	0.67		4	2.67		1	0.67		150	98.68		2	1.32		152	0.18
Total Ordinary		18157	25.61		1983	2.80		5273	7.44		79	0.11		38547	54.38		57	0.08		31	0.04		128	0.18		6557	9.25		77	0.11		70889	96.56		2522	3.44		73411	87.97
ABSENT		1370	26.83		203	3.97		323	6.32		5	0.10		2460	48.17		2	0.04		1	0.02		12	0.23		721	14.12		10	0.20		5107	97.93		108	2.07		5215	6.25
POSTAL		436	19.16		45	1.98		234	10.29		3	0.13		1354	59.52		0	0.00		1	0.04		3	0.13		192	8.44		7	0.31		2275	98.66		31	1.34		2306	2.76
PRE_POLL		468	24.70		79	4.17		139	7.34		1	0.05		974	51.40		4	0.21		0	0.00		4	0.21		225	11.87		1	0.05		1895	98.96		20	1.04		1915	2.29
PROVISIONAL		209	35.42		36	6.10		47	7.97		0	0.00		239	40.51		0	0.00		0	0.00		0	0.00		59	10.00		0	0.00		590	98.01		12	1.99		602	0.72
Division Summary		20640	25.56		2346	2.91		6016	7.45		88	0.11		43574	53.96		63	0.08		33	0.04		147	0.18		7754	9.6		95	0.12		80756	96.77		2693	3.23		83449	96.61
