Senate - 2001 Election: South Australia																																							
First Preference Votes by Group 																																							
By Polling Place																																							

Port Adelaide (86297)																																							
		Group A Total			Group B Total			Group C Total			Group D Total			Group E Total			Group F Total			Group G Total			Group H Total			Group I Total			Ungrouped Total 			FORMAL 			INFORMAL 			TOTAL 	
		ALP			GRN			HAN			Unendorsed			LP			Unendorsed			Unendorsed			RPA			DEM			Independent & CEC										
Polling Places		Vote	%		Vote	%		Vote	%		Vote	%		Vote	%		Vote	%		Vote	%		Vote	%		Vote	%		Vote	%		Vote	%		Vote	%		Vote	%
Adelaide (Port Adelaide)		41	36.94		9	8.11		3	2.70		0	0.00		34	30.63		0	0.00		0	0.00		0	0.00		24	21.62		0	0.00		111	97.37		3	2.63		114	0.14
Albert Park		426	45.13		32	3.39		33	3.50		0	0.00		339	35.91		1	0.11		0	0.00		0	0.00		112	11.86		1	0.11		944	95.35		46	4.65		990	1.20
Allenby Gardens		633	49.30		72	5.61		41	3.19		5	0.39		360	28.04		1	0.08		2	0.16		2	0.16		167	13.01		1	0.08		1284	97.57		32	2.43		1316	1.60
Beverley		338	54.87		18	2.92		29	4.71		0	0.00		156	25.32		0	0.00		0	0.00		3	0.49		71	11.53		1	0.16		616	96.86		20	3.14		636	0.77
Birkenhead		1059	53.51		107	5.41		76	3.84		1	0.05		426	21.53		0	0.00		0	0.00		9	0.45		299	15.11		2	0.10		1979	96.35		75	3.65		2054	2.49
Cheltenham		628	43.76		63	4.39		64	4.46		0	0.00		469	32.68		2	0.14		1	0.07		6	0.42		201	14.01		1	0.07		1435	95.99		60	4.01		1495	1.81
Croydon (Port Adelaide)		490	51.58		62	6.53		15	1.58		0	0.00		256	26.95		0	0.00		0	0.00		2	0.21		125	13.16		0	0.00		950	97.44		25	2.56		975	1.18
Croydon Park West (Port Adelaide)		193	53.91		11	3.07		21	5.87		1	0.28		88	24.58		2	0.56		1	0.28		1	0.28		40	11.17		0	0.00		358	94.71		20	5.29		378	0.46
Ethelton		468	50.11		39	4.18		30	3.21		2	0.21		281	30.09		2	0.21		0	0.00		2	0.21		109	11.67		1	0.11		934	96.49		34	3.51		968	1.17
Ferryden Park		663	65.06		23	2.26		44	4.32		2	0.20		190	18.65		0	0.00		1	0.10		0	0.00		94	9.22		2	0.20		1019	95.50		48	4.50		1067	1.29
Findon		882	51.16		46	2.67		57	3.31		3	0.17		577	33.47		2	0.12		0	0.00		5	0.29		150	8.70		2	0.12		1724	93.80		114	6.20		1838	2.23
Findon North		514	47.77		22	2.04		36	3.35		3	0.28		362	33.64		1	0.09		0	0.00		1	0.09		135	12.55		2	0.19		1076	94.30		65	5.70		1141	1.38
Grange		1145	34.60		156	4.71		92	2.78		1	0.03		1460	44.12		3	0.09		1	0.03		2	0.06		449	13.57		0	0.00		3309	97.38		89	2.62		3398	4.12
Kilkenny		525	50.77		46	4.45		38	3.68		3	0.29		307	29.69		2	0.19		0	0.00		2	0.19		109	10.54		2	0.19		1034	95.39		50	4.61		1084	1.32
Largs Bay		1541	47.39		132	4.06		157	4.83		4	0.12		1003	30.84		0	0.00		2	0.06		9	0.28		402	12.36		2	0.06		3252	97.16		95	2.84		3347	4.06
Largs Bay Central		359	42.64		39	4.63		32	3.80		0	0.00		303	35.99		2	0.24		1	0.12		2	0.24		104	12.35		0	0.00		842	97.34		23	2.66		865	1.05
Mansfield Park		1250	70.62		31	1.75		80	4.52		1	0.06		277	15.65		4	0.23		2	0.11		4	0.23		120	6.78		1	0.06		1770	95.37		86	4.63		1856	2.25
North Haven		1048	43.90		67	2.81		98	4.11		1	0.04		890	37.29		2	0.08		0	0.00		4	0.17		275	11.52		2	0.08		2387	96.88		77	3.13		2464	2.99
Ottoway		985	60.58		37	2.28		84	5.17		4	0.25		358	22.02		4	0.25		0	0.00		6	0.37		148	9.10		0	0.00		1626	94.10		102	5.90		1728	2.10
Pennington		1061	64.42		28	1.70		53	3.22		1	0.06		353	21.43		1	0.06		2	0.12		1	0.06		146	8.86		1	0.06		1647	95.87		71	4.13		1718	2.08
Port Adelaide		298	48.93		30	4.93		28	4.60		2	0.33		172	28.24		0	0.00		2	0.33		1	0.16		76	12.48		0	0.00		609	95.91		26	4.09		635	0.77
Queenstown		881	53.01		68	4.09		74	4.45		1	0.06		451	27.14		2	0.12		2	0.12		2	0.12		180	10.83		1	0.06		1662	95.41		80	4.59		1742	2.11
Rosewater		1101	52.18		64	3.03		99	4.69		7	0.33		559	26.49		3	0.14		3	0.14		3	0.14		267	12.65		4	0.19		2110	96.17		84	3.83		2194	2.66
Royal Park		983	50.13		50	2.55		58	2.96		1	0.05		699	35.65		0	0.00		1	0.05		2	0.10		164	8.36		3	0.15		1961	94.55		113	5.45		2074	2.52
Royal Park South		837	47.88		36	2.06		57	3.26		5	0.29		637	36.44		1	0.06		0	0.00		3	0.17		170	9.73		2	0.11		1748	95.52		82	4.48		1830	2.22
Seaton		951	43.44		57	2.60		85	3.88		6	0.27		837	38.24		2	0.09		1	0.05		5	0.23		245	11.19		0	0.00		2189	95.38		106	4.62		2295	2.79
Seaton Park		1202	50.87		51	2.16		91	3.85		2	0.08		784	33.18		3	0.13		0	0.00		4	0.17		224	9.48		2	0.08		2363	95.21		119	4.79		2482	3.01
Seaton West		544	38.20		30	2.11		41	2.88		0	0.00		647	45.44		1	0.07		0	0.00		3	0.21		155	10.88		3	0.21		1424	97.74		33	2.26		1457	1.77
Semaphore		761	40.63		220	11.75		74	3.95		3	0.16		540	28.83		1	0.05		0	0.00		2	0.11		270	14.42		2	0.11		1873	96.55		67	3.45		1940	2.35
Semaphore Park		633	45.54		38	2.73		65	4.68		3	0.22		495	35.61		1	0.07		0	0.00		0	0.00		155	11.15		0	0.00		1390	97.41		37	2.59		1427	1.73
Semaphore Park South		638	53.57		41	3.44		60	5.04		3	0.25		320	26.87		1	0.08		1	0.08		2	0.17		125	10.50		0	0.00		1191	97.07		36	2.93		1227	1.49
Semaphore South		609	43.59		87	6.23		53	3.79		1	0.07		464	33.21		1	0.07		1	0.07		3	0.21		178	12.74		0	0.00		1397	96.61		49	3.39		1446	1.75
Taperoo		1267	48.47		101	3.86		176	6.73		2	0.08		818	31.29		3	0.11		2	0.08		3	0.11		241	9.22		1	0.04		2614	97.28		73	2.72		2687	3.26
Taperoo East		797	61.74		43	3.33		65	5.03		5	0.39		263	20.37		1	0.08		1	0.08		2	0.15		112	8.68		2	0.15		1291	96.99		40	3.01		1331	1.62
Virginia (Port Adelaide)		201	38.58		7	1.34		48	9.21		1	0.19		219	42.03		1	0.19		0	0.00		1	0.19		43	8.25		0	0.00		521	95.42		25	4.58		546	0.66
West Croydon		1007	51.35		113	5.76		58	2.96		10	0.51		519	26.47		0	0.00		0	0.00		2	0.10		251	12.80		1	0.05		1961	95.66		89	4.34		2050	2.49
West Lakes Shore		1250	28.01		106	2.38		138	3.09		5	0.11		2459	55.10		3	0.07		2	0.04		9	0.20		488	10.93		3	0.07		4463	97.25		126	2.75		4589	5.57
Woodville		729	43.24		56	3.32		61	3.62		3	0.18		605	35.88		2	0.12		0	0.00		3	0.18		223	13.23		4	0.24		1686	96.34		64	3.66		1750	2.12
Woodville Gardens		1850	72.72		53	2.08		79	3.11		3	0.12		382	15.02		3	0.12		0	0.00		3	0.12		169	6.64		2	0.08		2544	94.93		136	5.07		2680	3.25
Woodville North		620	50.16		21	1.70		81	6.55		2	0.16		393	31.80		0	0.00		3	0.24		3	0.24		113	9.14		0	0.00		1236	94.06		78	5.94		1314	1.59
Woodville South		699	42.96		56	3.44		65	4.00		2	0.12		610	37.49		0	0.00		0	0.00		5	0.31		189	11.62		1	0.06		1627	95.99		68	4.01		1695	2.06
Woodville West		830	48.26		53	3.08		75	4.36		2	0.12		586	34.07		4	0.23		0	0.00		3	0.17		165	9.59		2	0.12		1720	95.45		82	4.55		1802	2.19
Special Hospitals		226	52.68		4	0.93		17	3.96		1	0.23		158	36.83		1	0.23		1	0.23		1	0.23		20	4.66		0	0.00		429	97.95		9	2.05		438	0.53
Total Ordinary		33163	48.55		2425	3.55		2731	4.00		102	0.15		22106	32.36		63	0.09		33	0.05		126	0.18		7503	10.98		54	0.08		68306	96.12		2757	3.88		71063	86.24
ABSENT		2061	42.73		233	4.83		205	4.25		10	0.21		1593	33.03		4	0.08		0	0.00		10	0.21		704	14.60		3	0.06		4823	97.97		100	2.03		4923	5.97
POSTAL		1496	48.73		67	2.18		180	5.86		2	0.07		1089	35.47		2	0.07		1	0.03		14	0.46		212	6.91		7	0.23		3070	99.13		27	0.87		3097	3.76
PRE_POLL		1070	43.41		109	4.42		100	4.06		1	0.04		856	34.73		0	0.00		1	0.04		9	0.37		316	12.82		3	0.12		2465	98.68		33	1.32		2498	3.03
PROVISIONAL		418	52.84		29	3.67		35	4.42		4	0.51		212	26.80		1	0.13		0	0.00		3	0.38		89	11.25		0	0.00		791	96.00		33	4.00		824	1.00
Division Summary		38208	48.09		2863	3.6		3251	4.09		119	0.15		25856	32.54		70	0.09		35	0.04		162	0.2		8824	11.11		67	0.08		79455	96.42		2950	3.58		82405	95.49
