Senate - 2001 Election: South Australia																																							
First Preference Votes by Group 																																							
By Polling Place																																							

Kingston (85398)																																							
		Group A Total			Group B Total			Group C Total			Group D Total			Group E Total			Group F Total			Group G Total			Group H Total			Group I Total			Ungrouped Total 			FORMAL 			INFORMAL 			TOTAL 	
		ALP			GRN			HAN			Unendorsed			LP			Unendorsed			Unendorsed			RPA			DEM			Independent & CEC										
Polling Places		Vote	%		Vote	%		Vote	%		Vote	%		Vote	%		Vote	%		Vote	%		Vote	%		Vote	%		Vote	%		Vote	%		Vote	%		Vote	%
Adelaide (Kingston)		32	31.07		5	4.85		3	2.91		0	0.00		40	38.83		0	0.00		0	0.00		0	0.00		23	22.33		0	0.00		103	98.10		2	1.90		105	0.13
Aldinga Beach		1023	32.55		221	7.03		197	6.27		1	0.03		1205	38.34		1	0.03		0	0.00		3	0.10		490	15.59		2	0.06		3143	95.30		155	4.70		3298	4.01
Christie Downs		1008	47.84		59	2.80		120	5.70		3	0.14		617	29.28		2	0.09		2	0.09		1	0.05		292	13.86		3	0.14		2107	94.02		134	5.98		2241	2.72
Christies Beach		947	42.28		95	4.24		113	5.04		3	0.13		809	36.12		0	0.00		0	0.00		4	0.18		268	11.96		1	0.04		2240	95.16		114	4.84		2354	2.86
Christies North		163	38.44		23	5.42		26	6.13		1	0.24		151	35.61		0	0.00		0	0.00		0	0.00		58	13.68		2	0.47		424	98.38		7	1.62		431	0.52
Hackham		995	47.84		51	2.45		127	6.11		2	0.10		630	30.29		2	0.10		2	0.10		3	0.14		263	12.64		5	0.24		2080	94.89		112	5.11		2192	2.66
Hackham East		1249	36.89		102	3.01		172	5.08		2	0.06		1373	40.55		3	0.09		2	0.06		7	0.21		473	13.97		3	0.09		3386	96.69		116	3.31		3502	4.26
Hackham South		728	46.61		51	3.27		79	5.06		2	0.13		495	31.69		1	0.06		0	0.00		4	0.26		202	12.93		0	0.00		1562	96.36		59	3.64		1621	1.97
Hallett Cove		926	32.24		83	2.89		100	3.48		2	0.07		1315	45.79		3	0.10		2	0.07		5	0.17		434	15.11		2	0.07		2872	96.83		94	3.17		2966	3.60
Happy Valley (Kingston)		352	25.77		46	3.37		29	2.12		1	0.07		705	51.61		1	0.07		0	0.00		4	0.29		228	16.69		0	0.00		1366	97.57		34	2.43		1400	1.70
Karrara		1160	32.73		75	2.12		122	3.44		0	0.00		1673	47.21		2	0.06		1	0.03		6	0.17		502	14.16		3	0.08		3544	97.79		80	2.21		3624	4.40
Lonsdale		409	46.21		28	3.16		70	7.91		0	0.00		254	28.70		1	0.11		3	0.34		0	0.00		120	13.56		0	0.00		885	96.41		33	3.59		918	1.12
Maslin Beach		201	36.81		40	7.33		24	4.40		0	0.00		179	32.78		1	0.18		0	0.00		1	0.18		99	18.13		1	0.18		546	96.64		19	3.36		565	0.69
Moana		880	38.16		64	2.78		119	5.16		2	0.09		894	38.77		1	0.04		0	0.00		3	0.13		342	14.83		1	0.04		2306	95.96		97	4.04		2403	2.92
Morphett Vale		1535	43.20		87	2.45		183	5.15		4	0.11		1233	34.70		3	0.08		1	0.03		9	0.25		496	13.96		2	0.06		3553	96.76		119	3.24		3672	4.46
Morphett Vale East		963	37.28		64	2.48		109	4.22		2	0.08		1054	40.81		4	0.15		5	0.19		5	0.19		374	14.48		3	0.12		2583	97.29		72	2.71		2655	3.23
Morphett Vale North		601	38.95		40	2.59		72	4.67		1	0.06		613	39.73		0	0.00		1	0.06		2	0.13		209	13.55		4	0.26		1543	95.90		66	4.10		1609	1.96
Morphett Vale South		264	46.23		26	4.55		37	6.48		0	0.00		175	30.65		2	0.35		0	0.00		3	0.53		63	11.03		1	0.18		571	97.27		16	2.73		587	0.71
Noarlunga Downs		607	49.43		35	2.85		65	5.29		0	0.00		376	30.62		3	0.24		0	0.00		5	0.41		137	11.16		0	0.00		1228	97.46		32	2.54		1260	1.53
O'Halloran Hill		993	33.38		72	2.42		122	4.10		2	0.07		1342	45.11		0	0.00		2	0.07		6	0.20		434	14.59		2	0.07		2975	96.75		100	3.25		3075	3.74
O'Sullivan Beach		665	47.00		40	2.83		127	8.98		1	0.07		407	28.76		2	0.14		0	0.00		2	0.14		170	12.01		1	0.07		1415	97.12		42	2.88		1457	1.77
Onkaparinga Hills		551	39.99		36	2.61		70	5.08		1	0.07		498	36.14		3	0.22		2	0.15		3	0.22		212	15.38		2	0.15		1378	97.39		37	2.61		1415	1.72
Pimpala		732	35.97		34	1.67		79	3.88		2	0.10		888	43.64		2	0.10		0	0.00		2	0.10		295	14.50		1	0.05		2035	97.32		56	2.68		2091	2.54
Port Noarlunga		569	35.92		84	5.30		94	5.93		3	0.19		603	38.07		0	0.00		0	0.00		0	0.00		230	14.52		1	0.06		1584	97.60		39	2.40		1623	1.97
Reynella		947	34.47		38	1.38		112	4.08		4	0.15		1193	43.43		2	0.07		1	0.04		10	0.36		435	15.84		5	0.18		2747	98.04		55	1.96		2802	3.41
Reynella East		1232	34.93		80	2.27		122	3.46		3	0.09		1499	42.50		0	0.00		1	0.03		10	0.28		579	16.42		1	0.03		3527	97.00		109	3.00		3636	4.42
Reynella South		1113	38.74		59	2.05		145	5.05		0	0.00		1146	39.89		0	0.00		0	0.00		3	0.10		404	14.06		3	0.10		2873	97.16		84	2.84		2957	3.59
Seaford		886	38.27		83	3.59		159	6.87		2	0.09		861	37.19		2	0.09		1	0.04		4	0.17		316	13.65		1	0.04		2315	97.39		62	2.61		2377	2.89
Seaford Rise		813	39.18		47	2.27		95	4.58		1	0.05		810	39.04		1	0.05		1	0.05		0	0.00		305	14.70		2	0.10		2075	96.96		65	3.04		2140	2.60
Sellicks Beach		298	36.65		32	3.94		49	6.03		1	0.12		312	38.38		2	0.25		0	0.00		1	0.12		118	14.51		0	0.00		813	98.31		14	1.69		827	1.01
Sheidow Park		903	34.95		66	2.55		95	3.68		0	0.00		1066	41.25		1	0.04		0	0.00		5	0.19		448	17.34		0	0.00		2584	97.22		74	2.78		2658	3.23
Trott Park		506	34.59		32	2.19		32	2.19		0	0.00		604	41.29		1	0.07		1	0.07		5	0.34		282	19.28		0	0.00		1463	98.39		24	1.61		1487	1.81
Woodcroft		1417	32.63		66	1.52		168	3.87		3	0.07		2042	47.02		5	0.12		0	0.00		5	0.12		637	14.67		0	0.00		4343	96.53		156	3.47		4499	5.47
Special Hospitals		118	34.40		3	0.87		8	2.33		0	0.00		198	57.73		1	0.29		0	0.00		0	0.00		15	4.37		0	0.00		343	95.81		15	4.19		358	0.44
Total Ordinary		25786	37.64		1967	2.87		3244	4.73		49	0.07		27260	39.79		52	0.08		28	0.04		121	0.18		9953	14.53		52	0.08		68512	96.76		2293	3.24		70805	86.05
ABSENT		1682	33.90		238	4.80		205	4.13		3	0.06		1960	39.51		5	0.10		1	0.02		13	0.26		852	17.17		2	0.04		4961	98.67		67	1.33		5028	6.11
POSTAL		966	37.30		48	1.85		138	5.33		3	0.12		1144	44.17		4	0.15		2	0.08		8	0.31		275	10.62		2	0.08		2590	99.04		25	0.96		2615	3.18
PRE_POLL		1146	37.24		113	3.67		148	4.81		3	0.10		1211	39.36		1	0.03		2	0.06		6	0.19		444	14.43		3	0.10		3077	98.81		37	1.19		3114	3.78
PROVISIONAL		333	46.97		25	3.53		31	4.37		1	0.14		197	27.79		0	0.00		0	0.00		2	0.28		120	16.93		0	0.00		709	97.93		15	2.07		724	0.88
Division Summary		29913	37.46		2391	2.99		3766	4.72		59	0.07		31772	39.79		62	0.08		33	0.04		150	0.19		11644	14.58		59	0.07		79849	97.04		2437	2.96		82286	96.36
