House of Representatives - 2001 Election: Western Australia																																				
First Preference Votes and TCP																																				
By Candidate - Polling Place																																				

Moore (74103)																																				
		HENDERSON			OLIVER			ROY			EVANS			YOUNG			# WASHER			FORMAL			INFORMAL			TOTAL										
		Geof			Clive			Andrew			John			Kim			Mal												Two Candidate Preferred							
		IND			DEM			GWA			HAN			ALP			LP												 YOUNG ALP			# WASHER LP				
	Polling Places	Vote	%		Vote	%		Vote	%		Vote	%		Vote	%		Vote	%		Vote	%		Vote	%		Vote	%		Vote	%		Vote	%			
	Beldon	62	2.96		98	4.68		116	5.53		139	6.63		864	41.22		817	38.98		2096	94.67		118	5.33		2214	3.13		1111	53.01		985	46.99			
	Burns Beach	4	1.43		6	2.15		13	4.66		9	3.23		101	36.20		146	52.33		279	97.55		7	2.45		286	0.40		118	42.29		161	57.71			
	Connolly	46	2.25		92	4.50		86	4.21		69	3.38		618	30.23		1133	55.43		2044	96.14		82	3.86		2126	3.00		792	38.75		1252	61.25			
	Craigie	78	2.37		222	6.73		204	6.19		207	6.28		1436	43.54		1151	34.90		3298	95.29		163	4.71		3461	4.89		1874	56.82		1424	43.18			
	Currambine	59	2.39		89	3.61		95	3.85		83	3.36		979	39.67		1163	47.12		2468	95.84		107	4.16		2575	3.64		1176	47.65		1292	52.35			
	Duncraig	61	2.08		166	5.65		181	6.16		104	3.54		940	31.99		1486	50.58		2938	96.23		115	3.77		3053	4.31		1268	43.16		1670	56.84			
	Duncraig East (Moore)	26	1.43		89	4.90		78	4.30		44	2.42		454	25.00		1125	61.95		1816	96.34		69	3.66		1885	2.66		586	32.27		1230	67.73			
	Duncraig North	49	2.18		126	5.62		123	5.48		78	3.48		676	30.14		1191	53.10		2243	96.72		76	3.28		2319	3.28		893	39.81		1350	60.19
	Duncraig South	38	1.85		81	3.95		100	4.88		62	3.02		514	25.07		1255	61.22		2050	97.06		62	2.94		2112	2.98		683	33.32		1367	66.68
	Edgewater	63	2.50		166	6.59		154	6.12		152	6.04		818	32.49		1165	46.27		2518	95.74		112	4.26		2630	3.72		1115	44.28		1403	55.72
	Heathridge	54	2.34		125	5.41		146	6.32		148	6.40		975	42.19		863	37.34		2311	95.65		105	4.35		2416	3.41		1283	55.52		1028	44.48
	Heathridge East	29	2.32		66	5.27		64	5.11		75	5.99		609	48.64		409	32.67		1252	96.01		52	3.99		1304	1.84		742	59.27		510	40.73
	Hillarys	88	3.15		126	4.51		120	4.30		115	4.12		928	33.25		1414	50.66		2791	95.65		127	4.35		2918	4.12		1196	42.85		1595	57.15
	Hillarys North	32	1.89		55	3.25		51	3.02		40	2.37		400	23.67		1112	65.80		1690	97.24		48	2.76		1738	2.46		498	29.47		1192	70.53
	Joondalup	63	2.22		126	4.45		125	4.41		124	4.38		1122	39.59		1274	44.95		2834	95.58		131	4.42		2965	4.19		1386	48.91		1448	51.09
	Kallaroo	93	3.11		133	4.45		160	5.35		128	4.28		844	28.21		1634	54.61		2992	96.36		113	3.64		3105	4.39		1147	38.34		1845	61.66
	Kinross	54	2.06		103	3.93		98	3.74		116	4.43		1054	40.24		1194	45.59		2619	95.86		113	4.14		2732	3.86		1273	48.61		1346	51.39
	Marmion	31	1.78		79	4.54		110	6.32		41	2.36		518	29.77		961	55.23		1740	96.88		56	3.12		1796	2.54		671	38.56		1069	61.44
	Mullaloo	74	2.67		144	5.20		175	6.32		113	4.08		990	35.75		1273	45.97		2769	95.85		120	4.15		2889	4.08		1312	47.38		1457	52.62
	North Beach Central (Moore)	5	1.12		11	2.46		41	9.17		8	1.79		115	25.73		267	59.73		447	96.13		18	3.87		465	0.66		162	36.24		285	63.76
	Ocean Reef	61	2.09		137	4.69		133	4.55		129	4.42		970	33.21		1491	51.04		2921	95.12		150	4.88		3071	4.34		1219	41.73		1702	58.27
	Ocean Reef North	40	1.77		87	3.86		74	3.28		92	4.08		761	33.75		1201	53.26		2255	95.88		97	4.12		2352	3.32		913	40.49		1342	59.51
	Padbury	78	3.07		141	5.56		144	5.68		150	5.91		1070	42.18		954	37.60		2537	95.59		117	4.41		2654	3.75		1382	54.47		1155	45.53
	Padbury South	48	1.91		132	5.24		144	5.72		109	4.33		961	38.15		1125	44.66		2519	95.20		127	4.80		2646	3.74		1204	47.80		1315	52.20			
	Perth (Moore)	4	3.13		11	8.59		8	6.25		8	6.25		54	42.19		43	33.59		128	95.52		6	4.48		134	0.19		74	57.81		54	42.19			
	Rottnest (Moore)	4	3.42		12	10.26		4	3.42		2	1.71		34	29.06		61	52.14		117	95.90		5	4.10		122	0.17		49	41.88		68	58.12			
	Sorrento	41	3.01		72	5.28		68	4.99		52	3.82		378	27.73		752	55.17		1363	96.74		46	3.26		1409	1.99		500	36.68		863	63.32			
	Sorrento Beach	56	2.10		96	3.60		142	5.32		86	3.22		600	22.47		1690	63.30		2670	96.32		102	3.68		2772	3.92		798	29.89		1872	70.11			
	Special Hospitals	3	2.19		3	2.19		3	2.19		4	2.92		55	40.15		69	50.36		137	97.16		4	2.84		141	0.20		64	46.72		73	53.28			
	Total Ordinary	1344	2.32		2794	4.83		2960	5.12		2487	4.30		19838	34.30		28419	49.13		57842	95.94		2448	4.06		60290	85.17		25489	44.07		32353	55.93			
	ABSENT	183	3.53		365	7.04		460	8.87		285	5.50		1625	31.35		2266	43.71		5184	95.31		255	4.69		5439	7.68		2412	46.53		2772	53.47			
	POSTAL	41	2.05		86	4.30		85	4.25		127	6.35		520	26.00		1141	57.05		2000	98.81		24	1.19		2024	2.86		729	36.45		1271	63.55			
	PRE_POLL	68	2.54		132	4.93		161	6.01		158	5.90		797	29.77		1361	50.84		2677	97.59		66	2.41		2743	3.88		1108	41.39		1569	58.61			
	PROVISIONAL	4	1.43		14	5.02		17	6.09		21	7.53		108	38.71		115	41.22		279	96.88		9	3.13		288	0.41		148	53.05		131	46.95			
	Division Summary	1640	2.41		3391	4.99		3683	5.42		3078	4.53		22888	33.67		33302	48.99		67982	96.04		2802	3.96		70784	95.52		29886	43.96		38096	56.04			
																																				
																																				
																																				
																																				
																																	
