House of Representatives - 2001 Election: Western Australia																																																																								
First Preference Votes and TCP																																																																								
By Candidate by Polling Place																																																																								

O'Connor (83118)																																																																								
		# TUCKEY			MCNABB			PESTANA			GYORGY			BROWN			DAVIS			ITURBIDE			MCLEAN			SELBY			PENDLEBURY			FORMAL			INFORMAL			TOTAL																																		
		Wilson			Alistair			Carole			Stephan			Vicki			Sandy			Terry Kay			Ron			Donna			Mark Hamilton												Two Candidate Preferred																															
		LP			CTA			DEM			IND			NP			GWA			CEC			HAN			LFF			ALP												# TUCKEY LP			 PENDLEBURY ALP																												
	Polling Places	Vote	%		Vote	%		Vote	%		Vote	%		Vote	%		Vote	%		Vote	%		Vote	%		Vote	%		Vote	%		Vote	%		Vote	%		Vote	%		Vote	%		Vote	%																											
	Albany	419	37.54		41	3.67		49	4.39		17	1.52		46	4.12		128	11.47		14	1.25		101	9.05		31	2.78		270	24.19		1116	94.66		63	5.34		1179	1.49		625	56.00		491	44.00																											
	Albany Central	495	40.88		32	2.64		30	2.48		9	0.74		58	4.79		153	12.63		9	0.74		111	9.17		34	2.81		280	23.12		1211	93.73		81	6.27		1292	1.63		695	57.39		516	42.61																											
	Albany Regional Hospital	173	38.53		29	6.46		19	4.23		6	1.34		14	3.12		32	7.13		5	1.11		61	13.59		7	1.56		103	22.94		449	94.33		27	5.67		476	0.60		265	59.02		184	40.98																											
	Ardath	35	62.50		0	0.00		0	0.00		1	1.79		10	17.86		0	0.00		0	0.00		8	14.29		0	0.00		2	3.57		56	100.00		0	0.00		56	0.07		53	94.64		3	5.36																											
	Arthur River	78	57.35		3	2.21		1	0.74		2	1.47		26	19.12		3	2.21		0	0.00		9	6.62		4	2.94		10	7.35		136	94.44		8	5.56		144	0.18		121	88.97		15	11.03																											
	Badgebup	33	55.93		2	3.39		0	0.00		0	0.00		8	13.56		0	0.00		0	0.00		12	20.34		0	0.00		4	6.78		59	98.33		1	1.67		60	0.08		53	89.83		6	10.17																											
	Badgingarra	130	73.45		3	1.69		1	0.56		0	0.00		13	7.34		4	2.26		2	1.13		12	6.78		0	0.00		12	6.78		177	97.79		4	2.21		181	0.23		158	89.27		19	10.73																											
	Ballidu	116	72.96		4	2.52		1	0.63		0	0.00		12	7.55		4	2.52		0	0.00		14	8.81		1	0.63		7	4.40		159	98.15		3	1.85		162	0.20		142	89.31		17	10.69																											
	Bayonet Head	440	45.08		41	4.20		17	1.74		4	0.41		69	7.07		51	5.23		3	0.31		101	10.35		15	1.54		235	24.08		976	94.48		57	5.52		1033	1.30		644	65.98		332	34.02																											
	Beachlands	301	39.30		11	1.44		7	0.91		11	1.44		10	1.31		42	5.48		2	0.26		79	10.31		11	1.44		292	38.12		766	94.92		41	5.08		807	1.02		376	49.09		390	50.91																											
	Beacon	101	66.89		2	1.32		3	1.99		2	1.32		18	11.92		2	1.32		0	0.00		15	9.93		1	0.66		7	4.64		151	98.05		3	1.95		154	0.19		137	90.73		14	9.27																											
	Bencubbin	105	63.64		0	0.00		2	1.21		2	1.21		14	8.48		4	2.42		0	0.00		20	12.12		4	2.42		14	8.48		165	94.83		9	5.17		174	0.22		140	84.85		25	15.15																											
	Bindi Bindi	40	72.73		0	0.00		0	0.00		1	1.82		7	12.73		0	0.00		0	0.00		3	5.45		1	1.82		3	5.45		55	96.49		2	3.51		57	0.07		49	89.09		6	10.91																											
	Bluff Point	993	51.03		28	1.44		42	2.16		12	0.62		44	2.26		79	4.06		5	0.26		233	11.97		27	1.39		483	24.82		1946	94.37		116	5.63		2062	2.60		1280	65.78		666	34.22																											
	Bolgart	76	64.41		1	0.85		1	0.85		1	0.85		3	2.54		5	4.24		0	0.00		22	18.64		1	0.85		8	6.78		118	93.65		8	6.35		126	0.16		100	84.75		18	15.25																											
	Borden	77	60.63		1	0.79		7	5.51		1	0.79		17	13.39		4	3.15		1	0.79		11	8.66		0	0.00		8	6.30		127	94.07		8	5.93		135	0.17		111	87.40		16	12.60																											
	Bornholm	153	41.69		10	2.72		4	1.09		2	0.54		21	5.72		61	16.62		3	0.82		45	12.26		13	3.54		55	14.99		367	96.33		14	3.67		381	0.48		224	61.04		143	38.96																											
	Boscabel	34	51.52		2	3.03		1	1.52		0	0.00		13	19.70		3	4.55		1	1.52		8	12.12		0	0.00		4	6.06		66	97.06		2	2.94		68	0.09		57	86.36		9	13.64																											
	Boxwood Hill	35	53.03		2	3.03		0	0.00		0	0.00		10	15.15		3	4.55		0	0.00		13	19.70		0	0.00		3	4.55		66	95.65		3	4.35		69	0.09		58	87.88		8	12.12																											
	Boyup Brook	317	56.31		4	0.71		13	2.31		2	0.36		34	6.04		29	5.15		2	0.36		67	11.90		3	0.53		92	16.34		563	93.21		41	6.79		604	0.76		418	74.25		145	25.75																											
	Bremer Bay	123	52.12		2	0.85		1	0.42		0	0.00		31	13.14		5	2.12		0	0.00		29	12.29		2	0.85		43	18.22		236	95.16		12	4.84		248	0.31		167	70.76		69	29.24																											
	Broomehill	94	43.52		5	2.31		2	0.93		3	1.39		47	21.76		6	2.78		0	0.00		28	12.96		2	0.93		29	13.43		216	94.74		12	5.26		228	0.29		165	76.39		51	23.61																											
	Bruce Rock	220	52.26		9	2.14		6	1.43		4	0.95		85	20.19		3	0.71		0	0.00		29	6.89		4	0.95		61	14.49		421	93.56		29	6.44		450	0.57		337	80.05		84	19.95																											
	Bullaring	37	63.79		1	1.72		0	0.00		0	0.00		12	20.69		1	1.72		0	0.00		3	5.17		1	1.72		3	5.17		58	95.08		3	4.92		61	0.08		54	93.10		4	6.90																											
	Bulyee	20	60.61		0	0.00		0	0.00		0	0.00		12	36.36		0	0.00		0	0.00		0	0.00		1	3.03		0	0.00		33	86.84		5	13.16		38	0.05		33	100.00		0	0.00																											
	Buntine	55	75.34		1	1.37		0	0.00		0	0.00		5	6.85		0	0.00		0	0.00		6	8.22		1	1.37		5	6.85		73	96.05		3	3.95		76	0.10		67	91.78		6	8.22																											
	Cadoux	76	69.09		0	0.00		1	0.91		0	0.00		17	15.45		2	1.82		0	0.00		11	10.00		1	0.91		2	1.82		110	94.83		6	5.17		116	0.15		102	92.73		8	7.27																											
	Calingiri	105	64.02		0	0.00		3	1.83		1	0.61		19	11.59		1	0.61		0	0.00		22	13.41		1	0.61		12	7.32		164	92.66		13	7.34		177	0.22		136	82.93		28	17.07																											
	Cape Burney	100	46.51		0	0.00		6	2.79		1	0.47		4	1.86		10	4.65		0	0.00		35	16.28		5	2.33		54	25.12		215	91.88		19	8.12		234	0.30		132	61.40		83	38.60																											
	Carnamah	187	70.30		0	0.00		1	0.38		2	0.75		9	3.38		1	0.38		0	0.00		41	15.41		3	1.13		22	8.27		266	90.17		29	9.83		295	0.37		225	84.59		41	15.41																											
	Centennial Park	825	49.08		86	5.12		43	2.56		14	0.83		89	5.29		85	5.06		20	1.19		185	11.01		26	1.55		308	18.32		1681	93.60		115	6.40		1796	2.27		1184	70.43		497	29.57																											
	Cervantes	157	54.70		0	0.00		2	0.70		0	0.00		15	5.23		10	3.48		0	0.00		37	12.89		0	0.00		66	23.00		287	91.99		25	8.01		312	0.39		201	70.03		86	29.97																											
	Coomberdale	34	64.15		0	0.00		1	1.89		0	0.00		7	13.21		1	1.89		0	0.00		5	9.43		0	0.00		5	9.43		53	98.15		1	1.85		54	0.07		45	84.91		8	15.09																											
	Coorow	145	64.73		2	0.89		1	0.45		2	0.89		16	7.14		5	2.23		2	0.89		37	16.52		2	0.89		12	5.36		224	94.51		13	5.49		237	0.30		196	87.50		28	12.50																											
	Corrigin	320	54.33		3	0.51		9	1.53		1	0.17		123	20.88		11	1.87		0	0.00		51	8.66		5	0.85		66	11.21		589	95.00		31	5.00		620	0.78		492	83.53		97	16.47																											
	Cranbrook	132	37.93		27	7.76		4	1.15		5	1.44		51	14.66		9	2.59		0	0.00		64	18.39		1	0.29		55	15.80		348	94.05		22	5.95		370	0.47		231	66.38		117	33.62																											
	Cunderdin	306	62.32		8	1.63		9	1.83		6	1.22		31	6.31		11	2.24		0	0.00		38	7.74		1	0.20		81	16.50		491	94.24		30	5.76		521	0.66		372	75.76		119	24.24																											
	Dalwallinu	201	60.00		3	0.90		2	0.60		1	0.30		32	9.55		7	2.09		2	0.60		47	14.03		3	0.90		37	11.04		335	95.99		14	4.01		349	0.44		285	85.07		50	14.93																											
	Dandaragan	166	66.94		0	0.00		1	0.40		2	0.81		18	7.26		9	3.63		0	0.00		17	6.85		2	0.81		33	13.31		248	95.38		12	4.62		260	0.33		200	80.65		48	19.35																											
	Darkan	183	70.38		3	1.15		6	2.31		2	0.77		33	12.69		4	1.54		0	0.00		12	4.62		1	0.38		16	6.15		260	92.53		21	7.47		281	0.35		232	89.23		28	10.77																											
	Denmark	584	35.10		23	1.38		44	2.64		11	0.66		64	3.85		281	16.89		5	0.30		130	7.81		122	7.33		400	24.04		1664	94.81		91	5.19		1755	2.22		849	51.02		815	48.98																											
	Dinninup	59	50.86		2	1.72		0	0.00		1	0.86		15	12.93		5	4.31		0	0.00		14	12.07		0	0.00		20	17.24		116	93.55		8	6.45		124	0.16		86	74.14		30	25.86																											
	Dongara	826	55.07		6	0.40		32	2.13		11	0.73		81	5.40		38	2.53		3	0.20		201	13.40		15	1.00		287	19.13		1500	93.87		98	6.13		1598	2.02		1091	72.73		409	27.27																											
	Doodlakine	51	60.00		0	0.00		2	2.35		0	0.00		17	20.00		0	0.00		0	0.00		4	4.71		0	0.00		11	12.94		85	96.59		3	3.41		88	0.11		69	81.18		16	18.82																											
	Dowerin	267	62.82		7	1.65		7	1.65		2	0.47		52	12.24		10	2.35		0	0.00		34	8.00		3	0.71		43	10.12		425	93.00		32	7.00		457	0.58		357	84.00		68	16.00																											
	Dudinin	43	55.84		0	0.00		0	0.00		0	0.00		20	25.97		0	0.00		0	0.00		11	14.29		0	0.00		3	3.90		77	93.90		5	6.10		82	0.10		72	93.51		5	6.49																											
	Dumbleyung	113	48.09		0	0.00		3	1.28		3	1.28		58	24.68		6	2.55		1	0.43		32	13.62		3	1.28		16	6.81		235	93.63		16	6.37		251	0.32		195	82.98		40	17.02																											
	Duranillin	93	59.62		3	1.92		0	0.00		1	0.64		16	10.26		5	3.21		0	0.00		26	16.67		0	0.00		12	7.69		156	95.12		8	4.88		164	0.21		138	88.46		18	11.54																											
	Elleker	100	26.18		28	7.33		8	2.09		5	1.31		18	4.71		37	9.69		3	0.79		64	16.75		11	2.88		108	28.27		382	95.50		18	4.50		400	0.50		204	53.40		178	46.60																											
	Emu Point	196	52.41		5	1.34		3	0.80		0	0.00		11	2.94		23	6.15		4	1.07		66	17.65		9	2.41		57	15.24		374	93.97		24	6.03		398	0.50		276	73.80		98	26.20																											
	Eneabba	92	49.73		1	0.54		4	2.16		2	1.08		9	4.86		6	3.24		0	0.00		35	18.92		3	1.62		33	17.84		185	94.87		10	5.13		195	0.25		134	72.43		51	27.57																											
	Fitzgerald	25	62.50		0	0.00		0	0.00		0	0.00		5	12.50		1	2.50		0	0.00		6	15.00		1	2.50		2	5.00		40	95.24		2	4.76		42	0.05		36	90.00		4	10.00																											
	Forest Hill	60	57.14		1	0.95		4	3.81		1	0.95		14	13.33		3	2.86		0	0.00		14	13.33		0	0.00		8	7.62		105	96.33		4	3.67		109	0.14		83	79.05		22	20.95																											
	Frankland	109	53.96		8	3.96		2	0.99		0	0.00		38	18.81		7	3.47		0	0.00		18	8.91		2	0.99		18	8.91		202	96.19		8	3.81		210	0.27		162	80.20		40	19.80																											
	Gairdner River	39	61.90		3	4.76		1	1.59		0	0.00		13	20.63		0	0.00		0	0.00		7	11.11		0	0.00		0	0.00		63	94.03		4	5.97		67	0.08		58	92.06		5	7.94																											
	Geraldton	959	51.56		32	1.72		52	2.80		15	0.81		50	2.69		96	5.16		2	0.11		188	10.11		37	1.99		429	23.06		1860	94.99		98	5.01		1958	2.47		1245	66.94		615	33.06																											
	Geraldton Central	460	44.10		31	2.97		39	3.74		6	0.58		11	1.05		60	5.75		0	0.00		117	11.22		15	1.44		304	29.15		1043	92.22		88	7.78		1131	1.43		602	57.72		441	42.28																											
	Geraldton Regional Hospital	90	45.45		8	4.04		4	2.02		4	2.02		2	1.01		11	5.56		0	0.00		27	13.64		2	1.01		50	25.25		198	94.29		12	5.71		210	0.27		124	62.63		74	37.37																											
	Geraldton St John of God Hospital	267	58.30		6	1.31		9	1.97		5	1.09		7	1.53		5	1.09		0	0.00		55	12.01		5	1.09		99	21.62		458	91.60		42	8.40		500	0.63		320	69.87		138	30.13																											
	Gnowangerup	187	46.06		27	6.65		7	1.72		2	0.49		57	14.04		3	0.74		1	0.25		39	9.61		4	0.99		79	19.46		406	93.33		29	6.67		435	0.55		297	73.15		109	26.85																											
	Goomalling	223	54.39		5	1.22		9	2.20		2	0.49		45	10.98		9	2.20		0	0.00		49	11.95		0	0.00		68	16.59		410	93.18		30	6.82		440	0.56		307	74.88		103	25.12																											
	Hopetoun	145	55.34		6	2.29		2	0.76		2	0.76		24	9.16		6	2.29		5	1.91		31	11.83		5	1.91		36	13.74		262	89.73		30	10.27		292	0.37		204	77.86		58	22.14																											
	Hyden	145	57.31		3	1.19		1	0.40		1	0.40		48	18.97		3	1.19		1	0.40		32	12.65		2	0.79		17	6.72		253	94.40		15	5.60		268	0.34		223	88.14		30	11.86																											
	Jennacubbine	42	56.76		4	5.41		0	0.00		1	1.35		9	12.16		2	2.70		0	0.00		10	13.51		0	0.00		6	8.11		74	94.87		4	5.13		78	0.10		62	83.78		12	16.22																											
	Jerdacuttup	36	58.06		0	0.00		2	3.23		0	0.00		9	14.52		1	1.61		0	0.00		8	12.90		3	4.84		3	4.84		62	95.38		3	4.62		65	0.08		51	82.26		11	17.74																											
	Jerramungup	183	69.58		8	3.04		2	0.76		1	0.38		31	11.79		4	1.52		1	0.38		15	5.70		1	0.38		17	6.46		263	95.64		12	4.36		275	0.35		232	88.21		31	11.79																											
	Jingalup	37	45.12		2	2.44		0	0.00		0	0.00		30	36.59		0	0.00		2	2.44		7	8.54		1	1.22		3	3.66		82	95.35		4	4.65		86	0.11		71	86.59		11	13.41																											
	Jurien	445	63.48		6	0.86		11	1.57		3	0.43		25	3.57		21	3.00		0	0.00		81	11.55		10	1.43		99	14.12		701	90.92		70	9.08		771	0.97		556	79.32		145	20.68																											
	Kalannie	107	68.15		0	0.00		4	2.55		3	1.91		16	10.19		0	0.00		0	0.00		21	13.38		0	0.00		6	3.82		157	95.15		8	4.85		165	0.21		145	92.36		12	7.64																											
	Karlgarin	45	55.56		0	0.00		0	0.00		0	0.00		26	32.10		1	1.23		0	0.00		5	6.17		0	0.00		4	4.94		81	96.43		3	3.57		84	0.11		73	90.12		8	9.88																											
	Katanning	734	44.48		21	1.27		27	1.64		9	0.55		158	9.58		42	2.55		9	0.55		220	13.33		16	0.97		414	25.09		1650	92.33		137	7.67		1787	2.26		1063	64.42		587	35.58																											
	Katanning District Hospital	105	47.09		8	3.59		0	0.00		1	0.45		19	8.52		2	0.90		1	0.45		19	8.52		1	0.45		67	30.04		223	91.02		22	8.98		245	0.31		143	64.13		80	35.87																											
	Kellerberrin	301	55.43		4	0.74		3	0.55		4	0.74		47	8.66		12	2.21		0	0.00		51	9.39		2	0.37		119	21.92		543	91.11		53	8.89		596	0.75		382	70.35		161	29.65																											
	Kendenup	136	36.36		18	4.81		9	2.41		8	2.14		47	12.57		28	7.49		2	0.53		56	14.97		4	1.07		66	17.65		374	93.27		27	6.73		401	0.51		243	64.97		131	35.03																											
	King River	159	47.18		9	2.67		8	2.37		3	0.89		18	5.34		25	7.42		0	0.00		52	15.43		3	0.89		60	17.80		337	95.47		16	4.53		353	0.45		224	66.47		113	33.53																											
	Kojonup	478	58.72		28	3.44		9	1.11		7	0.86		115	14.13		14	1.72		4	0.49		66	8.11		8	0.98		85	10.44		814	94.76		45	5.24		859	1.08		669	82.19		145	17.81																											
	Kondinin	87	44.39		4	2.04		3	1.53		2	1.02		50	25.51		1	0.51		0	0.00		16	8.16		0	0.00		33	16.84		196	94.23		12	5.77		208	0.26		152	77.55		44	22.45																											
	Koorda	179	58.88		3	0.99		1	0.33		1	0.33		36	11.84		3	0.99		0	0.00		43	14.14		5	1.64		33	10.86		304	96.51		11	3.49		315	0.40		249	81.91		55	18.09																											
	Kukerin	51	41.80		1	0.82		1	0.82		0	0.00		41	33.61		0	0.00		0	0.00		17	13.93		0	0.00		11	9.02		122	97.60		3	2.40		125	0.16		106	86.89		16	13.11																											
	Kulin	140	46.20		1	0.33		4	1.32		1	0.33		88	29.04		4	1.32		0	0.00		29	9.57		1	0.33		35	11.55		303	93.52		21	6.48		324	0.41		250	82.51		53	17.49																											
	Kununoppin	35	56.45		0	0.00		1	1.61		0	0.00		7	11.29		3	4.84		0	0.00		5	8.06		2	3.23		9	14.52		62	92.54		5	7.46		67	0.08		48	77.42		14	22.58																											
	Lake Grace	217	52.54		6	1.45		9	2.18		1	0.24		105	25.42		3	0.73		0	0.00		43	10.41		1	0.24		28	6.78		413	95.38		20	4.62		433	0.55		359	86.92		54	13.08																											
	Lake King	76	60.80		1	0.80		0	0.00		3	2.40		20	16.00		0	0.00		0	0.00		21	16.80		1	0.80		3	2.40		125	97.66		3	2.34		128	0.16		113	90.40		12	9.60																											
	Latham	42	68.85		0	0.00		0	0.00		0	0.00		1	1.64		0	0.00		0	0.00		15	24.59		1	1.64		2	3.28		61	92.42		5	7.58		66	0.08		56	91.80		5	8.20																											
	Leeman	224	54.77		3	0.73		8	1.96		1	0.24		10	2.44		10	2.44		1	0.24		66	16.14		4	0.98		82	20.05		409	94.90		22	5.10		431	0.54		293	71.64		116	28.36																											
	Little Grove	497	45.51		17	1.56		25	2.29		8	0.73		51	4.67		102	9.34		9	0.82		136	12.45		26	2.38		221	20.24		1092	95.12		56	4.88		1148	1.45		683	62.55		409	37.45																											
	Lockyer	855	35.61		136	5.66		36	1.50		15	0.62		92	3.83		108	4.50		28	1.17		340	14.16		50	2.08		741	30.86		2401	91.85		213	8.15		2614	3.30		1337	55.69		1064	44.31																											
	Lower Kalgan	110	43.14		13	5.10		5	1.96		0	0.00		19	7.45		30	11.76		1	0.39		37	14.51		7	2.75		33	12.94		255	96.59		9	3.41		264	0.33		186	72.94		69	27.06																											
	Lower King	310	42.01		17	2.30		23	3.12		2	0.27		35	4.74		51	6.91		5	0.68		135	18.29		12	1.63		148	20.05		738	94.86		40	5.14		778	0.98		482	65.31		256	34.69																											
	Manypeaks	105	55.85		4	2.13		3	1.60		1	0.53		14	7.45		11	5.85		1	0.53		30	15.96		2	1.06		17	9.04		188	94.47		11	5.53		199	0.25		148	78.72		40	21.28																											
	Mayanup	68	57.63		3	2.54		0	0.00		0	0.00		22	18.64		1	0.85		0	0.00		17	14.41		1	0.85		6	5.08		118	95.93		5	4.07		123	0.16		107	90.68		11	9.32																											
	Meckering	87	64.93		1	0.75		1	0.75		3	2.24		6	4.48		1	0.75		0	0.00		12	8.96		1	0.75		22	16.42		134	94.37		8	5.63		142	0.18		102	76.12		32	23.88																											
	Middleton Beach	571	51.96		23	2.09		29	2.64		9	0.82		63	5.73		95	8.64		10	0.91		85	7.73		21	1.91		193	17.56		1099	94.33		66	5.67		1165	1.47		745	67.79		354	32.21																											
	Miling	96	82.05		0	0.00		2	1.71		0	0.00		3	2.56		2	1.71		0	0.00		10	8.55		0	0.00		4	3.42		117	92.86		9	7.14		126	0.16		109	93.16		8	6.84																											
	Mingenew	193	62.87		4	1.30		4	1.30		2	0.65		19	6.19		5	1.63		1	0.33		34	11.07		1	0.33		44	14.33		307	91.37		29	8.63		336	0.42		238	77.52		69	22.48																											
	Mogumber	45	68.18		0	0.00		0	0.00		0	0.00		1	1.52		3	4.55		0	0.00		10	15.15		0	0.00		7	10.61		66	98.51		1	1.49		67	0.08		54	81.82		12	18.18																											
	Moonyoonooka	122	59.22		3	1.46		2	0.97		1	0.49		14	6.80		1	0.49		1	0.49		39	18.93		0	0.00		23	11.17		206	94.93		11	5.07		217	0.27		175	84.95		31	15.05																											
	Moora	516	56.95		4	0.44		12	1.32		7	0.77		47	5.19		17	1.88		1	0.11		95	10.49		5	0.55		202	22.30		906	92.73		71	7.27		977	1.23		650	71.74		256	28.26																											
	Morawa	252	61.61		4	0.98		7	1.71		1	0.24		18	4.40		7	1.71		1	0.24		56	13.69		1	0.24		62	15.16		409	94.68		23	5.32		432	0.55		319	78.00		90	22.00																											
	Mount Barker	602	43.85		40	2.91		26	1.89		13	0.95		142	10.34		69	5.03		6	0.44		168	12.24		26	1.89		281	20.47		1373	92.96		104	7.04		1477	1.86		918	66.86		455	33.14																											
	Mount Tarcoola	1000	57.50		29	1.67		36	2.07		15	0.86		34	1.96		59	3.39		2	0.12		156	8.97		23	1.32		385	22.14		1739	93.70		117	6.30		1856	2.34		1212	69.70		527	30.30																											
	Mount Walker	25	46.30		2	3.70		0	0.00		0	0.00		13	24.07		1	1.85		0	0.00		9	16.67		0	0.00		4	7.41		54	91.53		5	8.47		59	0.07		48	88.89		6	11.11																											
	Mukinbudin	222	60.66		30	8.20		5	1.37		1	0.27		35	9.56		5	1.37		1	0.27		44	12.02		0	0.00		23	6.28		366	96.06		15	3.94		381	0.48		325	88.80		41	11.20																											
	Munglinup (O'Connor)	41	60.29		0	0.00		0	0.00		0	0.00		5	7.35		3	4.41		0	0.00		7	10.29		1	1.47		11	16.18		68	95.77		3	4.23		71	0.09		52	76.47		16	23.53																											
	Muradup	109	59.56		1	0.55		1	0.55		0	0.00		31	16.94		3	1.64		0	0.00		28	15.30		0	0.00		10	5.46		183	97.86		4	2.14		187	0.24		163	89.07		20	10.93																											
	Napier	84	54.55		5	3.25		3	1.95		0	0.00		17	11.04		7	4.55		2	1.30		11	7.14		2	1.30		23	14.94		154	96.25		6	3.75		160	0.20		110	71.43		44	28.57																											
	Narembeen	179	51.14		8	2.29		0	0.00		4	1.14		76	21.71		3	0.86		1	0.29		33	9.43		2	0.57		44	12.57		350	94.09		22	5.91		372	0.47		290	82.86		60	17.14																											
	Narrikup	102	48.34		14	6.64		5	2.37		1	0.47		32	15.17		9	4.27		0	0.00		30	14.22		3	1.42		15	7.11		211	89.79		24	10.21		235	0.30		172	81.52		39	18.48																											
	Newdegate	142	57.96		2	0.82		2	0.82		1	0.41		46	18.78		2	0.82		0	0.00		37	15.10		0	0.00		13	5.31		245	93.87		16	6.13		261	0.33		218	88.98		27	11.02																											
	New Norcia	86	74.78		1	0.87		2	1.74		0	0.00		3	2.61		1	0.87		0	0.00		7	6.09		2	1.74		13	11.30		115	95.83		5	4.17		120	0.15		97	84.35		18	15.65																											
	Nungarin	70	52.24		0	0.00		2	1.49		2	1.49		24	17.91		1	0.75		0	0.00		20	14.93		1	0.75		14	10.45		134	94.37		8	5.63		142	0.18		113	84.33		21	15.67																											
	Nyabing	95	59.38		3	1.88		2	1.25		0	0.00		29	18.13		2	1.25		1	0.63		21	13.12		1	0.63		6	3.75		160	97.56		4	2.44		164	0.21		140	87.50		20	12.50																											
	Ongerup	82	50.62		1	0.62		0	0.00		2	1.23		32	19.75		6	3.70		2	1.23		24	14.81		2	1.23		11	6.79		162	95.29		8	4.71		170	0.21		134	82.72		28	17.28																											
	Parryville	66	37.29		0	0.00		2	1.13		1	0.56		7	3.95		31	17.51		0	0.00		20	11.30		17	9.60		33	18.64		177	92.19		15	7.81		192	0.24		96	54.24		81	45.76																											
	Perenjori	106	57.30		1	0.54		3	1.62		0	0.00		16	8.65		4	2.16		0	0.00		31	16.76		1	0.54		23	12.43		185	96.35		7	3.65		192	0.24		143	77.30		42	22.70																											
	Perth (O'Connor)	33	45.83		0	0.00		5	6.94		1	1.39		8	11.11		5	6.94		0	0.00		5	6.94		0	0.00		15	20.83		72	97.30		2	2.70		74	0.09		44	61.11		28	38.89																											
	Pingaring	32	40.00		0	0.00		0	0.00		0	0.00		31	38.75		0	0.00		3	3.75		10	12.50		1	1.25		3	3.75		80	94.12		5	5.88		85	0.11		74	92.50		6	7.50																											
	Pingrup	56	49.56		1	0.88		0	0.00		0	0.00		31	27.43		0	0.00		0	0.00		16	14.16		0	0.00		9	7.96		113	97.41		3	2.59		116	0.15		97	85.84		16	14.16																											
	Pithara	42	51.85		1	1.23		0	0.00		0	0.00		16	19.75		1	1.23		0	0.00		13	16.05		0	0.00		8	9.88		81	96.43		3	3.57		84	0.11		67	82.72		14	17.28																											
	Porongurup	41	32.80		1	0.80		2	1.60		0	0.00		30	24.00		16	12.80		1	0.80		14	11.20		6	4.80		14	11.20		125	93.28		9	6.72		134	0.17		87	69.60		38	30.40																											
	Quairading	351	62.34		6	1.07		9	1.60		1	0.18		88	15.63		4	0.71		1	0.18		49	8.70		1	0.18		53	9.41		563	94.78		31	5.22		594	0.75		485	86.15		78	13.85																											
	Rangeway	730	37.77		23	1.19		54	2.79		10	0.52		44	2.28		70	3.62		3	0.16		292	15.11		24	1.24		683	35.33		1933	91.92		170	8.08		2103	2.66		1021	52.82		912	47.18																											
	Ravensthorpe	187	54.84		5	1.47		5	1.47		5	1.47		27	7.92		9	2.64		0	0.00		46	13.49		6	1.76		51	14.96		341	95.52		16	4.48		357	0.45		264	77.42		77	22.58																											
	Redmond	64	50.39		12	9.45		1	0.79		1	0.79		6	4.72		3	2.36		2	1.57		17	13.39		1	0.79		20	15.75		127	94.07		8	5.93		135	0.17		97	76.38		30	23.62																											
	Rocky Gully	40	45.45		4	4.55		2	2.27		3	3.41		17	19.32		5	5.68		0	0.00		7	7.95		3	3.41		7	7.95		88	100.00		0	0.00		88	0.11		64	72.73		24	27.27																											
	Rottnest (O'Connor)	11	73.33		0	0.00		0	0.00		0	0.00		2	13.33		1	6.67		0	0.00		1	6.67		0	0.00		0	0.00		15	100.00		0	0.00		15	0.02		13	86.67		2	13.33																											
	Scotsdale	105	49.76		6	2.84		5	2.37		0	0.00		11	5.21		23	10.90		0	0.00		20	9.48		9	4.27		32	15.17		211	94.62		12	5.38		223	0.28		136	64.45		75	35.55																											
	Shackleton	52	62.65		2	2.41		2	2.41		3	3.61		9	10.84		1	1.20		0	0.00		9	10.84		0	0.00		5	6.02		83	94.32		5	5.68		88	0.11		69	83.13		14	16.87																											
	Spalding	334	40.68		8	0.97		10	1.22		5	0.61		12	1.46		20	2.44		4	0.49		124	15.10		11	1.34		293	35.69		821	91.94		72	8.06		893	1.13		464	56.52		357	43.48																											
	Spencer Park	749	40.31		83	4.47		45	2.42		12	0.65		65	3.50		93	5.01		34	1.83		192	10.33		26	1.40		559	30.09		1858	93.27		134	6.73		1992	2.51		1046	56.30		812	43.70																											
	Tambellup	133	38.11		13	3.72		8	2.29		2	0.57		130	37.25		3	0.86		1	0.29		23	6.59		2	0.57		34	9.74		349	97.21		10	2.79		359	0.45		272	77.94		77	22.06																											
	Tammin	106	50.96		0	0.00		1	0.48		1	0.48		40	19.23		5	2.40		2	0.96		11	5.29		1	0.48		41	19.71		208	95.41		10	4.59		218	0.28		157	75.48		51	24.52																											
	Three Springs	219	63.29		6	1.73		5	1.45		5	1.45		14	4.05		7	2.02		2	0.58		51	14.74		3	0.87		34	9.83		346	90.10		38	9.90		384	0.48		286	82.66		60	17.34																											
	Tincurrin	37	54.41		2	2.94		1	1.47		1	1.47		20	29.41		1	1.47		1	1.47		3	4.41		1	1.47		1	1.47		68	97.14		2	2.86		70	0.09		64	94.12		4	5.88																											
	Tingledale	78	46.15		2	1.18		0	0.00		0	0.00		5	2.96		17	10.06		0	0.00		26	15.38		9	5.33		32	18.93		169	94.94		9	5.06		178	0.22		105	62.13		64	37.87																											
	Trayning	98	59.76		1	0.61		1	0.61		1	0.61		21	12.80		5	3.05		0	0.00		13	7.93		2	1.22		22	13.41		164	93.71		11	6.29		175	0.22		131	79.88		33	20.12																											
	Varley	49	75.38		0	0.00		0	0.00		1	1.54		8	12.31		0	0.00		0	0.00		6	9.23		0	0.00		1	1.54		65	95.59		3	4.41		68	0.09		62	95.38		3	4.62																											
	Waggrakine	653	46.25		17	1.20		29	2.05		7	0.50		32	2.27		68	4.82		3	0.21		218	15.44		15	1.06		370	26.20		1412	92.29		118	7.71		1530	1.93		890	63.03		522	36.97																											
	Wagin	548	58.80		4	0.43		10	1.07		6	0.64		94	10.09		24	2.58		3	0.32		104	11.16		7	0.75		132	14.16		932	92.74		73	7.26		1005	1.27		727	78.00		205	22.00																											
	Walkaway	176	53.99		1	0.31		0	0.00		2	0.61		9	2.76		6	1.84		1	0.31		73	22.39		2	0.61		56	17.18		326	93.68		22	6.32		348	0.44		240	73.62		86	26.38																											
	Watheroo	88	69.29		0	0.00		3	2.36		1	0.79		11	8.66		2	1.57		0	0.00		9	7.09		2	1.57		11	8.66		127	100.00		0	0.00		127	0.16		106	83.46		21	16.54																											
	Wellstead	44	37.61		1	0.85		3	2.56		0	0.00		24	20.51		0	0.00		1	0.85		32	27.35		0	0.00		12	10.26		117	95.12		6	4.88		123	0.16		96	82.05		21	17.95																											
	Wickepin	133	55.65		0	0.00		1	0.42		3	1.26		41	17.15		4	1.67		0	0.00		42	17.57		0	0.00		15	6.28		239	93.00		18	7.00		257	0.32		211	88.28		28	11.72																											
	Wongan Hills	428	69.82		4	0.65		6	0.98		1	0.16		28	4.57		11	1.79		0	0.00		58	9.46		3	0.49		74	12.07		613	92.18		52	7.82		665	0.84		507	82.71		106	17.29																											
	Wonthella	765	43.47		33	1.88		26	1.48		16	0.91		35	1.99		64	3.64		2	0.11		260	14.77		30	1.70		529	30.06		1760	93.07		131	6.93		1891	2.39		1032	58.64		728	41.36																											
	Woodanilling	56	38.36		8	5.48		3	2.05		2	1.37		24	16.44		3	2.05		1	0.68		33	22.60		0	0.00		16	10.96		146	96.69		5	3.31		151	0.19		112	76.71		34	23.29																											
	Wubin	80	67.23		1	0.84		1	0.84		0	0.00		15	12.61		2	1.68		0	0.00		14	11.76		1	0.84		5	4.20		119	95.97		5	4.03		124	0.16		107	89.92		12	10.08																											
	Wyalkatchem	165	52.72		1	0.32		2	0.64		2	0.64		41	13.10		7	2.24		1	0.32		47	15.02		1	0.32		46	14.70		313	95.43		15	4.57		328	0.41		244	77.96		69	22.04																											
	Yakamia	675	41.93		70	4.35		34	2.11		6	0.37		53	3.29		97	6.02		33	2.05		203	12.61		32	1.99		407	25.28		1610	93.33		115	6.67		1725	2.18		996	61.86		614	38.14																											
	Yealering	55	57.89		1	1.05		1	1.05		0	0.00		12	12.63		3	3.16		0	0.00		14	14.74		0	0.00		9	9.47		95	95.00		5	5.00		100	0.13		75	78.95		20	21.05																											
	Yerecoin	77	71.96		1	0.93		2	1.87		0	0.00		3	2.80		1	0.93		0	0.00		16	14.95		0	0.00		7	6.54		107	98.17		2	1.83		109	0.14		91	85.05		16	14.95																											
	Yorkrakine	19	38.78		0	0.00		1	2.04		0	0.00		22	44.90		2	4.08		0	0.00		4	8.16		0	0.00		1	2.04		49	100.00		0	0.00		49	0.06		45	91.84		4	8.16																											
	Special Hospitals	116	55.24		4	1.90		7	3.33		2	0.95		9	4.29		2	0.95		1	0.48		4	1.90		1	0.48		64	30.48		210	93.75		14	6.25		224	0.28		137	65.24		73	34.76																											
	Prison Mobiles	0	0.00		0	0.00		0	0.00		0	0.00		0	0.00		0	0.00		0	0.00		0	0.00		0	0.00		1	100.00		1	100.00		0	0.00		1	0.00		0	0.00		1	100.00																											
	Total Ordinary	31092	49.62		1386	2.21		1154	1.84		429	0.68		4720	7.53		2804	4.47		289	0.46		7469	11.92		926	1.48		12391	19.77		62660	93.81		4136	6.19		66796	84.33		43521	69.46		19139	30.54																											
	ABSENT	3733	49.37		158	2.09		234	3.09		47	0.62		534	7.06		475	6.28		30	0.40		759	10.04		157	2.08		1435	18.98		7562	94.92		405	5.08		7967	10.06		5161	68.25		2401	31.75																											
	POSTAL	876	49.72		23	1.31		35	1.99		10	0.57		126	7.15		68	3.86		8	0.45		237	13.45		30	1.70		349	19.81		1762	97.73		41	2.27		1803	2.28		1203	68.27		559	31.73																											
	PRE_POLL	996	48.92		36	1.77		64	3.14		17	0.83		78	3.83		142	6.97		9	0.44		240	11.79		39	1.92		415	20.38		2036	96.49		74	3.51		2110	2.66		1338	65.72		698	34.28																											
	PROVISIONAL	170	34.34		8	1.62		15	3.03		6	1.21		22	4.44		36	7.27		2	0.40		69	13.94		15	3.03		152	30.71		495	93.05		37	6.95		532	0.67		261	52.73		234	47.27																											
	Division Summary	36867	49.48		1611	2.16		1502	2.02		509	0.68		5480	7.35		3525	4.73		338	0.45		8774	11.77		1167	1.57		14742	19.78		74515	94.08		4693	5.92		79208	95.30		51484	69.09		23031	30.91																											
																																																																								
																																																																								
																																																																								
																																																																								
																																																																								
																																																																								
																																																																								
																																																																								
																																																																								
																																																																								
																																																																								
																																																																								
																																																																								
																																																																								
																																																																								
																																																																								
																																																																								
																																																																								
																																																																								
																																																																								
																																																																								
																																																																								
																																																																								
																																																																								
																																																																								
																																																																								
																																																																								
																																																																								
																																																																								
																																																																								
																																																																								
																																																																								
																																																																								
																																																																								
																																																																								
																																																																								
																																																																								
																																																																								
																																																																								
																																																																								
																																																																								
																																																																								
																																																																								
																																																																								
																																																																								
																																																																								
																																																																								
																																																																								
																																																																								
																																																																								
																																																																								
																																																																								
																																																																								
																																																																								
																																																																								
																																																																								
																																																																								
																																																																								
																																																																								
																																																																								
																																																																								
																																																																								
																																																																								
																																																																								
																																																																								
																																																																								
																																																																								
																																																																								
																																																																								
																																																																								
																																																																								
																																																																								
																																																																								
																																																																								
																																																																								
																																																																								
																																																																								
																																																																								
																																																																								
																																																																								
																																																																								
																																																																								
																																																																								
																																																																								
																																																																								
																																																																								
																																																																								
																																																																								
																																																																								
																																																																								
																																																																								
																																																																								
																																																																								
																																																																								
																																																																								
																																																																								
																																																																								
																																																																								
																																																																								
																																																																								
																																																																								
