House of Representatives - 2001 Election: Western Australia																																							
First Preference Votes and TCP 																																							
By Candidate																																							

Canning (76632)																																							
		MACDONALD			BROWN			GERICK			DACHEFF			# RANDALL			KENNEDY			READ			FORMAL			INFORMAL			TOTAL										
		John			Darren			Jane			Angelo			Don			Doug			Keith												Two Candidate Preferred							
		CEC			DEM			ALP			HAN			LP			CTA			GWA												 GERICK ALP			# RANDALL LP				
	Polling Places	Vote	%		Vote	%		Vote	%		Vote	%		Vote	%		Vote	%		Vote	%		Vote	%		Vote	%		Vote	%		Vote	%		Vote	%			
	Armadale	60	1.76		115	3.38		1562	45.86		320	9.40		1026	30.12		173	5.08		150	4.40		3406	93.44		239	6.56		3645	5.00		2034	59.72		1372	40.28			
	Armadale East	18	0.78		78	3.39		809	35.17		127	5.52		1030	44.78		120	5.22		118	5.13		2300	95.32		113	4.68		2413	3.31		1045	45.43		1255	54.57			
	Armadale North	14	1.20		32	2.75		508	43.68		88	7.57		401	34.48		65	5.59		55	4.73		1163	93.19		85	6.81		1248	1.71		625	53.74		538	46.26			
	Armadale South	8	1.08		10	1.35		339	45.63		48	6.46		282	37.95		31	4.17		25	3.36		743	94.41		44	5.59		787	1.08		403	54.24		340	45.76			
	Armadale West	26	1.48		83	4.72		861	49.00		122	6.94		494	28.12		85	4.84		86	4.89		1757	94.77		97	5.23		1854	2.54		1074	61.13		683	38.87			
	Barragup	12	0.85		35	2.47		492	34.72		136	9.60		654	46.15		15	1.06		73	5.15		1417	94.28		86	5.72		1503	2.06		657	46.37		760	53.63			
	Bedfordale	4	0.89		10	2.23		122	27.23		29	6.47		233	52.01		20	4.46		30	6.70		448	95.73		20	4.27		468	0.64		175	39.06		273	60.94			
	Brookdale	10	1.23		32	3.93		423	51.97		58	7.13		220	27.03		23	2.83		48	5.90		814	96.45		30	3.55		844	1.16		522	64.13		292	35.87
	Byford	25	1.09		69	3.00		764	33.19		188	8.17		1039	45.13		104	4.52		113	4.91		2302	95.12		118	4.88		2420	3.32		1021	44.35		1281	55.65
	Canning Vale	12	0.34		149	4.19		1230	34.58		120	3.37		1846	51.90		87	2.45		113	3.18		3557	95.90		152	4.10		3709	5.09		1488	41.83		2069	58.17
	Canning Vale South	8	0.39		77	3.78		789	38.75		60	2.95		991	48.67		54	2.65		57	2.80		2036	96.08		83	3.92		2119	2.91		910	44.70		1126	55.30
	Carcoola	5	1.02		12	2.45		233	47.65		60	12.27		136	27.81		16	3.27		27	5.52		489	95.51		23	4.49		512	0.70		286	58.49		203	41.51
	Coolup	2	0.81		5	2.02		57	23.08		32	12.96		134	54.25		2	0.81		15	6.07		247	92.86		19	7.14		266	0.36		86	34.82		161	65.18
	Dawesville	7	0.59		19	1.61		417	35.34		70	5.93		573	48.56		11	0.93		83	7.03		1180	95.39		57	4.61		1237	1.70		534	45.25		646	54.75
	Dwellingup	5	1.34		22	5.90		127	34.05		38	10.19		151	40.48		4	1.07		26	6.97		373	94.43		22	5.57		395	0.54		197	52.82		176	47.18
	Falcon	11	0.45		86	3.52		893	36.51		163	6.66		1055	43.13		30	1.23		208	8.50		2446	95.25		122	4.75		2568	3.52		1196	48.90		1250	51.10
	Forrestdale	6	0.64		34	3.64		321	34.33		67	7.17		438	46.84		14	1.50		55	5.88		935	95.70		42	4.30		977	1.34		432	46.20		503	53.80
	Gosnells South (Canning)	9	1.69		24	4.50		206	38.65		36	6.75		222	41.65		17	3.19		19	3.56		533	91.74		48	8.26		581	0.80		267	50.09		266	49.91
	Halls Head	20	0.55		111	3.05		1085	29.77		179	4.91		2065	56.65		31	0.85		154	4.22		3645	94.90		196	5.10		3841	5.27		1367	37.50		2278	62.50
	Halls Head South	6	0.31		57	2.98		754	39.39		102	5.33		869	45.40		19	0.99		107	5.59		1914	95.56		89	4.44		2003	2.75		915	47.81		999	52.19
	Huntingdale (Canning)	20	1.27		75	4.76		682	43.30		95	6.03		587	37.27		52	3.30		64	4.06		1575	93.36		112	6.64		1687	2.31		850	53.97		725	46.03
	Jarrahdale	3	0.80		15	4.00		133	35.47		31	8.27		145	38.67		12	3.20		36	9.60		375	94.46		22	5.54		397	0.54		200	53.33		175	46.67
	Karragullen	6	2.47		11	4.53		54	22.22		10	4.12		142	58.44		4	1.65		16	6.58		243	95.67		11	4.33		254	0.35		82	33.74		161	66.26
	Kelmscott	16	0.83		84	4.35		937	48.50		134	6.94		611	31.63		64	3.31		86	4.45		1932	95.45		92	4.55		2024	2.78		1179	61.02		753	38.98
	Kelmscott East	8	0.39		101	4.88		669	32.30		136	6.57		926	44.71		99	4.78		132	6.37		2071	94.26		126	5.74		2197	3.01		928	44.81		1143	55.19
	Kelmscott North	13	0.95		55	4.02		570	41.67		101	7.38		515	37.65		37	2.70		77	5.63		1368	96.20		54	3.80		1422	1.95		739	54.02		629	45.98
	Lake Clifton	1	0.38		7	2.66		99	37.64		16	6.08		108	41.06		2	0.76		30	11.41		263	95.99		11	4.01		274	0.38		143	54.37		120	45.63
	Mundijong	8	0.84		30	3.13		304	31.77		100	10.45		447	46.71		14	1.46		54	5.64		957	94.66		54	5.34		1011	1.39		433	45.25		524	54.75
	North Dandalup	4	1.22		8	2.44		100	30.49		29	8.84		164	50.00		2	0.61		21	6.40		328	97.04		10	2.96		338	0.46		141	42.99		187	57.01
	Oakford	4	0.52		15	1.96		240	31.33		59	7.70		394	51.44		7	0.91		47	6.14		766	94.22		47	5.78		813	1.11		309	40.34		457	59.66
	Perth (Canning)	1	1.30		5	6.49		31	40.26		2	2.60		27	35.06		2	2.60		9	11.69		77	93.90		5	6.10		82	0.11		40	51.95		37	48.05
	Pinjarra	14	0.92		23	1.51		564	36.96		169	11.07		664	43.51		32	2.10		60	3.93		1526	93.62		104	6.38		1630	2.23		731	47.90		795	52.10
	Roleystone	20	0.65		171	5.59		1030	33.69		169	5.53		1380	45.14		34	1.11		253	8.28		3057	95.83		133	4.17		3190	4.37		1460	47.76		1597	52.24
	Rottnest (Canning)	0	0.00		1	2.22		18	40.00		4	8.89		18	40.00		0	0.00		4	8.89		45	95.74		2	4.26		47	0.06		21	46.67		24	53.33
	Serpentine	8	0.76		34	3.25		301	28.75		107	10.22		532	50.81		18	1.72		47	4.49		1047	94.24		64	5.76		1111	1.52		428	40.88		619	59.12
	Strawberry Fields	26	1.08		116	4.81		1196	49.63		234	9.71		648	26.89		86	3.57		104	4.32		2410	95.14		123	4.86		2533	3.47		1526	63.32		884	36.68
	Thornlie (Canning)	5	0.73		49	7.11		312	45.28		25	3.63		250	36.28		21	3.05		27	3.92		689	92.48		56	7.52		745	1.02		383	55.59		306	44.41
	Thornlie South (Canning)	12	0.48		114	4.60		1061	42.83		128	5.17		1033	41.70		49	1.98		80	3.23		2477	96.01		103	3.99		2580	3.54		1262	50.95		1215	49.05
	Waroona	16	1.15		33	2.37		424	30.42		122	8.75		717	51.43		20	1.43		62	4.45		1394	91.89		123	8.11		1517	2.08		572	41.03		822	58.97
	Westfield	11	0.85		43	3.34		655	50.81		102	7.91		380	29.48		38	2.95		60	4.65		1289	93.88		84	6.12		1373	1.88		793	61.52		496	38.48			
	Westfield South	17	1.03		67	4.07		840	50.97		155	9.41		438	26.58		53	3.22		78	4.73		1648	93.90		107	6.10		1755	2.41		1060	64.32		588	35.68			
	Yunderup	4	0.44		14	1.54		273	30.10		82	9.04		503	55.46		2	0.22		29	3.20		907	94.87		49	5.13		956	1.31		349	38.48		558	61.52			
	Yunderup North	2	0.58		4	1.17		106	30.90		38	11.08		164	47.81		2	0.58		27	7.87		343	92.70		27	7.30		370	0.51		156	45.48		187	54.52			
	Special Hospitals	5	2.76		1	0.55		89	49.17		7	3.87		70	38.67		3	1.66		6	3.31		181	95.26		9	4.74		190	0.26		102	56.35		79	43.65			
	Prison Mobiles	0	0.00		0	0.00		0	0.00		0	0.00		0	0.00		0	0.00		0	0.00		0	0.00		0	0.00		0	0.00		0	0.00		0	0.00			
	Total Ordinary	492	0.84		2136	3.64		22680	38.65		4098	6.98		24722	42.14		1574	2.68		2971	5.06		58673	94.81		3213	5.19		61886	84.85		29121	49.63		29552	50.37			
	ABSENT	108	1.83		339	5.75		2109	35.79		498	8.45		2182	37.03		126	2.14		531	9.01		5893	93.67		398	6.33		6291	8.63		3048	51.72		2845	48.28			
	POSTAL	9	0.46		54	2.78		669	34.48		165	8.51		931	47.99		33	1.70		79	4.07		1940	97.93		41	2.07		1981	2.72		830	42.78		1110	57.22			
	PRE_POLL	26	1.18		96	4.37		830	37.80		166	7.56		937	42.67		36	1.64		105	4.78		2196	96.95		69	3.05		2265	3.11		1069	48.68		1127	51.32			
	PROVISIONAL	13	2.66		14	2.87		202	41.39		49	10.04		175	35.86		10	2.05		25	5.12		488	95.13		25	4.87		513	0.70		262	53.69		226	46.31			
	Division Summary	648	0.94		2639	3.81		26490	38.29		4976	7.19		28947	41.84		1779	2.57		3711	5.36		69190	94.86		3746	5.14		72936	95.18		34330	49.62		34860	50.38			
																																							
																																							
																																							
																																							
																																				
