House of Representatives - 2001 Election: New South Wales																													
Distribution of Preferences																													
By Polling Place																													
																													
Pearce																													
					NELSON			FOX			HILL			MOYLAN			COSTELLO			COLLINS			SMITH			MILLER			
					Chris			Jack			Vivian			Judi			Liam			Ken			Stuart			Juanita			
					NP			DEM			CTA			LP			ALP			HAN			CEC			GWA			
	Count			Votes	%		Votes	%		Votes	%		Votes	%		Votes	%		Votes	%		Votes	%		Votes	%		Total	
Bakers Hill                                                    																													
	FIRST			24	4.38		7	1.28		10	1.82		236	43.07		143	26.09		100	18.25		1	0.18		27	4.93		548	
	SECOND			0	0.00		0	0.00		1	100.00		0	0.00		0	0.00		0	0.00			Excluded		0	0.00		1	
		TOTAL		24	4.38		7	1.28		11	2.01		236	43.07		143	26.09		100	18.25					27	4.93		548	
	THIRD			1	9.09		5	45.45			Excluded		1	9.09		1	9.09		3	27.27					0	0.00		11	
		TOTAL		25	4.56		12	2.19					237	43.25		144	26.28		103	18.80					27	4.93		548	
	FOURTH				Excluded		6	24.00					16	64.00		0	0.00		2	8.00					1	4.00		25	
		TOTAL					18	3.28					253	46.17		144	26.28		105	19.16					28	5.11		548	
	FIFTH							Excluded					5	27.78		3	16.67		1	5.56					9	50.00		18	
		TOTAL											258	47.08		147	26.82		106	19.34					37	6.75		548	
	SIXTH												33	31.13		46	43.40			Excluded					27	25.47		106	
		TOTAL											291	53.10		193	35.22								64	11.68		548	
	SEVENTH												19	29.69		45	70.31									Excluded		64	
		TOTAL											310	56.57		238	43.43											548	
													Elected																
																													
Beverley                                                       																													
	FIRST			51	6.65		15	1.96		8	1.04		388	50.59		169	22.03		90	11.73		15	1.96		31	4.04		767	
	SECOND			4	26.67		2	13.33		0	0.00		1	6.67		2	13.33		4	26.67			Excluded		2	13.33		15	
		TOTAL		55	7.17		17	2.22		8	1.04		389	50.72		171	22.29		94	12.26					33	4.30		767	
	THIRD			0	0.00		0	0.00			Excluded		3	37.50		1	12.50		2	25.00					2	25.00		8	
		TOTAL		55	7.17		17	2.22					392	51.11		172	22.43		96	12.52					35	4.56		767	
	FOURTH				Excluded		9	16.36					41	74.55		2	3.64		3	5.45					0	0.00		55	
		TOTAL					26	3.39					433	56.45		174	22.69		99	12.91					35	4.56		767	
	FIFTH							Excluded					12	46.15		3	11.54		2	7.69					9	34.62		26	
		TOTAL											445	58.02		177	23.08		101	13.17					44	5.74		767	
	SIXTH												37	36.63		37	36.63			Excluded					27	26.73		101	
		TOTAL											482	62.84		214	27.90								71	9.26		767	
	SEVENTH												23	32.39		48	67.61									Excluded		71	
		TOTAL											505	65.84		262	34.16											767	
													Elected																
																													
Bindoon                                                        																													
	FIRST			28	3.58		17	2.17		6	0.77		433	55.30		166	21.20		98	12.52		1	0.13		34	4.34		783	
	SECOND			0	0.00		0	0.00		0	0.00		0	0.00		1	100.00		0	0.00			Excluded		0	0.00		1	
		TOTAL		28	3.58		17	2.17		6	0.77		433	55.30		167	21.33		98	12.52					34	4.34		783	
	THIRD			1	16.67		1	16.67			Excluded		3	50.00		0	0.00		1	16.67					0	0.00		6	
		TOTAL		29	3.70		18	2.30					436	55.68		167	21.33		99	12.64					34	4.34		783	
	FOURTH				Excluded		5	17.24					20	68.97		1	3.45		2	6.90					1	3.45		29	
		TOTAL					23	2.94					456	58.24		168	21.46		101	12.90					35	4.47		783	
	FIFTH							Excluded					9	39.13		5	21.74		2	8.70					7	30.43		23	
		TOTAL											465	59.39		173	22.09		103	13.15					42	5.36		783	
	SIXTH												53	51.46		30	29.13			Excluded					20	19.42		103	
		TOTAL											518	66.16		203	25.93								62	7.92		783	
	SEVENTH												22	35.48		40	64.52									Excluded		62	
		TOTAL											540	68.97		243	31.03											783	
													Elected																
																													
Boddington                                                     																													
	FIRST			40	6.41		15	2.40		4	0.64		313	50.16		164	26.28		65	10.42		2	0.32		21	3.37		624	
	SECOND			0	0.00		0	0.00		0	0.00		0	0.00		1	50.00		1	50.00			Excluded		0	0.00		2	
		TOTAL		40	6.41		15	2.40		4	0.64		313	50.16		165	26.44		66	10.58					21	3.37		624	
	THIRD			2	50.00		0	0.00			Excluded		2	50.00		0	0.00		0	0.00					0	0.00		4	
		TOTAL		42	6.73		15	2.40					315	50.48		165	26.44		66	10.58					21	3.37		624	
	FOURTH				Excluded		2	4.76					31	73.81		4	9.52		2	4.76					3	7.14		42	
		TOTAL					17	2.72					346	55.45		169	27.08		68	10.90					24	3.85		624	
	FIFTH							Excluded					4	23.53		4	23.53		2	11.76					7	41.18		17	
		TOTAL											350	56.09		173	27.72		70	11.22					31	4.97		624	
	SIXTH												26	37.14		23	32.86			Excluded					21	30.00		70	
		TOTAL											376	60.26		196	31.41								52	8.33		624	
	SEVENTH												21	40.38		31	59.62									Excluded		52	
		TOTAL											397	63.62		227	36.38											624	
													Elected																
																													
Brookton                                                       																													
	FIRST			103	21.50		4	0.84		3	0.63		229	47.81		74	15.45		40	8.35		7	1.46		19	3.97		479	
	SECOND			2	28.57		0	0.00		3	42.86		0	0.00		1	14.29		0	0.00			Excluded		1	14.29		7	
		TOTAL		105	21.92		4	0.84		6	1.25		229	47.81		75	15.66		40	8.35					20	4.18		479	
	THIRD			1	16.67		1	16.67			Excluded		2	33.33		0	0.00		1	16.67					1	16.67		6	
		TOTAL		106	22.13		5	1.04					231	48.23		75	15.66		41	8.56					21	4.38		479	
	FOURTH				Excluded		5	4.72					91	85.85		4	3.77		6	5.66					0	0.00		106	
		TOTAL					10	2.09					322	67.22		79	16.49		47	9.81					21	4.38		479	
	FIFTH							Excluded					6	60.00		3	30.00		0	0.00					1	10.00		10	
		TOTAL											328	68.48		82	17.12		47	9.81					22	4.59		479	
	SIXTH												24	51.06		14	29.79			Excluded					9	19.15		47	
		TOTAL											352	73.49		96	20.04								31	6.47		479	
	SEVENTH												12	38.71		19	61.29									Excluded		31	
		TOTAL											364	75.99		115	24.01											479	
													Elected																
																													
Bullsbrook                                                     																													
	FIRST			22	1.35		78	4.79		8	0.49		807	49.57		423	25.98		182	11.18		2	0.12		106	6.51		1628	
	SECOND			0	0.00		0	0.00		0	0.00		1	50.00		0	0.00		1	50.00			Excluded		0	0.00		2	
		TOTAL		22	1.35		78	4.79		8	0.49		808	49.63		423	25.98		183	11.24					106	6.51		1628	
	THIRD			0	0.00		3	37.50			Excluded		2	25.00		0	0.00		1	12.50					2	25.00		8	
		TOTAL		22	1.35		81	4.98					810	49.75		423	25.98		184	11.30					108	6.63		1628	
	FOURTH				Excluded		10	45.45					9	40.91		0	0.00		2	9.09					1	4.55		22	
		TOTAL					91	5.59					819	50.31		423	25.98		186	11.43					109	6.70		1628	
	FIFTH							Excluded					20	21.98		15	16.48		10	10.99					46	50.55		91	
		TOTAL											839	51.54		438	26.90		196	12.04					155	9.52		1628	
	SIXTH												54	27.55		77	39.29			Excluded					65	33.16		196	
		TOTAL											893	54.85		515	31.63								220	13.51		1628	
	SEVENTH												87	39.55		133	60.45									Excluded		220	
		TOTAL											980	60.20		648	39.80											1628	
													Elected																
																													
Carmel                                                         																													
	FIRST			6	1.72		12	3.45		8	2.30		212	60.92		69	19.83		16	4.60		0	0.00		25	7.18		348	
	SECOND			0	0.00		0	0.00		0	0.00		0	0.00		0	0.00		0	0.00			Excluded		0	0.00		0	
		TOTAL		6	1.72		12	3.45		8	2.30		212	60.92		69	19.83		16	4.60					25	7.18		348	
	THIRD			0	0.00		2	25.00			Excluded		4	50.00		0	0.00		1	12.50					1	12.50		8	
		TOTAL		6	1.72		14	4.02					216	62.07		69	19.83		17	4.89					26	7.47		348	
	FOURTH				Excluded		2	33.33					2	33.33		1	16.67		0	0.00					1	16.67		6	
		TOTAL					16	4.60					218	62.64		70	20.11		17	4.89					27	7.76		348	
	FIFTH							Excluded					4	25.00		4	25.00		1	6.25					7	43.75		16	
		TOTAL											222	63.79		74	21.26		18	5.17					34	9.77		348	
	SIXTH												6	33.33		4	22.22			Excluded					8	44.44		18	
		TOTAL											228	65.52		78	22.41								42	12.07		348	
	SEVENTH												14	33.33		28	66.67									Excluded		42	
		TOTAL											242	69.54		106	30.46											348	
													Elected																
																													
Chidlow                                                        																													
	FIRST			17	1.95		42	4.82		22	2.52		361	41.40		271	31.08		65	7.45		2	0.23		92	10.55		872	
	SECOND			1	50.00		0	0.00		0	0.00		0	0.00		0	0.00		1	50.00			Excluded		0	0.00		2	
		TOTAL		18	2.06		42	4.82		22	2.52		361	41.40		271	31.08		66	7.57					92	10.55		872	
	THIRD			2	9.09		4	18.18			Excluded		8	36.36		1	4.55		2	9.09					5	22.73		22	
		TOTAL		20	2.29		46	5.28					369	42.32		272	31.19		68	7.80					97	11.12		872	
	FOURTH				Excluded		2	10.00					14	70.00		0	0.00		1	5.00					3	15.00		20	
		TOTAL					48	5.50					383	43.92		272	31.19		69	7.91					100	11.47		872	
	FIFTH							Excluded					11	22.92		9	18.75		1	2.08					27	56.25		48	
		TOTAL											394	45.18		281	32.22		70	8.03					127	14.56		872	
	SIXTH												33	47.14		11	15.71			Excluded					26	37.14		70	
		TOTAL											427	48.97		292	33.49								153	17.55		872	
	SEVENTH												57	37.25		96	62.75									Excluded		153	
		TOTAL											484	55.50		388	44.50											872	
													Elected																
																													
Clarkson                                                       																													
	FIRST			19	0.94		103	5.12		28	1.39		603	29.97		956	47.51		148	7.36		11	0.55		144	7.16		2012	
	SECOND			1	9.09		0	0.00		0	0.00		1	9.09		1	9.09		4	36.36			Excluded		4	36.36		11	
		TOTAL		20	0.99		103	5.12		28	1.39		604	30.02		957	47.56		152	7.55					148	7.36		2012	
	THIRD			1	3.57		9	32.14			Excluded		10	35.71		3	10.71		2	7.14					3	10.71		28	
		TOTAL		21	1.04		112	5.57					614	30.52		960	47.71		154	7.65					151	7.50		2012	
	FOURTH				Excluded		13	61.90					6	28.57		1	4.76		0	0.00					1	4.76		21	
		TOTAL					125	6.21					620	30.82		961	47.76		154	7.65					152	7.55		2012	
	FIFTH							Excluded					23	18.40		34	27.20		5	4.00					63	50.40		125	
		TOTAL											643	31.96		995	49.45		159	7.90					215	10.69		2012	
	SIXTH												39	24.53		63	39.62			Excluded					57	35.85		159	
		TOTAL											682	33.90		1058	52.58								272	13.52		2012	
	SEVENTH												115	42.28		157	57.72									Excluded		272	
		TOTAL											797	39.61		1215	60.39											2012	
													Elected																
																													
Cuballing                                                      																													
	FIRST			59	23.32		10	3.95		1	0.40		92	36.36		37	14.62		38	15.02		0	0.00		16	6.32		253	
	SECOND			0	0.00		0	0.00		0	0.00		0	0.00		0	0.00		0	0.00			Excluded		0	0.00		0	
		TOTAL		59	23.32		10	3.95		1	0.40		92	36.36		37	14.62		38	15.02					16	6.32		253	
	THIRD			0	0.00		1	100.00			Excluded		0	0.00		0	0.00		0	0.00					0	0.00		1	
		TOTAL		59	23.32		11	4.35					92	36.36		37	14.62		38	15.02					16	6.32		253	
	FOURTH				Excluded		6	10.17					47	79.66		3	5.08		1	1.69					2	3.39		59	
		TOTAL					17	6.72					139	54.94		40	15.81		39	15.42					18	7.11		253	
	FIFTH							Excluded					6	35.29		4	23.53		1	5.88					6	35.29		17	
		TOTAL											145	57.31		44	17.39		40	15.81					24	9.49		253	
	SIXTH												14	35.00		18	45.00			Excluded					8	20.00		40	
		TOTAL											159	62.85		62	24.51								32	12.65		253	
	SEVENTH												11	34.38		21	65.63									Excluded		32	
		TOTAL											170	67.19		83	32.81											253	
													Elected																
																													
Darlington                                                     																													
	FIRST			7	0.36		149	7.62		26	1.33		925	47.29		502	25.66		84	4.29		3	0.15		260	13.29		1956	
	SECOND			0	0.00		0	0.00		0	0.00		1	33.33		0	0.00		0	0.00			Excluded		2	66.67		3	
		TOTAL		7	0.36		149	7.62		26	1.33		926	47.34		502	25.66		84	4.29					262	13.39		1956	
	THIRD			2	7.69		5	19.23			Excluded		10	38.46		2	7.69		2	7.69					5	19.23		26	
		TOTAL		9	0.46		154	7.87					936	47.85		504	25.77		86	4.40					267	13.65		1956	
	FOURTH				Excluded		6	66.67					2	22.22		0	0.00		0	0.00					1	11.11		9	
		TOTAL					160	8.18					938	47.96		504	25.77		86	4.40					268	13.70		1956	
	FIFTH							Excluded					27	16.88		21	13.13		4	2.50					108	67.50		160	
		TOTAL											965	49.34		525	26.84		90	4.60					376	19.22		1956	
	SIXTH												33	36.67		26	28.89			Excluded					31	34.44		90	
		TOTAL											998	51.02		551	28.17								407	20.81		1956	
	SEVENTH												129	31.70		278	68.30									Excluded		407	
		TOTAL											1127	57.62		829	42.38											1956	
													Elected																
																													
Ellenbrook                                                     																													
	FIRST			29	1.22		138	5.82		57	2.40		1032	43.53		851	35.89		158	6.66		5	0.21		101	4.26		2371	
	SECOND			0	0.00		1	20.00		1	20.00		0	0.00		0	0.00		1	20.00			Excluded		2	40.00		5	
		TOTAL		29	1.22		139	5.86		58	2.45		1032	43.53		851	35.89		159	6.71					103	4.34		2371	
	THIRD			4	6.90		4	6.90			Excluded		38	65.52		5	8.62		4	6.90					3	5.17		58	
		TOTAL		33	1.39		143	6.03					1070	45.13		856	36.10		163	6.87					106	4.47		2371	
	FOURTH				Excluded		16	48.48					10	30.30		3	9.09		2	6.06					2	6.06		33	
		TOTAL					159	6.71					1080	45.55		859	36.23		165	6.96					108	4.56		2371	
	FIFTH							Excluded					41	25.79		46	28.93		15	9.43					57	35.85		159	
		TOTAL											1121	47.28		905	38.17		180	7.59					165	6.96		2371	
	SIXTH												47	26.11		63	35.00			Excluded					70	38.89		180	
		TOTAL											1168	49.26		968	40.83								235	9.91		2371	
	SEVENTH												102	43.40		133	56.60									Excluded		235	
		TOTAL											1270	53.56		1101	46.44											2371	
													Elected																
																													
Gidgegannup                                                    																													
	FIRST			17	1.44		47	3.99		14	1.19		604	51.32		300	25.49		105	8.92		8	0.68		82	6.97		1177	
	SECOND			1	12.50		0	0.00		0	0.00		0	0.00		1	12.50		1	12.50			Excluded		5	62.50		8	
		TOTAL		18	1.53		47	3.99		14	1.19		604	51.32		301	25.57		106	9.01					87	7.39		1177	
	THIRD			3	21.43		1	7.14			Excluded		7	50.00		0	0.00		3	21.43					0	0.00		14	
		TOTAL		21	1.78		48	4.08					611	51.91		301	25.57		109	9.26					87	7.39		1177	
	FOURTH				Excluded		6	28.57					9	42.86		2	9.52		2	9.52					2	9.52		21	
		TOTAL					54	4.59					620	52.68		303	25.74		111	9.43					89	7.56		1177	
	FIFTH							Excluded					7	12.96		15	27.78		5	9.26					27	50.00		54	
		TOTAL											627	53.27		318	27.02		116	9.86					116	9.86		1177	
	SIXTH												40	34.48		39	33.62			Excluded					37	31.90		116	
		TOTAL											667	56.67		357	30.33								153	13.00		1177	
	SEVENTH												65	42.48		88	57.52									Excluded		153	
		TOTAL											732	62.19		445	37.81											1177	
													Elected																
																													
Gingin                                                         																													
	FIRST			11	1.67		6	0.91		4	0.61		400	60.61		120	18.18		93	14.09		1	0.15		25	3.79		660	
	SECOND			0	0.00		0	0.00		0	0.00		0	0.00		1	100.00		0	0.00			Excluded		0	0.00		1	
		TOTAL		11	1.67		6	0.91		4	0.61		400	60.61		121	18.33		93	14.09					25	3.79		660	
	THIRD			1	25.00		0	0.00			Excluded		1	25.00		0	0.00		1	25.00					1	25.00		4	
		TOTAL		12	1.82		6	0.91					401	60.76		121	18.33		94	14.24					26	3.94		660	
	FOURTH				Excluded		5	41.67					5	41.67		2	16.67		0	0.00					0	0.00		12	
		TOTAL					11	1.67					406	61.52		123	18.64		94	14.24					26	3.94		660	
	FIFTH							Excluded					4	36.36		3	27.27		1	9.09					3	27.27		11	
		TOTAL											410	62.12		126	19.09		95	14.39					29	4.39		660	
	SIXTH												28	29.47		46	48.42			Excluded					21	22.11		95	
		TOTAL											438	66.36		172	26.06								50	7.58		660	
	SEVENTH												20	40.00		30	60.00									Excluded		50	
		TOTAL											458	69.39		202	30.61											660	
													Elected																
																													
Glen Forrest                                                   																													
	FIRST			12	0.75		103	6.43		22	1.37		760	47.44		432	26.97		89	5.56		3	0.19		181	11.30		1602	
	SECOND			0	0.00		0	0.00		1	33.33		0	0.00		0	0.00		1	33.33			Excluded		1	33.33		3	
		TOTAL		12	0.75		103	6.43		23	1.44		760	47.44		432	26.97		90	5.62					182	11.36		1602	
	THIRD			3	13.04		1	4.35			Excluded		16	69.57		2	8.70		1	4.35					0	0.00		23	
		TOTAL		15	0.94		104	6.49					776	48.44		434	27.09		91	5.68					182	11.36		1602	
	FOURTH				Excluded		4	26.67					4	26.67		3	20.00		3	20.00					1	6.67		15	
		TOTAL					108	6.74					780	48.69		437	27.28		94	5.87					183	11.42		1602	
	FIFTH							Excluded					17	15.74		21	19.44		7	6.48					63	58.33		108	
		TOTAL											797	49.75		458	28.59		101	6.30					246	15.36		1602	
	SIXTH												39	38.61		28	27.72			Excluded					34	33.66		101	
		TOTAL											836	52.18		486	30.34								280	17.48		1602	
	SEVENTH												96	34.29		184	65.71									Excluded		280	
		TOTAL											932	58.18		670	41.82											1602	
													Elected																
																													
Grass Valley                                                   																													
	FIRST			12	7.14		8	4.76		0	0.00		84	50.00		30	17.86		25	14.88		0	0.00		9	5.36		168	
	SECOND			0	0.00		0	0.00		0	0.00		0	0.00		0	0.00		0	0.00			Excluded		0	0.00		0	
		TOTAL		12	7.14		8	4.76		0	0.00		84	50.00		30	17.86		25	14.88					9	5.36		168	
	THIRD			0	0.00		0	0.00			Excluded		0	0.00		0	0.00		0	0.00					0	0.00		0	
		TOTAL		12	7.14		8	4.76					84	50.00		30	17.86		25	14.88					9	5.36		168	
	FOURTH				Excluded		3	25.00					8	66.67		0	0.00		1	8.33					0	0.00		12	
		TOTAL					11	6.55					92	54.76		30	17.86		26	15.48					9	5.36		168	
	FIFTH							Excluded					3	27.27		2	18.18		3	27.27					3	27.27		11	
		TOTAL											95	56.55		32	19.05		29	17.26					12	7.14		168	
	SIXTH												17	58.62		5	17.24			Excluded					7	24.14		29	
		TOTAL											112	66.67		37	22.02								19	11.31		168	
	SEVENTH												12	63.16		7	36.84									Excluded		19	
		TOTAL											124	73.81		44	26.19											168	
													Elected																
																													
Greenhills                                                     																													
	FIRST			1	1.06		0	0.00		0	0.00		62	65.96		8	8.51		21	22.34		0	0.00		2	2.13		94	
	SECOND			0	0.00		0	0.00		0	0.00		0	0.00		0	0.00		0	0.00			Excluded		0	0.00		0	
		TOTAL		1	1.06		0	0.00		0	0.00		62	65.96		8	8.51		21	22.34					2	2.13		94	
	THIRD			0	0.00		0	0.00			Excluded		0	0.00		0	0.00		0	0.00					0	0.00		0	
		TOTAL		1	1.06		0	0.00					62	65.96		8	8.51		21	22.34					2	2.13		94	
	FOURTH				Excluded		0	0.00					1	100.00		0	0.00		0	0.00					0	0.00		1	
		TOTAL					0	0.00					63	67.02		8	8.51		21	22.34					2	2.13		94	
	FIFTH							Excluded					0	0.00		0	0.00		0	0.00					0	0.00		0	
		TOTAL											63	67.02		8	8.51		21	22.34					2	2.13		94	
	SIXTH												13	61.90		6	28.57			Excluded					2	9.52		21	
		TOTAL											76	80.85		14	14.89								4	4.26		94	
	SEVENTH												1	25.00		3	75.00									Excluded		4	
		TOTAL											77	81.91		17	18.09											94	
													Elected																
																													
Greenmount                                                     																													
	FIRST			14	0.85		88	5.37		25	1.53		728	44.42		540	32.95		102	6.22		8	0.49		134	8.18		1639	
	SECOND			0	0.00		1	12.50		0	0.00		0	0.00		2	25.00		4	50.00			Excluded		1	12.50		8	
		TOTAL		14	0.85		89	5.43		25	1.53		728	44.42		542	33.07		106	6.47					135	8.24		1639	
	THIRD			1	4.00		1	4.00			Excluded		14	56.00		0	0.00		4	16.00					5	20.00		25	
		TOTAL		15	0.92		90	5.49					742	45.27		542	33.07		110	6.71					140	8.54		1639	
	FOURTH				Excluded		6	40.00					3	20.00		4	26.67		0	0.00					2	13.33		15	
		TOTAL					96	5.86					745	45.45		546	33.31		110	6.71					142	8.66		1639	
	FIFTH							Excluded					21	21.88		15	15.63		1	1.04					59	61.46		96	
		TOTAL											766	46.74		561	34.23		111	6.77					201	12.26		1639	
	SIXTH												47	42.34		40	36.04			Excluded					24	21.62		111	
		TOTAL											813	49.60		601	36.67								225	13.73		1639	
	SEVENTH												72	32.00		153	68.00									Excluded		225	
		TOTAL											885	54.00		754	46.00											1639	
													Elected																
																													
Guilderton                                                     																													
	FIRST			3	1.17		4	1.56		3	1.17		123	47.86		72	28.02		32	12.45		0	0.00		20	7.78		257	
	SECOND			0	0.00		0	0.00		0	0.00		0	0.00		0	0.00		0	0.00			Excluded		0	0.00		0	
		TOTAL		3	1.17		4	1.56		3	1.17		123	47.86		72	28.02		32	12.45					20	7.78		257	
	THIRD			0	0.00		0	0.00			Excluded		2	66.67		0	0.00		1	33.33					0	0.00		3	
		TOTAL		3	1.17		4	1.56					125	48.64		72	28.02		33	12.84					20	7.78		257	
	FOURTH				Excluded		1	33.33					1	33.33		0	0.00		0	0.00					1	33.33		3	
		TOTAL					5	1.95					126	49.03		72	28.02		33	12.84					21	8.17		257	
	FIFTH							Excluded					2	40.00		1	20.00		0	0.00					2	40.00		5	
		TOTAL											128	49.81		73	28.40		33	12.84					23	8.95		257	
	SIXTH												15	45.45		11	33.33			Excluded					7	21.21		33	
		TOTAL											143	55.64		84	32.68								30	11.67		257	
	SEVENTH												12	40.00		18	60.00									Excluded		30	
		TOTAL											155	60.31		102	39.69											257	
													Elected																
																													
Helena Valley (Pearce)                                         																													
	FIRST			0	0.00		28	6.19		6	1.33		210	46.46		131	28.98		22	4.87		3	0.66		52	11.50		452	
	SECOND			0	0.00		1	33.33		1	33.33		0	0.00		0	0.00		0	0.00			Excluded		1	33.33		3	
		TOTAL		0	0.00		29	6.42		7	1.55		210	46.46		131	28.98		22	4.87					53	11.73		452	
	THIRD			1	14.29		1	14.29			Excluded		2	28.57		1	14.29		0	0.00					2	28.57		7	
		TOTAL		1	0.22		30	6.64					212	46.90		132	29.20		22	4.87					55	12.17		452	
	FOURTH				Excluded		0	0.00					1	100.00		0	0.00		0	0.00					0	0.00		1	
		TOTAL					30	6.64					213	47.12		132	29.20		22	4.87					55	12.17		452	
	FIFTH							Excluded					3	10.00		8	26.67		1	3.33					18	60.00		30	
		TOTAL											216	47.79		140	30.97		23	5.09					73	16.15		452	
	SIXTH												8	34.78		6	26.09			Excluded					9	39.13		23	
		TOTAL											224	49.56		146	32.30								82	18.14		452	
	SEVENTH												23	28.05		59	71.95									Excluded		82	
		TOTAL											247	54.65		205	45.35											452	
													Elected																
																													
Henley Brook                                                   																													
	FIRST			5	0.49		37	3.65		9	0.89		579	57.16		238	23.49		78	7.70		1	0.10		66	6.52		1013	
	SECOND			0	0.00		1	100.00		0	0.00		0	0.00		0	0.00		0	0.00			Excluded		0	0.00		1	
		TOTAL		5	0.49		38	3.75		9	0.89		579	57.16		238	23.49		78	7.70					66	6.52		1013	
	THIRD			0	0.00		1	11.11			Excluded		6	66.67		1	11.11		1	11.11					0	0.00		9	
		TOTAL		5	0.49		39	3.85					585	57.75		239	23.59		79	7.80					66	6.52		1013	
	FOURTH				Excluded		0	0.00					3	60.00		1	20.00		0	0.00					1	20.00		5	
		TOTAL					39	3.85					588	58.05		240	23.69		79	7.80					67	6.61		1013	
	FIFTH							Excluded					14	35.90		5	12.82		4	10.26					16	41.03		39	
		TOTAL											602	59.43		245	24.19		83	8.19					83	8.19		1013	
	SIXTH												23	27.71		20	24.10			Excluded					40	48.19		83	
		TOTAL											625	61.70		265	26.16								123	12.14		1013	
	SEVENTH												62	50.41		61	49.59									Excluded		123	
		TOTAL											687	67.82		326	32.18											1013	
													Elected																
																													
Herne Hill                                                     																													
	FIRST			25	2.12		45	3.81		17	1.44		524	44.37		411	34.80		110	9.31		3	0.25		46	3.90		1181	
	SECOND			0	0.00		0	0.00		0	0.00		1	33.33		0	0.00		1	33.33			Excluded		1	33.33		3	
		TOTAL		25	2.12		45	3.81		17	1.44		525	44.45		411	34.80		111	9.40					47	3.98		1181	
	THIRD			3	17.65		1	5.88			Excluded		4	23.53		0	0.00		4	23.53					5	29.41		17	
		TOTAL		28	2.37		46	3.90					529	44.79		411	34.80		115	9.74					52	4.40		1181	
	FOURTH				Excluded		12	42.86					8	28.57		3	10.71		0	0.00					5	17.86		28	
		TOTAL					58	4.91					537	45.47		414	35.06		115	9.74					57	4.83		1181	
	FIFTH							Excluded					20	34.48		8	13.79		7	12.07					23	39.66		58	
		TOTAL											557	47.16		422	35.73		122	10.33					80	6.77		1181	
	SIXTH												40	32.79		47	38.52			Excluded					35	28.69		122	
		TOTAL											597	50.55		469	39.71								115	9.74		1181	
	SEVENTH												38	33.04		77	66.96									Excluded		115	
		TOTAL											635	53.77		546	46.23											1181	
													Elected																
																													
Highbury                                                       																													
	FIRST			24	19.51		2	1.63		0	0.00		55	44.72		11	8.94		27	21.95		0	0.00		4	3.25		123	
	SECOND			0	0.00		0	0.00		0	0.00		0	0.00		0	0.00		0	0.00			Excluded		0	0.00		0	
		TOTAL		24	19.51		2	1.63		0	0.00		55	44.72		11	8.94		27	21.95					4	3.25		123	
	THIRD			0	0.00		0	0.00			Excluded		0	0.00		0	0.00		0	0.00					0	0.00		0	
		TOTAL		24	19.51		2	1.63					55	44.72		11	8.94		27	21.95					4	3.25		123	
	FOURTH				Excluded		2	8.33					20	83.33		0	0.00		1	4.17					1	4.17		24	
		TOTAL					4	3.25					75	60.98		11	8.94		28	22.76					5	4.07		123	
	FIFTH							Excluded					3	75.00		0	0.00		1	25.00					0	0.00		4	
		TOTAL											78	63.41		11	8.94		29	23.58					5	4.07		123	
	SIXTH												8	27.59		5	17.24			Excluded					16	55.17		29	
		TOTAL											86	69.92		16	13.01								21	17.07		123	
	SEVENTH												11	52.38		10	47.62									Excluded		21	
		TOTAL											97	78.86		26	21.14											123	
													Elected																
																													
Lancelin                                                       																													
	FIRST			10	1.73		16	2.77		2	0.35		268	46.37		163	28.20		92	15.92		1	0.17		26	4.50		578	
	SECOND			0	0.00		0	0.00		1	100.00		0	0.00		0	0.00		0	0.00			Excluded		0	0.00		1	
		TOTAL		10	1.73		16	2.77		3	0.52		268	46.37		163	28.20		92	15.92					26	4.50		578	
	THIRD			0	0.00		0	0.00			Excluded		2	66.67		0	0.00		0	0.00					1	33.33		3	
		TOTAL		10	1.73		16	2.77					270	46.71		163	28.20		92	15.92					27	4.67		578	
	FOURTH				Excluded		3	30.00					5	50.00		1	10.00		0	0.00					1	10.00		10	
		TOTAL					19	3.29					275	47.58		164	28.37		92	15.92					28	4.84		578	
	FIFTH							Excluded					4	21.05		2	10.53		2	10.53					11	57.89		19	
		TOTAL											279	48.27		166	28.72		94	16.26					39	6.75		578	
	SIXTH												26	27.66		43	45.74			Excluded					25	26.60		94	
		TOTAL											305	52.77		209	36.16								64	11.07		578	
	SEVENTH												30	46.88		34	53.13									Excluded		64	
		TOTAL											335	57.96		243	42.04											578	
													Elected																
																													
Ledge Point                                                    																													
	FIRST			2	1.67		2	1.67		0	0.00		85	70.83		21	17.50		6	5.00		0	0.00		4	3.33		120	
	SECOND			0	0.00		0	0.00		0	0.00		0	0.00		0	0.00		0	0.00			Excluded		0	0.00		0	
		TOTAL		2	1.67		2	1.67		0	0.00		85	70.83		21	17.50		6	5.00					4	3.33		120	
	THIRD			0	0.00		0	0.00			Excluded		0	0.00		0	0.00		0	0.00					0	0.00		0	
		TOTAL		2	1.67		2	1.67					85	70.83		21	17.50		6	5.00					4	3.33		120	
	FOURTH				Excluded		1	50.00					1	50.00		0	0.00		0	0.00					0	0.00		2	
		TOTAL					3	2.50					86	71.67		21	17.50		6	5.00					4	3.33		120	
	FIFTH							Excluded					1	33.33		2	66.67		0	0.00					0	0.00		3	
		TOTAL											87	72.50		23	19.17		6	5.00					4	3.33		120	
	SIXTH												4	66.67		1	16.67			Excluded					1	16.67		6	
		TOTAL											91	75.83		24	20.00								5	4.17		120	
	SEVENTH												3	60.00		2	40.00									Excluded		5	
		TOTAL											94	78.33		26	21.67											120	
													Elected																
																													
Lower Chittering                                               																													
	FIRST			3	1.38		5	2.30		2	0.92		123	56.68		53	24.42		19	8.76		1	0.46		11	5.07		217	
	SECOND			0	0.00		0	0.00		0	0.00		0	0.00		0	0.00		1	100.00			Excluded		0	0.00		1	
		TOTAL		3	1.38		5	2.30		2	0.92		123	56.68		53	24.42		20	9.22					11	5.07		217	
	THIRD			0	0.00		1	50.00			Excluded		0	0.00		0	0.00		1	50.00					0	0.00		2	
		TOTAL		3	1.38		6	2.76					123	56.68		53	24.42		21	9.68					11	5.07		217	
	FOURTH				Excluded		2	66.67					1	33.33		0	0.00		0	0.00					0	0.00		3	
		TOTAL					8	3.69					124	57.14		53	24.42		21	9.68					11	5.07		217	
	FIFTH							Excluded					5	62.50		0	0.00		2	25.00					1	12.50		8	
		TOTAL											129	59.45		53	24.42		23	10.60					12	5.53		217	
	SIXTH												13	56.52		5	21.74			Excluded					5	21.74		23	
		TOTAL											142	65.44		58	26.73								17	7.83		217	
	SEVENTH												6	35.29		11	64.71									Excluded		17	
		TOTAL											148	68.20		69	31.80											217	
													Elected																
																													
Mahogany Creek                                                 																													
	FIRST			4	0.68		23	3.89		6	1.01		279	47.13		177	29.90		36	6.08		0	0.00		67	11.32		592	
	SECOND			0	0.00		0	0.00		0	0.00		0	0.00		0	0.00		0	0.00			Excluded		0	0.00		0	
		TOTAL		4	0.68		23	3.89		6	1.01		279	47.13		177	29.90		36	6.08					67	11.32		592	
	THIRD			0	0.00		0	0.00			Excluded		2	33.33		0	0.00		1	16.67					3	50.00		6	
		TOTAL		4	0.68		23	3.89					281	47.47		177	29.90		37	6.25					70	11.82		592	
	FOURTH				Excluded		2	50.00					1	25.00		1	25.00		0	0.00					0	0.00		4	
		TOTAL					25	4.22					282	47.64		178	30.07		37	6.25					70	11.82		592	
	FIFTH							Excluded					4	16.00		7	28.00		2	8.00					12	48.00		25	
		TOTAL											286	48.31		185	31.25		39	6.59					82	13.85		592	
	SIXTH												15	38.46		9	23.08			Excluded					15	38.46		39	
		TOTAL											301	50.84		194	32.77								97	16.39		592	
	SEVENTH												29	29.90		68	70.10									Excluded		97	
		TOTAL											330	55.74		262	44.26											592	
													Elected																
																													
Merriwa                                                        																													
	FIRST			31	1.21		104	4.06		28	1.09		1041	40.63		1037	40.48		177	6.91		7	0.27		137	5.35		2562	
	SECOND			0	0.00		1	14.29		0	0.00		0	0.00		2	28.57		0	0.00			Excluded		4	57.14		7	
		TOTAL		31	1.21		105	4.10		28	1.09		1041	40.63		1039	40.55		177	6.91					141	5.50		2562	
	THIRD			0	0.00		4	14.29			Excluded		11	39.29		4	14.29		3	10.71					6	21.43		28	
		TOTAL		31	1.21		109	4.25					1052	41.06		1043	40.71		180	7.03					147	5.74		2562	
	FOURTH				Excluded		18	58.06					5	16.13		4	12.90		1	3.23					3	9.68		31	
		TOTAL					127	4.96					1057	41.26		1047	40.87		181	7.06					150	5.85		2562	
	FIFTH							Excluded					40	31.50		38	29.92		2	1.57					47	37.01		127	
		TOTAL											1097	42.82		1085	42.35		183	7.14					197	7.69		2562	
	SIXTH												57	31.15		74	40.44			Excluded					52	28.42		183	
		TOTAL											1154	45.04		1159	45.24								249	9.72		2562	
	SEVENTH												95	38.15		154	61.85									Excluded		249	
		TOTAL											1249	48.75		1313	51.25											2562	
													Elected																
																													
Midland (Pearce)                                               																													
	FIRST			10	2.36		22	5.19		10	2.36		165	38.92		155	36.56		24	5.66		2	0.47		36	8.49		424	
	SECOND			0	0.00		0	0.00		0	0.00		0	0.00		0	0.00		0	0.00			Excluded		2	100.00		2	
		TOTAL		10	2.36		22	5.19		10	2.36		165	38.92		155	36.56		24	5.66					38	8.96		424	
	THIRD			1	10.00		1	10.00			Excluded		0	0.00		2	20.00		4	40.00					2	20.00		10	
		TOTAL		11	2.59		23	5.42					165	38.92		157	37.03		28	6.60					40	9.43		424	
	FOURTH				Excluded		6	54.55					3	27.27		1	9.09		1	9.09					0	0.00		11	
		TOTAL					29	6.84					168	39.62		158	37.26		29	6.84					40	9.43		424	
	FIFTH							Excluded					7	24.14		11	37.93		6	20.69					5	17.24		29	
		TOTAL											175	41.27		169	39.86		35	8.25					45	10.61		424	
	SIXTH												12	34.29		8	22.86			Excluded					15	42.86		35	
		TOTAL											187	44.10		177	41.75								60	14.15		424	
	SEVENTH												30	50.00		30	50.00									Excluded		60	
		TOTAL											217	51.18		207	48.82											424	
													Elected																
																													
Mindarie                                                       																													
	FIRST			11	0.56		61	3.08		19	0.96		1053	53.18		637	32.17		94	4.75		2	0.10		103	5.20		1980	
	SECOND			0	0.00		0	0.00		0	0.00		0	0.00		0	0.00		1	50.00			Excluded		1	50.00		2	
		TOTAL		11	0.56		61	3.08		19	0.96		1053	53.18		637	32.17		95	4.80					104	5.25		1980	
	THIRD			3	15.79		4	21.05			Excluded		6	31.58		0	0.00		3	15.79					3	15.79		19	
		TOTAL		14	0.71		65	3.28					1059	53.48		637	32.17		98	4.95					107	5.40		1980	
	FOURTH				Excluded		7	50.00					3	21.43		3	21.43		0	0.00					1	7.14		14	
		TOTAL					72	3.64					1062	53.64		640	32.32		98	4.95					108	5.45		1980	
	FIFTH							Excluded					23	31.94		24	33.33		3	4.17					22	30.56		72	
		TOTAL											1085	54.80		664	33.54		101	5.10					130	6.57		1980	
	SIXTH												43	42.57		29	28.71			Excluded					29	28.71		101	
		TOTAL											1128	56.97		693	35.00								159	8.03		1980	
	SEVENTH												65	40.88		94	59.12									Excluded		159	
		TOTAL											1193	60.25		787	39.75											1980	
													Elected																
																													
Mount Helena                                                   																													
	FIRST			18	1.39		73	5.63		23	1.77		565	43.60		362	27.93		97	7.48		3	0.23		155	11.96		1296	
	SECOND			0	0.00		1	33.33		0	0.00		0	0.00		0	0.00		2	66.67			Excluded		0	0.00		3	
		TOTAL		18	1.39		74	5.71		23	1.77		565	43.60		362	27.93		99	7.64					155	11.96		1296	
	THIRD			0	0.00		4	17.39			Excluded		10	43.48		5	21.74		3	13.04					1	4.35		23	
		TOTAL		18	1.39		78	6.02					575	44.37		367	28.32		102	7.87					156	12.04		1296	
	FOURTH				Excluded		5	27.78					7	38.89		2	11.11		2	11.11					2	11.11		18	
		TOTAL					83	6.40					582	44.91		369	28.47		104	8.02					158	12.19		1296	
	FIFTH							Excluded					12	14.46		19	22.89		9	10.84					43	51.81		83	
		TOTAL											594	45.83		388	29.94		113	8.72					201	15.51		1296	
	SIXTH												48	42.48		33	29.20			Excluded					32	28.32		113	
		TOTAL											642	49.54		421	32.48								233	17.98		1296	
	SEVENTH												72	30.90		161	69.10									Excluded		233	
		TOTAL											714	55.09		582	44.91											1296	
													Elected																
																													
Muchea                                                         																													
	FIRST			3	0.86		10	2.86		4	1.14		172	49.14		79	22.57		66	18.86		3	0.86		13	3.71		350	
	SECOND			1	33.33		0	0.00		0	0.00		0	0.00		0	0.00		0	0.00			Excluded		2	66.67		3	
		TOTAL		4	1.14		10	2.86		4	1.14		172	49.14		79	22.57		66	18.86					15	4.29		350	
	THIRD			1	25.00		1	25.00			Excluded		2	50.00		0	0.00		0	0.00					0	0.00		4	
		TOTAL		5	1.43		11	3.14					174	49.71		79	22.57		66	18.86					15	4.29		350	
	FOURTH				Excluded		0	0.00					2	40.00		0	0.00		2	40.00					1	20.00		5	
		TOTAL					11	3.14					176	50.29		79	22.57		68	19.43					16	4.57		350	
	FIFTH							Excluded					4	36.36		4	36.36		0	0.00					3	27.27		11	
		TOTAL											180	51.43		83	23.71		68	19.43					19	5.43		350	
	SIXTH												23	33.82		29	42.65			Excluded					16	23.53		68	
		TOTAL											203	58.00		112	32.00								35	10.00		350	
	SEVENTH												18	51.43		17	48.57									Excluded		35	
		TOTAL											221	63.14		129	36.86											350	
													Elected																
																													
Mundaring                                                      																													
	FIRST			22	1.06		140	6.78		28	1.36		893	43.22		638	30.88		144	6.97		2	0.10		199	9.63		2066	
	SECOND			0	0.00		0	0.00		0	0.00		1	50.00		0	0.00		1	50.00			Excluded		0	0.00		2	
		TOTAL		22	1.06		140	6.78		28	1.36		894	43.27		638	30.88		145	7.02					199	9.63		2066	
	THIRD			1	3.57		2	7.14			Excluded		15	53.57		1	3.57		7	25.00					2	7.14		28	
		TOTAL		23	1.11		142	6.87					909	44.00		639	30.93		152	7.36					201	9.73		2066	
	FOURTH				Excluded		10	43.48					6	26.09		2	8.70		2	8.70					3	13.04		23	
		TOTAL					152	7.36					915	44.29		641	31.03		154	7.45					204	9.87		2066	
	FIFTH							Excluded					29	19.08		27	17.76		8	5.26					88	57.89		152	
		TOTAL											944	45.69		668	32.33		162	7.84					292	14.13		2066	
	SIXTH												55	33.95		46	28.40			Excluded					61	37.65		162	
		TOTAL											999	48.35		714	34.56								353	17.09		2066	
	SEVENTH												117	33.14		236	66.86									Excluded		353	
		TOTAL											1116	54.02		950	45.98											2066	
													Elected																
																													
Narrogin                                                       																													
	FIRST			248	12.12		47	2.30		25	1.22		923	45.09		475	23.20		225	10.99		15	0.73		89	4.35		2047	
	SECOND			2	13.33		2	13.33		4	26.67		0	0.00		3	20.00		1	6.67			Excluded		3	20.00		15	
		TOTAL		250	12.21		49	2.39		29	1.42		923	45.09		478	23.35		226	11.04					92	4.49		2047	
	THIRD			8	27.59		3	10.34			Excluded		7	24.14		2	6.90		7	24.14					2	6.90		29	
		TOTAL		258	12.60		52	2.54					930	45.43		480	23.45		233	11.38					94	4.59		2047	
	FOURTH				Excluded		28	10.85					171	66.28		16	6.20		15	5.81					28	10.85		258	
		TOTAL					80	3.91					1101	53.79		496	24.23		248	12.12					122	5.96		2047	
	FIFTH							Excluded					35	43.75		9	11.25		7	8.75					29	36.25		80	
		TOTAL											1136	55.50		505	24.67		255	12.46					151	7.38		2047	
	SIXTH												93	36.47		79	30.98			Excluded					83	32.55		255	
		TOTAL											1229	60.04		584	28.53								234	11.43		2047	
	SEVENTH												97	41.45		137	58.55									Excluded		234	
		TOTAL											1326	64.78		721	35.22											2047	
													Elected																
																													
Narrogin Regional Hospital                                     																													
	FIRST			37	12.94		4	1.40		7	2.45		112	39.16		81	28.32		27	9.44		4	1.40		14	4.90		286	
	SECOND			0	0.00		0	0.00		0	0.00		0	0.00		0	0.00		3	75.00			Excluded		1	25.00		4	
		TOTAL		37	12.94		4	1.40		7	2.45		112	39.16		81	28.32		30	10.49					15	5.24		286	
	THIRD			1	14.29		0	0.00			Excluded		3	42.86		0	0.00		2	28.57					1	14.29		7	
		TOTAL		38	13.29		4	1.40					115	40.21		81	28.32		32	11.19					16	5.59		286	
	FOURTH				Excluded		3	7.89					28	73.68		2	5.26		3	7.89					2	5.26		38	
		TOTAL					7	2.45					143	50.00		83	29.02		35	12.24					18	6.29		286	
	FIFTH							Excluded					1	14.29		0	0.00		1	14.29					5	71.43		7	
		TOTAL											144	50.35		83	29.02		36	12.59					23	8.04		286	
	SIXTH												17	47.22		10	27.78			Excluded					9	25.00		36	
		TOTAL											161	56.29		93	32.52								32	11.19		286	
	SEVENTH												14	43.75		18	56.25									Excluded		32	
		TOTAL											175	61.19		111	38.81											286	
													Elected																
																													
Northam                                                        																													
	FIRST			81	4.45		43	2.36		16	0.88		811	44.56		594	32.64		198	10.88		11	0.60		66	3.63		1820	
	SECOND			1	9.09		0	0.00		2	18.18		1	9.09		1	9.09		6	54.55			Excluded		0	0.00		11	
		TOTAL		82	4.51		43	2.36		18	0.99		812	44.62		595	32.69		204	11.21					66	3.63		1820	
	THIRD			4	22.22		2	11.11			Excluded		6	33.33		1	5.56		2	11.11					3	16.67		18	
		TOTAL		86	4.73		45	2.47					818	44.95		596	32.75		206	11.32					69	3.79		1820	
	FOURTH				Excluded		24	27.91					49	56.98		2	2.33		5	5.81					6	6.98		86	
		TOTAL					69	3.79					867	47.64		598	32.86		211	11.59					75	4.12		1820	
	FIFTH							Excluded					25	36.23		13	18.84		7	10.14					24	34.78		69	
		TOTAL											892	49.01		611	33.57		218	11.98					99	5.44		1820	
	SIXTH												66	30.28		82	37.61			Excluded					70	32.11		218	
		TOTAL											958	52.64		693	38.08								169	9.29		1820	
	SEVENTH												61	36.09		108	63.91									Excluded		169	
		TOTAL											1019	55.99		801	44.01											1820	
													Elected																
																													
Northam East                                                   																													
	FIRST			38	4.09		25	2.69		8	0.86		389	41.83		307	33.01		119	12.80		2	0.22		42	4.52		930	
	SECOND			0	0.00		0	0.00		0	0.00		0	0.00		0	0.00		2	100.00			Excluded		0	0.00		2	
		TOTAL		38	4.09		25	2.69		8	0.86		389	41.83		307	33.01		121	13.01					42	4.52		930	
	THIRD			2	25.00		0	0.00			Excluded		3	37.50		1	12.50		1	12.50					1	12.50		8	
		TOTAL		40	4.30		25	2.69					392	42.15		308	33.12		122	13.12					43	4.62		930	
	FOURTH				Excluded		10	25.00					24	60.00		1	2.50		3	7.50					2	5.00		40	
		TOTAL					35	3.76					416	44.73		309	33.23		125	13.44					45	4.84		930	
	FIFTH							Excluded					22	62.86		6	17.14		1	2.86					6	17.14		35	
		TOTAL											438	47.10		315	33.87		126	13.55					51	5.48		930	
	SIXTH												30	23.81		49	38.89			Excluded					47	37.30		126	
		TOTAL											468	50.32		364	39.14								98	10.54		930	
	SEVENTH												45	45.92		53	54.08									Excluded		98	
		TOTAL											513	55.16		417	44.84											930	
													Elected																
																													
Northam North                                                  																													
	FIRST			24	4.05		12	2.02		7	1.18		168	28.33		284	47.89		70	11.80		2	0.34		26	4.38		593	
	SECOND			0	0.00		1	50.00		0	0.00		0	0.00		1	50.00		0	0.00			Excluded		0	0.00		2	
		TOTAL		24	4.05		13	2.19		7	1.18		168	28.33		285	48.06		70	11.80					26	4.38		593	
	THIRD			0	0.00		1	14.29			Excluded		3	42.86		2	28.57		0	0.00					1	14.29		7	
		TOTAL		24	4.05		14	2.36					171	28.84		287	48.40		70	11.80					27	4.55		593	
	FOURTH				Excluded		6	25.00					14	58.33		1	4.17		2	8.33					1	4.17		24	
		TOTAL					20	3.37					185	31.20		288	48.57		72	12.14					28	4.72		593	
	FIFTH							Excluded					8	40.00		5	25.00		0	0.00					7	35.00		20	
		TOTAL											193	32.55		293	49.41		72	12.14					35	5.90		593	
	SIXTH												17	23.61		34	47.22			Excluded					21	29.17		72	
		TOTAL											210	35.41		327	55.14								56	9.44		593	
	SEVENTH												21	37.50		35	62.50									Excluded		56	
		TOTAL											231	38.95		362	61.05											593	
													Elected																
																													
Parkerville                                                    																													
	FIRST			8	0.82		64	6.54		14	1.43		454	46.37		248	25.33		61	6.23		1	0.10		129	13.18		979	
	SECOND			0	0.00		1	100.00		0	0.00		0	0.00		0	0.00		0	0.00			Excluded		0	0.00		1	
		TOTAL		8	0.82		65	6.64		14	1.43		454	46.37		248	25.33		61	6.23					129	13.18		979	
	THIRD			0	0.00		3	21.43			Excluded		10	71.43		0	0.00		0	0.00					1	7.14		14	
		TOTAL		8	0.82		68	6.95					464	47.40		248	25.33		61	6.23					130	13.28		979	
	FOURTH				Excluded		2	25.00					3	37.50		1	12.50		1	12.50					1	12.50		8	
		TOTAL					70	7.15					467	47.70		249	25.43		62	6.33					131	13.38		979	
	FIFTH							Excluded					14	20.00		14	20.00		6	8.57					36	51.43		70	
		TOTAL											481	49.13		263	26.86		68	6.95					167	17.06		979	
	SIXTH												27	39.71		21	30.88			Excluded					20	29.41		68	
		TOTAL											508	51.89		284	29.01								187	19.10		979	
	SEVENTH												60	32.09		127	67.91									Excluded		187	
		TOTAL											568	58.02		411	41.98											979	
													Elected																
																													
Perth (Pearce)                                                 																													
	FIRST			3	2.86		8	7.62		4	3.81		33	31.43		28	26.67		8	7.62		1	0.95		20	19.05		105	
	SECOND			0	0.00		0	0.00		0	0.00		0	0.00		0	0.00		0	0.00			Excluded		1	100.00		1	
		TOTAL		3	2.86		8	7.62		4	3.81		33	31.43		28	26.67		8	7.62					21	20.00		105	
	THIRD			0	0.00		1	25.00			Excluded		1	25.00		2	50.00		0	0.00					0	0.00		4	
		TOTAL		3	2.86		9	8.57					34	32.38		30	28.57		8	7.62					21	20.00		105	
	FOURTH				Excluded		0	0.00					3	100.00		0	0.00		0	0.00					0	0.00		3	
		TOTAL					9	8.57					37	35.24		30	28.57		8	7.62					21	20.00		105	
	FIFTH							Excluded					1	11.11		2	22.22		1	11.11					5	55.56		9	
		TOTAL											38	36.19		32	30.48		9	8.57					26	24.76		105	
	SIXTH												2	22.22		4	44.44			Excluded					3	33.33		9	
		TOTAL											40	38.10		36	34.29								29	27.62		105	
	SEVENTH												13	44.83		16	55.17									Excluded		29	
		TOTAL											53	50.48		52	49.52											105	
													Elected																
																													
Pickering Brook                                                																													
	FIRST			9	2.75		13	3.98		3	0.92		182	55.66		72	22.02		21	6.42		1	0.31		26	7.95		327	
	SECOND			0	0.00		0	0.00		0	0.00		0	0.00		0	0.00		0	0.00			Excluded		1	100.00		1	
		TOTAL		9	2.75		13	3.98		3	0.92		182	55.66		72	22.02		21	6.42					27	8.26		327	
	THIRD			0	0.00		0	0.00			Excluded		2	66.67		0	0.00		0	0.00					1	33.33		3	
		TOTAL		9	2.75		13	3.98					184	56.27		72	22.02		21	6.42					28	8.56		327	
	FOURTH				Excluded		3	33.33					4	44.44		1	11.11		0	0.00					1	11.11		9	
		TOTAL					16	4.89					188	57.49		73	22.32		21	6.42					29	8.87		327	
	FIFTH							Excluded					8	50.00		1	6.25		1	6.25					6	37.50		16	
		TOTAL											196	59.94		74	22.63		22	6.73					35	10.70		327	
	SIXTH												12	54.55		5	22.73			Excluded					5	22.73		22	
		TOTAL											208	63.61		79	24.16								40	12.23		327	
	SEVENTH												14	35.00		26	65.00									Excluded		40	
		TOTAL											222	67.89		105	32.11											327	
													Elected																
																													
Pingelly                                                       																													
	FIRST			83	13.79		8	1.33		4	0.66		279	46.35		128	21.26		58	9.63		29	4.82		13	2.16		602	
	SECOND			1	3.45		1	3.45		1	3.45		6	20.69		5	17.24		8	27.59			Excluded		7	24.14		29	
		TOTAL		84	13.95		9	1.50		5	0.83		285	47.34		133	22.09		66	10.96					20	3.32		602	
	THIRD			1	20.00		2	40.00			Excluded		0	0.00		1	20.00		0	0.00					1	20.00		5	
		TOTAL		85	14.12		11	1.83					285	47.34		134	22.26		66	10.96					21	3.49		602	
	FOURTH				Excluded		2	2.35					70	82.35		0	0.00		9	10.59					4	4.71		85	
		TOTAL					13	2.16					355	58.97		134	22.26		75	12.46					25	4.15		602	
	FIFTH							Excluded					4	30.77		3	23.08		2	15.38					4	30.77		13	
		TOTAL											359	59.63		137	22.76		77	12.79					29	4.82		602	
	SIXTH												37	48.05		25	32.47			Excluded					15	19.48		77	
		TOTAL											396	65.78		162	26.91								44	7.31		602	
	SEVENTH												23	52.27		21	47.73									Excluded		44	
		TOTAL											419	69.60		183	30.40											602	
													Elected																
																													
Popanyinning                                                   																													
	FIRST			15	12.20		1	0.81		1	0.81		69	56.10		24	19.51		11	8.94		2	1.63		0	0.00		123	
	SECOND			0	0.00		0	0.00		0	0.00		0	0.00		1	50.00		0	0.00			Excluded		1	50.00		2	
		TOTAL		15	12.20		1	0.81		1	0.81		69	56.10		25	20.33		11	8.94					1	0.81		123	
	THIRD			0	0.00		0	0.00			Excluded		0	0.00		0	0.00		1	100.00					0	0.00		1	
		TOTAL		15	12.20		1	0.81					69	56.10		25	20.33		12	9.76					1	0.81		123	
	FOURTH				Excluded		1	6.67					11	73.33		1	6.67		2	13.33					0	0.00		15	
		TOTAL					2	1.63					80	65.04		26	21.14		14	11.38					1	0.81		123	
	FIFTH							Excluded					1	50.00		0	0.00		0	0.00					1	50.00		2	
		TOTAL											81	65.85		26	21.14		14	11.38					2	1.63		123	
	SIXTH												4	28.57		4	28.57			Excluded					6	42.86		14	
		TOTAL											85	69.11		30	24.39								8	6.50		123	
	SEVENTH												5	62.50		3	37.50									Excluded		8	
		TOTAL											90	73.17		33	26.83											123	
													Elected																
																													
Quindanning                                                    																													
	FIRST			10	10.10		4	4.04		0	0.00		54	54.55		11	11.11		15	15.15		0	0.00		5	5.05		99	
	SECOND			0	0.00		0	0.00		0	0.00		0	0.00		0	0.00		0	0.00			Excluded		0	0.00		0	
		TOTAL		10	10.10		4	4.04		0	0.00		54	54.55		11	11.11		15	15.15					5	5.05		99	
	THIRD			0	0.00		0	0.00			Excluded		0	0.00		0	0.00		0	0.00					0	0.00		0	
		TOTAL		10	10.10		4	4.04					54	54.55		11	11.11		15	15.15					5	5.05		99	
	FOURTH				Excluded		2	20.00					6	60.00		0	0.00		2	20.00					0	0.00		10	
		TOTAL					6	6.06					60	60.61		11	11.11		17	17.17					5	5.05		99	
	FIFTH							Excluded					2	33.33		2	33.33		1	16.67					1	16.67		6	
		TOTAL											62	62.63		13	13.13		18	18.18					6	6.06		99	
	SIXTH												9	50.00		3	16.67			Excluded					6	33.33		18	
		TOTAL											71	71.72		16	16.16								12	12.12		99	
	SEVENTH												3	25.00		9	75.00									Excluded		12	
		TOTAL											74	74.75		25	25.25											99	
													Elected																
																													
Quinns Rock                                                    																													
	FIRST			19	0.70		120	4.44		32	1.19		1154	42.74		958	35.48		192	7.11		10	0.37		215	7.96		2700	
	SECOND			1	10.00		0	0.00		1	10.00		1	10.00		1	10.00		0	0.00			Excluded		6	60.00		10	
		TOTAL		20	0.74		120	4.44		33	1.22		1155	42.78		959	35.52		192	7.11					221	8.19		2700	
	THIRD			4	12.12		2	6.06			Excluded		17	51.52		6	18.18		2	6.06					2	6.06		33	
		TOTAL		24	0.89		122	4.52					1172	43.41		965	35.74		194	7.19					223	8.26		2700	
	FOURTH				Excluded		15	62.50					5	20.83		3	12.50		1	4.17					0	0.00		24	
		TOTAL					137	5.07					1177	43.59		968	35.85		195	7.22					223	8.26		2700	
	FIFTH							Excluded					37	27.01		35	25.55		9	6.57					56	40.88		137	
		TOTAL											1214	44.96		1003	37.15		204	7.56					279	10.33		2700	
	SIXTH												47	23.04		86	42.16			Excluded					71	34.80		204	
		TOTAL											1261	46.70		1089	40.33								350	12.96		2700	
	SEVENTH												126	36.00		224	64.00									Excluded		350	
		TOTAL											1387	51.37		1313	48.63											2700	
													Elected																
																													
Rottnest (Pearce)                                              																													
	FIRST			1	2.78		0	0.00		1	2.78		19	52.78		8	22.22		1	2.78		0	0.00		6	16.67		36	
	SECOND			0	0.00		0	0.00		0	0.00		0	0.00		0	0.00		0	0.00			Excluded		0	0.00		0	
		TOTAL		1	2.78		0	0.00		1	2.78		19	52.78		8	22.22		1	2.78					6	16.67		36	
	THIRD			0	0.00		0	0.00			Excluded		0	0.00		0	0.00		0	0.00					1	100.00		1	
		TOTAL		1	2.78		0	0.00					19	52.78		8	22.22		1	2.78					7	19.44		36	
	FOURTH				Excluded		0	0.00					0	0.00		0	0.00		1	100.00					0	0.00		1	
		TOTAL					0	0.00					19	52.78		8	22.22		2	5.56					7	19.44		36	
	FIFTH							Excluded					0	0.00		0	0.00		0	0.00					0	0.00		0	
		TOTAL											19	52.78		8	22.22		2	5.56					7	19.44		36	
	SIXTH												1	50.00		0	0.00			Excluded					1	50.00		2	
		TOTAL											20	55.56		8	22.22								8	22.22		36	
	SEVENTH												5	62.50		3	37.50									Excluded		8	
		TOTAL											25	69.44		11	30.56											36	
													Elected																
																													
Sawyers Valley                                                 																													
	FIRST			3	0.60		23	4.58		7	1.39		219	43.63		165	32.87		35	6.97		3	0.60		47	9.36		502	
	SECOND			0	0.00		0	0.00		0	0.00		1	33.33		0	0.00		2	66.67			Excluded		0	0.00		3	
		TOTAL		3	0.60		23	4.58		7	1.39		220	43.82		165	32.87		37	7.37					47	9.36		502	
	THIRD			3	42.86		0	0.00			Excluded		2	28.57		1	14.29		1	14.29					0	0.00		7	
		TOTAL		6	1.20		23	4.58					222	44.22		166	33.07		38	7.57					47	9.36		502	
	FOURTH				Excluded		3	50.00					3	50.00		0	0.00		0	0.00					0	0.00		6	
		TOTAL					26	5.18					225	44.82		166	33.07		38	7.57					47	9.36		502	
	FIFTH							Excluded					8	30.77		3	11.54		1	3.85					14	53.85		26	
		TOTAL											233	46.41		169	33.67		39	7.77					61	12.15		502	
	SIXTH												15	38.46		9	23.08			Excluded					15	38.46		39	
		TOTAL											248	49.40		178	35.46								76	15.14		502	
	SEVENTH												30	39.47		46	60.53									Excluded		76	
		TOTAL											278	55.38		224	44.62											502	
													Elected																
																													
Seabird                                                        																													
	FIRST			1	1.43		1	1.43		0	0.00		36	51.43		18	25.71		10	14.29		0	0.00		4	5.71		70	
	SECOND			0	0.00		0	0.00		0	0.00		0	0.00		0	0.00		0	0.00			Excluded		0	0.00		0	
		TOTAL		1	1.43		1	1.43		0	0.00		36	51.43		18	25.71		10	14.29					4	5.71		70	
	THIRD			0	0.00		0	0.00			Excluded		0	0.00		0	0.00		0	0.00					0	0.00		0	
		TOTAL		1	1.43		1	1.43					36	51.43		18	25.71		10	14.29					4	5.71		70	
	FOURTH				Excluded		1	100.00					0	0.00		0	0.00		0	0.00					0	0.00		1	
		TOTAL					2	2.86					36	51.43		18	25.71		10	14.29					4	5.71		70	
	FIFTH							Excluded					1	50.00		1	50.00		0	0.00					0	0.00		2	
		TOTAL											37	52.86		19	27.14		10	14.29					4	5.71		70	
	SIXTH												5	50.00		3	30.00			Excluded					2	20.00		10	
		TOTAL											42	60.00		22	31.43								6	8.57		70	
	SEVENTH												2	33.33		4	66.67									Excluded		6	
		TOTAL											44	62.86		26	37.14											70	
													Elected																
																													
Stoneville                                                     																													
	FIRST			7	0.72		52	5.37		24	2.48		448	46.28		243	25.10		107	11.05		4	0.41		83	8.57		968	
	SECOND			0	0.00		1	25.00		0	0.00		0	0.00		0	0.00		0	0.00			Excluded		3	75.00		4	
		TOTAL		7	0.72		53	5.48		24	2.48		448	46.28		243	25.10		107	11.05					86	8.88		968	
	THIRD			3	12.50		5	20.83			Excluded		12	50.00		0	0.00		3	12.50					1	4.17		24	
		TOTAL		10	1.03		58	5.99					460	47.52		243	25.10		110	11.36					87	8.99		968	
	FOURTH				Excluded		5	50.00					4	40.00		0	0.00		0	0.00					1	10.00		10	
		TOTAL					63	6.51					464	47.93		243	25.10		110	11.36					88	9.09		968	
	FIFTH							Excluded					15	23.81		10	15.87		0	0.00					38	60.32		63	
		TOTAL											479	49.48		253	26.14		110	11.36					126	13.02		968	
	SIXTH												44	40.00		37	33.64			Excluded					29	26.36		110	
		TOTAL											523	54.03		290	29.96								155	16.01		968	
	SEVENTH												62	40.00		93	60.00									Excluded		155	
		TOTAL											585	60.43		383	39.57											968	
													Elected																
																													
Stratton                                                       																													
	FIRST			27	1.29		145	6.92		24	1.15		726	34.67		881	42.07		147	7.02		6	0.29		138	6.59		2094	
	SECOND			0	0.00		0	0.00		1	16.67		0	0.00		0	0.00		2	33.33			Excluded		3	50.00		6	
		TOTAL		27	1.29		145	6.92		25	1.19		726	34.67		881	42.07		149	7.12					141	6.73		2094	
	THIRD			2	8.00		4	16.00			Excluded		5	20.00		4	16.00		5	20.00					5	20.00		25	
		TOTAL		29	1.38		149	7.12					731	34.91		885	42.26		154	7.35					146	6.97		2094	
	FOURTH				Excluded		17	58.62					6	20.69		3	10.34		1	3.45					2	6.90		29	
		TOTAL					166	7.93					737	35.20		888	42.41		155	7.40					148	7.07		2094	
	FIFTH							Excluded					36	21.69		29	17.47		15	9.04					86	51.81		166	
		TOTAL											773	36.91		917	43.79		170	8.12					234	11.17		2094	
	SIXTH												47	27.65		56	32.94			Excluded					67	39.41		170	
		TOTAL											820	39.16		973	46.47								301	14.37		2094	
	SEVENTH												113	37.54		188	62.46									Excluded		301	
		TOTAL											933	44.56		1161	55.44											2094	
													Elected																
																													
Swan View (Pearce)                                             																													
	FIRST			51	1.24		242	5.87		38	0.92		1573	38.15		1658	40.21		292	7.08		12	0.29		257	6.23		4123	
	SECOND			2	16.67		0	0.00		3	25.00		1	8.33		0	0.00		2	16.67			Excluded		4	33.33		12	
		TOTAL		53	1.29		242	5.87		41	0.99		1574	38.18		1658	40.21		294	7.13					261	6.33		4123	
	THIRD			4	9.76		6	14.63			Excluded		16	39.02		4	9.76		7	17.07					4	9.76		41	
		TOTAL		57	1.38		248	6.02					1590	38.56		1662	40.31		301	7.30					265	6.43		4123	
	FOURTH				Excluded		29	50.88					12	21.05		5	8.77		3	5.26					8	14.04		57	
		TOTAL					277	6.72					1602	38.86		1667	40.43		304	7.37					273	6.62		4123	
	FIFTH							Excluded					66	23.83		45	16.25		19	6.86					147	53.07		277	
		TOTAL											1668	40.46		1712	41.52		323	7.83					420	10.19		4123	
	SIXTH												107	33.13		115	35.60			Excluded					101	31.27		323	
		TOTAL											1775	43.05		1827	44.31								521	12.64		4123	
	SEVENTH												224	42.99		297	57.01									Excluded		521	
		TOTAL											1999	48.48		2124	51.52											4123	
													Elected																
																													
Toodyay                                                        																													
	FIRST			34	2.28		71	4.76		9	0.60		677	45.38		405	27.14		153	10.25		8	0.54		135	9.05		1492	
	SECOND			0	0.00		2	25.00		0	0.00		1	12.50		0	0.00		2	25.00			Excluded		3	37.50		8	
		TOTAL		34	2.28		73	4.89		9	0.60		678	45.44		405	27.14		155	10.39					138	9.25		1492	
	THIRD			1	11.11		1	11.11			Excluded		3	33.33		2	22.22		1	11.11					1	11.11		9	
		TOTAL		35	2.35		74	4.96					681	45.64		407	27.28		156	10.46					139	9.32		1492	
	FOURTH				Excluded		7	20.00					26	74.29		1	2.86		1	2.86					0	0.00		35	
		TOTAL					81	5.43					707	47.39		408	27.35		157	10.52					139	9.32		1492	
	FIFTH							Excluded					24	29.63		20	24.69		4	4.94					33	40.74		81	
		TOTAL											731	48.99		428	28.69		161	10.79					172	11.53		1492	
	SIXTH												52	32.30		55	34.16			Excluded					54	33.54		161	
		TOTAL											783	52.48		483	32.37								226	15.15		1492	
	SEVENTH												88	38.94		138	61.06									Excluded		226	
		TOTAL											871	58.38		621	41.62											1492	
													Elected																
																													
Two Rocks                                                      																													
	FIRST			9	1.04		34	3.91		6	0.69		342	39.36		336	38.67		86	9.90		0	0.00		56	6.44		869	
	SECOND			0	0.00		0	0.00		0	0.00		0	0.00		0	0.00		0	0.00			Excluded		0	0.00		0	
		TOTAL		9	1.04		34	3.91		6	0.69		342	39.36		336	38.67		86	9.90					56	6.44		869	
	THIRD			0	0.00		1	16.67			Excluded		1	16.67		2	33.33		0	0.00					2	33.33		6	
		TOTAL		9	1.04		35	4.03					343	39.47		338	38.90		86	9.90					58	6.67		869	
	FOURTH				Excluded		5	55.56					1	11.11		1	11.11		1	11.11					1	11.11		9	
		TOTAL					40	4.60					344	39.59		339	39.01		87	10.01					59	6.79		869	
	FIFTH							Excluded					9	22.50		11	27.50		4	10.00					16	40.00		40	
		TOTAL											353	40.62		350	40.28		91	10.47					75	8.63		869	
	SIXTH												32	35.16		21	23.08			Excluded					38	41.76		91	
		TOTAL											385	44.30		371	42.69								113	13.00		869	
	SEVENTH												53	46.90		60	53.10									Excluded		113	
		TOTAL											438	50.40		431	49.60											869	
													Elected																
																													
Upper Swan                                                     																													
	FIRST			12	0.74		69	4.25		11	0.68		947	58.38		387	23.86		101	6.23		4	0.25		91	5.61		1622	
	SECOND			0	0.00		0	0.00		0	0.00		0	0.00		1	25.00		1	25.00			Excluded		2	50.00		4	
		TOTAL		12	0.74		69	4.25		11	0.68		947	58.38		388	23.92		102	6.29					93	5.73		1622	
	THIRD			1	9.09		0	0.00			Excluded		6	54.55		1	9.09		3	27.27					0	0.00		11	
		TOTAL		13	0.80		69	4.25					953	58.75		389	23.98		105	6.47					93	5.73		1622	
	FOURTH				Excluded		8	61.54					5	38.46		0	0.00		0	0.00					0	0.00		13	
		TOTAL					77	4.75					958	59.06		389	23.98		105	6.47					93	5.73		1622	
	FIFTH							Excluded					18	23.38		12	15.58		6	7.79					41	53.25		77	
		TOTAL											976	60.17		401	24.72		111	6.84					134	8.26		1622	
	SIXTH												41	36.94		30	27.03			Excluded					40	36.04		111	
		TOTAL											1017	62.70		431	26.57								174	10.73		1622	
	SEVENTH												66	37.93		108	62.07									Excluded		174	
		TOTAL											1083	66.77		539	33.23											1622	
													Elected																
																													
Walliston (Pearce)                                             																													
	FIRST			3	0.70		23	5.34		5	1.16		228	52.90		90	20.88		30	6.96		2	0.46		50	11.60		431	
	SECOND			0	0.00		0	0.00		0	0.00		1	50.00		0	0.00		0	0.00			Excluded		1	50.00		2	
		TOTAL		3	0.70		23	5.34		5	1.16		229	53.13		90	20.88		30	6.96					51	11.83		431	
	THIRD			0	0.00		1	20.00			Excluded		4	80.00		0	0.00		0	0.00					0	0.00		5	
		TOTAL		3	0.70		24	5.57					233	54.06		90	20.88		30	6.96					51	11.83		431	
	FOURTH				Excluded		2	66.67					1	33.33		0	0.00		0	0.00					0	0.00		3	
		TOTAL					26	6.03					234	54.29		90	20.88		30	6.96					51	11.83		431	
	FIFTH							Excluded					8	30.77		2	7.69		4	15.38					12	46.15		26	
		TOTAL											242	56.15		92	21.35		34	7.89					63	14.62		431	
	SIXTH												15	44.12		7	20.59			Excluded					12	35.29		34	
		TOTAL											257	59.63		99	22.97								75	17.40		431	
	SEVENTH												30	40.00		45	60.00									Excluded		75	
		TOTAL											287	66.59		144	33.41											431	
													Elected																
																													
Wandering                                                      																													
	FIRST			23	12.57		4	2.19		1	0.55		111	60.66		22	12.02		17	9.29		1	0.55		4	2.19		183	
	SECOND			0	0.00		0	0.00		0	0.00		0	0.00		0	0.00		0	0.00			Excluded		1	100.00		1	
		TOTAL		23	12.57		4	2.19		1	0.55		111	60.66		22	12.02		17	9.29					5	2.73		183	
	THIRD			0	0.00		1	100.00			Excluded		0	0.00		0	0.00		0	0.00					0	0.00		1	
		TOTAL		23	12.57		5	2.73					111	60.66		22	12.02		17	9.29					5	2.73		183	
	FOURTH				Excluded		0	0.00					20	86.96		0	0.00		3	13.04					0	0.00		23	
		TOTAL					5	2.73					131	71.58		22	12.02		20	10.93					5	2.73		183	
	FIFTH							Excluded					3	60.00		1	20.00		0	0.00					1	20.00		5	
		TOTAL											134	73.22		23	12.57		20	10.93					6	3.28		183	
	SIXTH												13	65.00		4	20.00			Excluded					3	15.00		20	
		TOTAL											147	80.33		27	14.75								9	4.92		183	
	SEVENTH												4	44.44		5	55.56									Excluded		9	
		TOTAL											151	82.51		32	17.49											183	
													Elected																
																													
West Dale                                                      																													
	FIRST			10	8.70		0	0.00		0	0.00		83	72.17		4	3.48		16	13.91		2	1.74		0	0.00		115	
	SECOND			0	0.00		0	0.00		0	0.00		1	50.00		0	0.00		0	0.00			Excluded		1	50.00		2	
		TOTAL		10	8.70		0	0.00		0	0.00		84	73.04		4	3.48		16	13.91					1	0.87		115	
	THIRD			0	0.00		0	0.00			Excluded		0	0.00		0	0.00		0	0.00					0	0.00		0	
		TOTAL		10	8.70		0	0.00					84	73.04		4	3.48		16	13.91					1	0.87		115	
	FOURTH				Excluded		0	0.00					8	80.00		0	0.00		1	10.00					1	10.00		10	
		TOTAL					0	0.00					92	80.00		4	3.48		17	14.78					2	1.74		115	
	FIFTH							Excluded					0	0.00		0	0.00		0	0.00					0	0.00		0	
		TOTAL											92	80.00		4	3.48		17	14.78					2	1.74		115	
	SIXTH												8	47.06		6	35.29			Excluded					3	17.65		17	
		TOTAL											100	86.96		10	8.70								5	4.35		115	
	SEVENTH												2	40.00		3	60.00									Excluded		5	
		TOTAL											102	88.70		13	11.30											115	
													Elected																
																													
Williams                                                       																													
	FIRST			80	19.42		4	0.97		2	0.49		214	51.94		37	8.98		52	12.62		4	0.97		19	4.61		412	
	SECOND			0	0.00		0	0.00		0	0.00		0	0.00		0	0.00		2	50.00			Excluded		2	50.00		4	
		TOTAL		80	19.42		4	0.97		2	0.49		214	51.94		37	8.98		54	13.11					21	5.10		412	
	THIRD			0	0.00		0	0.00			Excluded		2	100.00		0	0.00		0	0.00					0	0.00		2	
		TOTAL		80	19.42		4	0.97					216	52.43		37	8.98		54	13.11					21	5.10		412	
	FOURTH				Excluded		9	11.25					65	81.25		0	0.00		3	3.75					3	3.75		80	
		TOTAL					13	3.16					281	68.20		37	8.98		57	13.83					24	5.83		412	
	FIFTH							Excluded					9	69.23		3	23.08		0	0.00					1	7.69		13	
		TOTAL											290	70.39		40	9.71		57	13.83					25	6.07		412	
	SIXTH												20	35.09		15	26.32			Excluded					22	38.60		57	
		TOTAL											310	75.24		55	13.35								47	11.41		412	
	SEVENTH												22	46.81		25	53.19									Excluded		47	
		TOTAL											332	80.58		80	19.42											412	
													Elected																
																													
Woodridge                                                      																													
	FIRST			10	2.64		13	3.43		2	0.53		170	44.85		91	24.01		58	15.30		2	0.53		33	8.71		379	
	SECOND			0	0.00		0	0.00		0	0.00		0	0.00		0	0.00		1	50.00			Excluded		1	50.00		2	
		TOTAL		10	2.64		13	3.43		2	0.53		170	44.85		91	24.01		59	15.57					34	8.97		379	
	THIRD			0	0.00		0	0.00			Excluded		0	0.00		0	0.00		2	100.00					0	0.00		2	
		TOTAL		10	2.64		13	3.43					170	44.85		91	24.01		61	16.09					34	8.97		379	
	FOURTH				Excluded		2	20.00					2	20.00		2	20.00		4	40.00					0	0.00		10	
		TOTAL					15	3.96					172	45.38		93	24.54		65	17.15					34	8.97		379	
	FIFTH							Excluded					5	33.33		1	6.67		2	13.33					7	46.67		15	
		TOTAL											177	46.70		94	24.80		67	17.68					41	10.82		379	
	SIXTH												16	23.88		28	41.79			Excluded					23	34.33		67	
		TOTAL											193	50.92		122	32.19								64	16.89		379	
	SEVENTH												29	45.31		35	54.69									Excluded		64	
		TOTAL											222	58.58		157	41.42											379	
													Elected																
																													
Wooroloo                                                       																													
	FIRST			3	0.83		14	3.87		0	0.00		159	43.92		99	27.35		50	13.81		2	0.55		35	9.67		362	
	SECOND			0	0.00		0	0.00		0	0.00		0	0.00		2	100.00		0	0.00			Excluded		0	0.00		2	
		TOTAL		3	0.83		14	3.87		0	0.00		159	43.92		101	27.90		50	13.81					35	9.67		362	
	THIRD			0	0.00		0	0.00			Excluded		0	0.00		0	0.00		0	0.00					0	0.00		0	
		TOTAL		3	0.83		14	3.87					159	43.92		101	27.90		50	13.81					35	9.67		362	
	FOURTH				Excluded		1	33.33					1	33.33		0	0.00		1	33.33					0	0.00		3	
		TOTAL					15	4.14					160	44.20		101	27.90		51	14.09					35	9.67		362	
	FIFTH							Excluded					4	26.67		3	20.00		0	0.00					8	53.33		15	
		TOTAL											164	45.30		104	28.73		51	14.09					43	11.88		362	
	SIXTH												19	37.25		8	15.69			Excluded					24	47.06		51	
		TOTAL											183	50.55		112	30.94								67	18.51		362	
	SEVENTH												24	35.82		43	64.18									Excluded		67	
		TOTAL											207	57.18		155	42.82											362	
													Elected																
																													
Wundowie                                                       																													
	FIRST			19	3.55		13	2.43		7	1.31		176	32.90		222	41.50		56	10.47		3	0.56		39	7.29		535	
	SECOND			0	0.00		1	33.33		0	0.00		0	0.00		0	0.00		1	33.33			Excluded		1	33.33		3	
		TOTAL		19	3.55		14	2.62		7	1.31		176	32.90		222	41.50		57	10.65					40	7.48		535	
	THIRD			0	0.00		2	28.57			Excluded		0	0.00		1	14.29		2	28.57					2	28.57		7	
		TOTAL		19	3.55		16	2.99					176	32.90		223	41.68		59	11.03					42	7.85		535	
	FOURTH				Excluded		5	26.32					8	42.11		3	15.79		2	10.53					1	5.26		19	
		TOTAL					21	3.93					184	34.39		226	42.24		61	11.40					43	8.04		535	
	FIFTH							Excluded					8	38.10		1	4.76		7	33.33					5	23.81		21	
		TOTAL											192	35.89		227	42.43		68	12.71					48	8.97		535	
	SIXTH												22	32.35		24	35.29			Excluded					22	32.35		68	
		TOTAL											214	40.00		251	46.92								70	13.08		535	
	SEVENTH												32	45.71		38	54.29									Excluded		70	
		TOTAL											246	45.98		289	54.02											535	
													Elected																
																													
Yanchep                                                        																													
	FIRST			16	1.53		52	4.98		9	0.86		424	40.57		354	33.88		98	9.38		2	0.19		90	8.61		1045	
	SECOND			0	0.00		0	0.00		0	0.00		0	0.00		0	0.00		1	50.00			Excluded		1	50.00		2	
		TOTAL		16	1.53		52	4.98		9	0.86		424	40.57		354	33.88		99	9.47					91	8.71		1045	
	THIRD			0	0.00		0	0.00			Excluded		4	44.44		1	11.11		3	33.33					1	11.11		9	
		TOTAL		16	1.53		52	4.98					428	40.96		355	33.97		102	9.76					92	8.80		1045	
	FOURTH				Excluded		7	43.75					5	31.25		2	12.50		1	6.25					1	6.25		16	
		TOTAL					59	5.65					433	41.44		357	34.16		103	9.86					93	8.90		1045	
	FIFTH							Excluded					13	22.03		9	15.25		3	5.08					34	57.63		59	
		TOTAL											446	42.68		366	35.02		106	10.14					127	12.15		1045	
	SIXTH												35	33.02		44	41.51			Excluded					27	25.47		106	
		TOTAL											481	46.03		410	39.23								154	14.74		1045	
	SEVENTH												50	32.47		104	67.53									Excluded		154	
		TOTAL											531	50.81		514	49.19											1045	
													Elected																
																													
York                                                           																													
	FIRST			85	5.74		38	2.57		19	1.28		694	46.89		357	24.12		194	13.11		4	0.27		89	6.01		1480	
	SECOND			1	25.00		1	25.00		0	0.00		1	25.00		0	0.00		0	0.00			Excluded		1	25.00		4	
		TOTAL		86	5.81		39	2.64		19	1.28		695	46.96		357	24.12		194	13.11					90	6.08		1480	
	THIRD			1	5.26		4	21.05			Excluded		10	52.63		2	10.53		1	5.26					1	5.26		19	
		TOTAL		87	5.88		43	2.91					705	47.64		359	24.26		195	13.18					91	6.15		1480	
	FOURTH				Excluded		15	17.24					55	63.22		7	8.05		6	6.90					4	4.60		87	
		TOTAL					58	3.92					760	51.35		366	24.73		201	13.58					95	6.42		1480	
	FIFTH							Excluded					26	44.83		12	20.69		2	3.45					18	31.03		58	
		TOTAL											786	53.11		378	25.54		203	13.72					113	7.64		1480	
	SIXTH												70	34.48		86	42.36			Excluded					47	23.15		203	
		TOTAL											856	57.84		464	31.35								160	10.81		1480	
	SEVENTH												51	31.88		109	68.13									Excluded		160	
		TOTAL											907	61.28		573	38.72											1480	
													Elected																
																													
Special Hospital Team 1                                        																													
	FIRST			4	10.81		0	0.00		2	5.41		19	51.35		10	27.03		1	2.70		0	0.00		1	2.70		37	
	SECOND			0	0.00		0	0.00		0	0.00		0	0.00		0	0.00		0	0.00			Excluded		0	0.00		0	
		TOTAL		4	10.81		0	0.00		2	5.41		19	51.35		10	27.03		1	2.70					1	2.70		37	
	THIRD			1	50.00		0	0.00			Excluded		1	50.00		0	0.00		0	0.00					0	0.00		2	
		TOTAL		5	13.51		0	0.00					20	54.05		10	27.03		1	2.70					1	2.70		37	
	FOURTH				Excluded		2	40.00					1	20.00		1	20.00		1	20.00					0	0.00		5	
		TOTAL					2	5.41					21	56.76		11	29.73		2	5.41					1	2.70		37	
	FIFTH							Excluded					2	100.00		0	0.00		0	0.00					0	0.00		2	
		TOTAL											23	62.16		11	29.73		2	5.41					1	2.70		37	
	SIXTH												1	50.00		0	0.00			Excluded					1	50.00		2	
		TOTAL											24	64.86		11	29.73								2	5.41		37	
	SEVENTH												1	50.00		1	50.00									Excluded		2	
		TOTAL											25	67.57		12	32.43											37	
													Elected																
																													
Special Hospital Team 2                                        																													
	FIRST			2	6.06		1	3.03		0	0.00		12	36.36		17	51.52		1	3.03		0	0.00		0	0.00		33	
	SECOND			0	0.00		0	0.00		0	0.00		0	0.00		0	0.00		0	0.00			Excluded		0	0.00		0	
		TOTAL		2	6.06		1	3.03		0	0.00		12	36.36		17	51.52		1	3.03					0	0.00		33	
	THIRD			0	0.00		0	0.00			Excluded		0	0.00		0	0.00		0	0.00					0	0.00		0	
		TOTAL		2	6.06		1	3.03					12	36.36		17	51.52		1	3.03					0	0.00		33	
	FOURTH				Excluded		0	0.00					2	100.00		0	0.00		0	0.00					0	0.00		2	
		TOTAL					1	3.03					14	42.42		17	51.52		1	3.03					0	0.00		33	
	FIFTH							Excluded					0	0.00		1	100.00		0	0.00					0	0.00		1	
		TOTAL											14	42.42		18	54.55		1	3.03					0	0.00		33	
	SIXTH												1	100.00		0	0.00			Excluded					0	0.00		1	
		TOTAL											15	45.45		18	54.55								0	0.00		33	
	SEVENTH												0	0.00		0	0.00									Excluded		0	
		TOTAL											15	45.45		18	54.55											33	
													Elected																
																													
Special Hospital Team 3                                        																													
	FIRST			7	12.07		1	1.72		0	0.00		29	50.00		18	31.03		2	3.45		0	0.00		1	1.72		58	
	SECOND			0	0.00		0	0.00		0	0.00		0	0.00		0	0.00		0	0.00			Excluded		0	0.00		0	
		TOTAL		7	12.07		1	1.72		0	0.00		29	50.00		18	31.03		2	3.45					1	1.72		58	
	THIRD			0	0.00		0	0.00			Excluded		0	0.00		0	0.00		0	0.00					0	0.00		0	
		TOTAL		7	12.07		1	1.72					29	50.00		18	31.03		2	3.45					1	1.72		58	
	FOURTH				Excluded		1	14.29					3	42.86		1	14.29		0	0.00					2	28.57		7	
		TOTAL					2	3.45					32	55.17		19	32.76		2	3.45					3	5.17		58	
	FIFTH							Excluded					1	50.00		0	0.00		0	0.00					1	50.00		2	
		TOTAL											33	56.90		19	32.76		2	3.45					4	6.90		58	
	SIXTH												2	100.00		0	0.00			Excluded					0	0.00		2	
		TOTAL											35	60.34		19	32.76								4	6.90		58	
	SEVENTH												1	25.00		3	75.00									Excluded		4	
		TOTAL											36	62.07		22	37.93											58	
													Elected																
																													
Special Hospital Team 4                                        																													
	FIRST			0	0.00		0	0.00		0	0.00		10	35.71		15	53.57		2	7.14		0	0.00		1	3.57		28	
	SECOND			0	0.00		0	0.00		0	0.00		0	0.00		0	0.00		0	0.00			Excluded		0	0.00		0	
		TOTAL		0	0.00		0	0.00		0	0.00		10	35.71		15	53.57		2	7.14					1	3.57		28	
	THIRD			0	0.00		0	0.00			Excluded		0	0.00		0	0.00		0	0.00					0	0.00		0	
		TOTAL		0	0.00		0	0.00					10	35.71		15	53.57		2	7.14					1	3.57		28	
	FOURTH				Excluded		0	0.00					0	0.00		0	0.00		0	0.00					0	0.00		0	
		TOTAL					0	0.00					10	35.71		15	53.57		2	7.14					1	3.57		28	
	FIFTH							Excluded					0	0.00		0	0.00		0	0.00					0	0.00		0	
		TOTAL											10	35.71		15	53.57		2	7.14					1	3.57		28	
	SIXTH												1	50.00		0	0.00			Excluded					1	50.00		2	
		TOTAL											11	39.29		15	53.57								2	7.14		28	
	SEVENTH												1	50.00		1	50.00									Excluded		2	
		TOTAL											12	42.86		16	57.14											28	
													Elected																
																													
Prison Mobile Team 1                                           																													
	FIRST			0	0.00		0	0.00		0	0.00		0	0.00		0	0.00		0	0.00		0	0.00		0	0.00		0	
	SECOND			0	0.00		0	0.00		0	0.00		0	0.00		0	0.00		0	0.00			Excluded		0	0.00		0	
		TOTAL		0	0.00		0	0.00		0	0.00		0	0.00		0	0.00		0	0.00					0	0.00		0	
	THIRD			0	0.00		0	0.00			Excluded		0	0.00		0	0.00		0	0.00					0	0.00		0	
		TOTAL		0	0.00		0	0.00					0	0.00		0	0.00		0	0.00					0	0.00		0	
	FOURTH				Excluded		0	0.00					0	0.00		0	0.00		0	0.00					0	0.00		0	
		TOTAL					0	0.00					0	0.00		0	0.00		0	0.00					0	0.00		0	
	FIFTH							Excluded					0	0.00		0	0.00		0	0.00					0	0.00		0	
		TOTAL											0	0.00		0	0.00		0	0.00					0	0.00		0	
	SIXTH												0	0.00		0	0.00			Excluded					0	0.00		0	
		TOTAL											0	0.00		0	0.00								0	0.00		0	
	SEVENTH												0	0.00		0	0.00									Excluded		0	
		TOTAL											0	0.00		0	0.00											0	
													Elected																
																													
ABSENT																													
	FIRST			265	3.84		398	5.77		107	1.55		2879	41.77		1908	27.68		629	9.13		47	0.68		660	9.57		6893	
	SECOND			4	8.51		4	8.51		2	4.26		3	6.38		5	10.64		14	29.79			Excluded		15	31.91		47	
		TOTAL		269	3.90		402	5.83		109	1.58		2882	41.81		1913	27.75		643	9.33					675	9.79		6893	
	THIRD			10	9.17		25	22.94			Excluded		38	34.86		10	9.17		16	14.68					10	9.17		109	
		TOTAL		279	4.05		427	6.19					2920	42.36		1923	27.90		659	9.56					685	9.94		6893	
	FOURTH				Excluded		70	25.09					147	52.69		23	8.24		23	8.24					16	5.73		279	
		TOTAL					497	7.21					3067	44.49		1946	28.23		682	9.89					701	10.17		6893	
	FIFTH							Excluded					150	30.18		117	23.54		44	8.85					186	37.42		497	
		TOTAL											3217	46.67		2063	29.93		726	10.53					887	12.87		6893	
	SIXTH												261	35.95		197	27.13			Excluded					268	36.91		726	
		TOTAL											3478	50.46		2260	32.79								1155	16.76		6893	
	SEVENTH												428	37.06		727	62.94									Excluded		1155	
		TOTAL											3906	56.67		2987	43.33											6893	
													Elected																
																													
POSTAL																													
	FIRST			40	1.92		59	2.83		32	1.54		1088	52.21		539	25.86		199	9.55		9	0.43		118	5.66		2084	
	SECOND			0	0.00		0	0.00		2	22.22		0	0.00		0	0.00		4	44.44			Excluded		3	33.33		9	
		TOTAL		40	1.92		59	2.83		34	1.63		1088	52.21		539	25.86		203	9.74					121	5.81		2084	
	THIRD			1	2.94		5	14.71			Excluded		12	35.29		5	14.71		7	20.59					4	11.76		34	
		TOTAL		41	1.97		64	3.07					1100	52.78		544	26.10		210	10.08					125	6.00		2084	
	FOURTH				Excluded		8	19.51					27	65.85		1	2.44		2	4.88					3	7.32		41	
		TOTAL					72	3.45					1127	54.08		545	26.15		212	10.17					128	6.14		2084	
	FIFTH							Excluded					30	41.67		11	15.28		6	8.33					25	34.72		72	
		TOTAL											1157	55.52		556	26.68		218	10.46					153	7.34		2084	
	SIXTH												102	46.79		55	25.23			Excluded					61	27.98		218	
		TOTAL											1259	60.41		611	29.32								214	10.27		2084	
	SEVENTH												88	41.12		126	58.88									Excluded		214	
		TOTAL											1347	64.64		737	35.36											2084	
													Elected																
																													
PRE POLL																													
	FIRST			47	2.08		109	4.81		21	0.93		1054	46.55		645	28.49		187	8.26		9	0.40		192	8.48		2264	
	SECOND			0	0.00		2	22.22		0	0.00		2	22.22		1	11.11		2	22.22			Excluded		2	22.22		9	
		TOTAL		47	2.08		111	4.90		21	0.93		1056	46.64		646	28.53		189	8.35					194	8.57		2264	
	THIRD			5	23.81		6	28.57			Excluded		4	19.05		3	14.29		1	4.76					2	9.52		21	
		TOTAL		52	2.30		117	5.17					1060	46.82		649	28.67		190	8.39					196	8.66		2264	
	FOURTH				Excluded		17	32.69					25	48.08		4	7.69		3	5.77					3	5.77		52	
		TOTAL					134	5.92					1085	47.92		653	28.84		193	8.52					199	8.79		2264	
	FIFTH							Excluded					45	33.58		31	23.13		10	7.46					48	35.82		134	
		TOTAL											1130	49.91		684	30.21		203	8.97					247	10.91		2264	
	SIXTH												66	32.51		60	29.56			Excluded					77	37.93		203	
		TOTAL											1196	52.83		744	32.86								324	14.31		2264	
	SEVENTH												110	33.95		214	66.05									Excluded		324	
		TOTAL											1306	57.69		958	42.31											2264	
													Elected																
																													
PROVISIONAL																													
	FIRST			8	2.20		18	4.96		7	1.93		140	38.57		127	34.99		33	9.09		0	0.00		30	8.26		363	
	SECOND			0	0.00		0	0.00		0	0.00		0	0.00		0	0.00		0	0.00			Excluded		0	0.00		0	
		TOTAL		8	2.20		18	4.96		7	1.93		140	38.57		127	34.99		33	9.09					30	8.26		363	
	THIRD			0	0.00		0	0.00			Excluded		1	14.29		3	42.86		2	28.57					1	14.29		7	
		TOTAL		8	2.20		18	4.96					141	38.84		130	35.81		35	9.64					31	8.54		363	
	FOURTH				Excluded		3	37.50					2	25.00		1	12.50		2	25.00					0	0.00		8	
		TOTAL					21	5.79					143	39.39		131	36.09		37	10.19					31	8.54		363	
	FIFTH							Excluded					6	28.57		5	23.81		2	9.52					8	38.10		21	
		TOTAL											149	41.05		136	37.47		39	10.74					39	10.74		363	
	SIXTH												14	35.90		12	30.77			Excluded					13	33.33		39	
		TOTAL											163	44.90		148	40.77								52	14.33		363	
	SEVENTH												19	36.54		33	63.46									Excluded		52	
		TOTAL											182	50.14		181	49.86											363	
													Elected																
																													
																													
																													
																													
																													
																													
																													
																													
																													
																													
																													
																													
																													
																													
																													
																													
																													
																													
																													
																													
																													
																													
																													
																													
																													
																													
																													
																													
																													
																													
																													
																													
																													
																													
																													
																													
																													
																													
																													
																													
																													
																													
																													
																													
																													
																													
																													
																													
																													
																													
																													
																													
																													
																													
																													
																													
																													
																													
																													
																													
																													
																													
																													
																													
																													
																													
																													
																													
																													
																													
																													
																													
																													
																													
																													
																													
																													
																													
																													
																													
																													
																													
																													
																													
																													
																													
																													
																													
																													
																													
																													
																													
																													
																													
																													
																													
																													
																													
																													
																													
																													
																													
																													
																													
																													
																													
																													
																													
																													
																													
																													
																													
																													
																													
																													
																													
																													
																													
																													
																													
																													
																													
																													
																													
																													
																													
																													
																													
																													
																													
																													
																													
																													
																													
																													
																													
																													
																													
																													
																													
																													
																													
																													
																													
																													
																													
																													
																													
																													
																													
																													
																													
																													
																													
																													
																													
																													
																													
																													
																													
																													
																													
																													
																													
																													
																													
																													
																													
																													
																													
																													
																													
																													
																													
																													
																													
																													
																													
																													
																													
																													
																													
																													
																													
																													
																													
																													
																													
																													
																													
																													
																													
																													
																													
																													
																													
																													
																													
																													
																													
																													
																													
																													
																													
																													
																													
																													
																													
																													
																													
																													
																													
																													
																													
																													
																													
																													
																													
																													
																													
																													
																													
																													
																													
																													
																													
																													
																													
																													
																													
																													
																													
																													
																													
																													
																													
																													
																													
																													
																													
																													
																													
																													
																													
																													
																													
																													
																													
																													
																													
																													
																													
																													
																													
																													
																													
																													
																													
																													
																													
																													
																													
																													
																													
																													
																													
																													
																													
																													
																													
																													
																													
																													
																													
																													
																													
																													
																													
																													
																													
																													
																													
																													
																													
