House of Representatives - 2001 Election: Western Australia																																
Distribution of Preferences																																
By Polling Place																																
Hasluck																																
				MCLEAN			JACKSON			DANIELS			RYAN			EDMONDS			MARKHAM			HOPKINSON			HEGARTY			CHAN				
				Ronnie			Sharryn			Michael			Terry			Luke			Peter			James			Ros			Bethwyn				
				CEC			ALP			CLA			CTA			GWA			DEM			HAN			NP			LP				
	Count			Votes	%		Votes	%		Votes	%		Votes	%		Votes	%		Votes	%		Votes	%		Votes	%		Votes	%		Total	
Bellevue                                                       																																
	FIRST			8	1.08		314	42.43		4	0.54		14	1.89		53	7.16		38	5.14		60	8.11		3	0.41		246	33.24		740	
	SECOND			0	0.00		0	0.00		1	33.33		0	0.00		0	0.00		0	0.00		1	33.33			Excluded		1	33.33		3	
		TOTAL		8	1.08		314	42.43		5	0.68		14	1.89		53	7.16		38	5.14		61	8.24					247	33.38		740	
	THIRD			0	0.00		1	20.00			Excluded		0	0.00		0	0.00		0	0.00		2	40.00					2	40.00		5	
		TOTAL		8	1.08		315	42.57					14	1.89		53	7.16		38	5.14		63	8.51					249	33.65		740	
	FOURTH				Excluded		4	50.00					1	12.50		0	0.00		1	12.50		1	12.50					1	12.50		8	
		TOTAL					319	43.11					15	2.03		53	7.16		39	5.27		64	8.65					250	33.78		740	
	FIFTH						5	33.33						Excluded		2	13.33		4	26.67		0	0.00					4	26.67		15	
		TOTAL					324	43.78								55	7.43		43	5.81		64	8.65					254	34.32		740	
	SIXTH						10	23.26								14	32.56			Excluded		7	16.28					12	27.91		43	
		TOTAL					334	45.14								69	9.32					71	9.59					266	35.95		740	
	SEVENTH						20	28.17								33	46.48						Excluded					18	25.35		71	
		TOTAL					354	47.84								102	13.78											284	38.38		740	
	EIGHTH						74	72.55									Excluded											28	27.45		102	
		TOTAL					428	57.84																				312	42.16		740	
							Elected																									
																																
Caversham                                                      																																
	FIRST			7	0.91		322	42.04		4	0.52		5	0.65		43	5.61		36	4.70		66	8.62		5	0.65		278	36.29		766	
	SECOND			1	20.00		0	0.00		0	0.00		0	0.00		2	40.00		0	0.00		1	20.00			Excluded		1	20.00		5	
		TOTAL		8	1.04		322	42.04		4	0.52		5	0.65		45	5.87		36	4.70		67	8.75					279	36.42		766	
	THIRD			0	0.00		2	50.00			Excluded		0	0.00		1	25.00		1	25.00		0	0.00					0	0.00		4	
		TOTAL		8	1.04		324	42.30					5	0.65		46	6.01		37	4.83		67	8.75					279	36.42		766	
	FOURTH				Excluded		5	62.50					0	0.00		1	12.50		1	12.50		0	0.00					1	12.50		8	
		TOTAL					329	42.95					5	0.65		47	6.14		38	4.96		67	8.75					280	36.55		766	
	FIFTH						1	20.00						Excluded		1	20.00		0	0.00		0	0.00					3	60.00		5	
		TOTAL					330	43.08								48	6.27		38	4.96		67	8.75					283	36.95		766	
	SIXTH						9	23.68								20	52.63			Excluded		6	15.79					3	7.89		38	
		TOTAL					339	44.26								68	8.88					73	9.53					286	37.34		766	
	SEVENTH						17	23.29								29	39.73						Excluded					27	36.99		73	
		TOTAL					356	46.48								97	12.66											313	40.86		766	
	EIGHTH						71	73.20									Excluded											26	26.80		97	
		TOTAL					427	55.74																				339	44.26		766	
							Elected																									
																																
Forrestfield                                                   																																
	FIRST			27	1.01		1109	41.61		14	0.53		64	2.40		135	5.07		100	3.75		255	9.57		13	0.49		948	35.57		2665	
	SECOND			0	0.00		0	0.00		0	0.00		1	7.69		2	15.38		0	0.00		1	7.69			Excluded		9	69.23		13	
		TOTAL		27	1.01		1109	41.61		14	0.53		65	2.44		137	5.14		100	3.75		256	9.61					957	35.91		2665	
	THIRD			1	7.14		4	28.57			Excluded		1	7.14		3	21.43		2	14.29		1	7.14					2	14.29		14	
		TOTAL		28	1.05		1113	41.76					66	2.48		140	5.25		102	3.83		257	9.64					959	35.98		2665	
	FOURTH				Excluded		19	67.86					2	7.14		3	10.71		2	7.14		1	3.57					1	3.57		28	
		TOTAL					1132	42.48					68	2.55		143	5.37		104	3.90		258	9.68					960	36.02		2665	
	FIFTH						9	13.24						Excluded		5	7.35		4	5.88		9	13.24					41	60.29		68	
		TOTAL					1141	42.81								148	5.55		108	4.05		267	10.02					1001	37.56		2665	
	SIXTH						32	29.63								56	51.85			Excluded		3	2.78					17	15.74		108	
		TOTAL					1173	44.02								204	7.65					270	10.13					1018	38.20		2665	
	SEVENTH						136	50.37								69	25.56						Excluded					65	24.07		270	
		TOTAL					1309	49.12								273	10.24											1083	40.64		2665	
	EIGHTH						193	70.70									Excluded											80	29.30		273	
		TOTAL					1502	56.36																				1163	43.64		2665	
							Elected																									
																																
Forrestfield North                                             																																
	FIRST			31	0.92		1232	36.37		26	0.77		98	2.89		179	5.28		166	4.90		254	7.50		10	0.30		1391	41.07		3387	
	SECOND			0	0.00		0	0.00		0	0.00		0	0.00		3	30.00		3	30.00		0	0.00			Excluded		4	40.00		10	
		TOTAL		31	0.92		1232	36.37		26	0.77		98	2.89		182	5.37		169	4.99		254	7.50					1395	41.19		3387	
	THIRD			1	3.85		10	38.46			Excluded		3	11.54		8	30.77		0	0.00		3	11.54					1	3.85		26	
		TOTAL		32	0.94		1242	36.67					101	2.98		190	5.61		169	4.99		257	7.59					1396	41.22		3387	
	FOURTH				Excluded		16	50.00					2	6.25		6	18.75		0	0.00		3	9.38					5	15.63		32	
		TOTAL					1258	37.14					103	3.04		196	5.79		169	4.99		260	7.68					1401	41.36		3387	
	FIFTH						13	12.62						Excluded		9	8.74		3	2.91		10	9.71					68	66.02		103	
		TOTAL					1271	37.53								205	6.05		172	5.08		270	7.97					1469	43.37		3387	
	SIXTH						37	21.51								100	58.14			Excluded		11	6.40					24	13.95		172	
		TOTAL					1308	38.62								305	9.01					281	8.30					1493	44.08		3387	
	SEVENTH						123	43.77								85	30.25						Excluded					73	25.98		281	
		TOTAL					1431	42.25								390	11.51											1566	46.24		3387	
	EIGHTH						250	64.10									Excluded											140	35.90		390	
		TOTAL					1681	49.63																				1706	50.37		3387	
							Elected																									
																																
Gooseberry Hill                                                																																
	FIRST			8	0.58		368	26.51		3	0.22		14	1.01		115	8.29		80	5.76		52	3.75		10	0.72		738	53.17		1388	
	SECOND			1	10.00		0	0.00		0	0.00		0	0.00		1	10.00		1	10.00		0	0.00			Excluded		7	70.00		10	
		TOTAL		9	0.65		368	26.51		3	0.22		14	1.01		116	8.36		81	5.84		52	3.75					745	53.67		1388	
	THIRD			0	0.00		0	0.00			Excluded		1	33.33		2	66.67		0	0.00		0	0.00					0	0.00		3	
		TOTAL		9	0.65		368	26.51					15	1.08		118	8.50		81	5.84		52	3.75					745	53.67		1388	
	FOURTH				Excluded		4	44.44					1	11.11		3	33.33		0	0.00		0	0.00					1	11.11		9	
		TOTAL					372	26.80					16	1.15		121	8.72		81	5.84		52	3.75					746	53.75		1388	
	FIFTH						1	6.25						Excluded		2	12.50		3	18.75		1	6.25					9	56.25		16	
		TOTAL					373	26.87								123	8.86		84	6.05		53	3.82					755	54.39		1388	
	SIXTH						18	21.43								54	64.29			Excluded		4	4.76					8	9.52		84	
		TOTAL					391	28.17								177	12.75					57	4.11					763	54.97		1388	
	SEVENTH						13	22.81								13	22.81						Excluded					31	54.39		57	
		TOTAL					404	29.11								190	13.69											794	57.20		1388	
	EIGHTH						129	67.89									Excluded											61	32.11		190	
		TOTAL					533	38.40																				855	61.60		1388	
							Elected																									
																																
Gosnells                                                       																																
	FIRST			17	0.98		718	41.55		14	0.81		49	2.84		87	5.03		77	4.46		138	7.99		6	0.35		622	36.00		1728	
	SECOND			3	50.00		1	16.67		0	0.00		0	0.00		0	0.00		0	0.00		1	16.67			Excluded		1	16.67		6	
		TOTAL		20	1.16		719	41.61		14	0.81		49	2.84		87	5.03		77	4.46		139	8.04					623	36.05		1728	
	THIRD			0	0.00		6	42.86			Excluded		2	14.29		2	14.29		2	14.29		1	7.14					1	7.14		14	
		TOTAL		20	1.16		725	41.96					51	2.95		89	5.15		79	4.57		140	8.10					624	36.11		1728	
	FOURTH				Excluded		13	65.00					1	5.00		2	10.00		1	5.00		1	5.00					2	10.00		20	
		TOTAL					738	42.71					52	3.01		91	5.27		80	4.63		141	8.16					626	36.23		1728	
	FIFTH						5	9.62						Excluded		6	11.54		4	7.69		1	1.92					36	69.23		52	
		TOTAL					743	43.00								97	5.61		84	4.86		142	8.22					662	38.31		1728	
	SIXTH						26	30.95								37	44.05			Excluded		14	16.67					7	8.33		84	
		TOTAL					769	44.50								134	7.75					156	9.03					669	38.72		1728	
	SEVENTH						66	42.31								47	30.13						Excluded					43	27.56		156	
		TOTAL					835	48.32								181	10.47											712	41.20		1728	
	EIGHTH						123	67.96									Excluded											58	32.04		181	
		TOTAL					958	55.44																				770	44.56		1728	
							Elected																									
																																
Gosnells Central                                               																																
	FIRST			24	1.19		760	37.70		16	0.79		93	4.61		79	3.92		75	3.72		159	7.89		1	0.05		809	40.13		2016	
	SECOND			1	100.00		0	0.00		0	0.00		0	0.00		0	0.00		0	0.00		0	0.00			Excluded		0	0.00		1	
		TOTAL		25	1.24		760	37.70		16	0.79		93	4.61		79	3.92		75	3.72		159	7.89					809	40.13		2016	
	THIRD			0	0.00		5	31.25			Excluded		0	0.00		5	31.25		2	12.50		3	18.75					1	6.25		16	
		TOTAL		25	1.24		765	37.95					93	4.61		84	4.17		77	3.82		162	8.04					810	40.18		2016	
	FOURTH				Excluded		13	52.00					2	8.00		5	20.00		1	4.00		4	16.00					0	0.00		25	
		TOTAL					778	38.59					95	4.71		89	4.41		78	3.87		166	8.23					810	40.18		2016	
	FIFTH						9	9.47						Excluded		7	7.37		6	6.32		8	8.42					65	68.42		95	
		TOTAL					787	39.04								96	4.76		84	4.17		174	8.63					875	43.40		2016	
	SIXTH						18	21.43								44	52.38			Excluded		14	16.67					8	9.52		84	
		TOTAL					805	39.93								140	6.94					188	9.33					883	43.80		2016	
	SEVENTH						69	36.70								49	26.06						Excluded					70	37.23		188	
		TOTAL					874	43.35								189	9.38											953	47.27		2016	
	EIGHTH						148	78.31									Excluded											41	21.69		189	
		TOTAL					1022	50.69																				994	49.31		2016	
							Elected																									
																																
Gosnells South (Hasluck)                                       																																
	FIRST			37	1.56		1167	49.22		24	1.01		61	2.57		112	4.72		103	4.34		196	8.27		6	0.25		665	28.05		2371	
	SECOND			1	16.67		2	33.33		0	0.00		0	0.00		1	16.67		2	33.33		0	0.00			Excluded		0	0.00		6	
		TOTAL		38	1.60		1169	49.30		24	1.01		61	2.57		113	4.77		105	4.43		196	8.27					665	28.05		2371	
	THIRD			0	0.00		12	50.00			Excluded		0	0.00		2	8.33		3	12.50		3	12.50					4	16.67		24	
		TOTAL		38	1.60		1181	49.81					61	2.57		115	4.85		108	4.56		199	8.39					669	28.22		2371	
	FOURTH				Excluded		25	65.79					4	10.53		2	5.26		1	2.63		4	10.53					2	5.26		38	
		TOTAL					1206	50.86					65	2.74		117	4.93		109	4.60		203	8.56					671	28.30		2371	
	FIFTH						11	16.92						Excluded		13	20.00		11	16.92		3	4.62					27	41.54		65	
		TOTAL					1217	51.33								130	5.48		120	5.06		206	8.69					698	29.44		2371	
	SIXTH						28	23.33								62	51.67			Excluded		14	11.67					16	13.33		120	
		TOTAL					1245	52.51								192	8.10					220	9.28					714	30.11		2371	
	SEVENTH						101	45.91								61	27.73						Excluded					58	26.36		220	
		TOTAL					1346	56.77								253	10.67											772	32.56		2371	
	EIGHTH						160	63.24									Excluded											93	36.76		253	
		TOTAL					1506	63.52																				865	36.48		2371	
							Elected																									
																																
Gosnells West                                                  																																
	FIRST			29	1.13		1160	45.19		16	0.62		106	4.13		122	4.75		102	3.97		183	7.13		17	0.66		832	32.41		2567	
	SECOND			1	5.88		1	5.88		0	0.00		2	11.76		3	17.65		2	11.76		1	5.88			Excluded		7	41.18		17	
		TOTAL		30	1.17		1161	45.23		16	0.62		108	4.21		125	4.87		104	4.05		184	7.17					839	32.68		2567	
	THIRD			1	6.25		6	37.50			Excluded		0	0.00		2	12.50		2	12.50		4	25.00					1	6.25		16	
		TOTAL		31	1.21		1167	45.46					108	4.21		127	4.95		106	4.13		188	7.32					840	32.72		2567	
	FOURTH				Excluded		22	70.97					1	3.23		4	12.90		2	6.45		1	3.23					1	3.23		31	
		TOTAL					1189	46.32					109	4.25		131	5.10		108	4.21		189	7.36					841	32.76		2567	
	FIFTH						8	7.34						Excluded		17	15.60		6	5.50		8	7.34					70	64.22		109	
		TOTAL					1197	46.63								148	5.77		114	4.44		197	7.67					911	35.49		2567	
	SIXTH						36	31.58								34	29.82			Excluded		20	17.54					24	21.05		114	
		TOTAL					1233	48.03								182	7.09					217	8.45					935	36.42		2567	
	SEVENTH						87	40.09								75	34.56						Excluded					55	25.35		217	
		TOTAL					1320	51.42								257	10.01											990	38.57		2567	
	EIGHTH						182	70.82									Excluded											75	29.18		257	
		TOTAL					1502	58.51																				1065	41.49		2567	
							Elected																									
																																
Guildford                                                      																																
	FIRST			13	1.09		426	35.59		5	0.42		8	0.67		109	9.11		85	7.10		50	4.18		8	0.67		493	41.19		1197	
	SECOND			1	12.50		0	0.00		0	0.00		0	0.00		0	0.00		1	12.50		1	12.50			Excluded		5	62.50		8	
		TOTAL		14	1.17		426	35.59		5	0.42		8	0.67		109	9.11		86	7.18		51	4.26					498	41.60		1197	
	THIRD			1	20.00		1	20.00			Excluded		0	0.00		0	0.00		1	20.00		1	20.00					1	20.00		5	
		TOTAL		15	1.25		427	35.67					8	0.67		109	9.11		87	7.27		52	4.34					499	41.69		1197	
	FOURTH				Excluded		9	60.00					1	6.67		2	13.33		1	6.67		2	13.33					0	0.00		15	
		TOTAL					436	36.42					9	0.75		111	9.27		88	7.35		54	4.51					499	41.69		1197	
	FIFTH						2	22.22						Excluded		2	22.22		1	11.11		0	0.00					4	44.44		9	
		TOTAL					438	36.59								113	9.44		89	7.44		54	4.51					503	42.02		1197	
	SIXTH						18	20.22								56	62.92			Excluded		4	4.49					11	12.36		89	
		TOTAL					456	38.10								169	14.12					58	4.85					514	42.94		1197	
	SEVENTH						15	25.86								21	36.21						Excluded					22	37.93		58	
		TOTAL					471	39.35								190	15.87											536	44.78		1197	
	EIGHTH						137	72.11									Excluded											53	27.89		190	
		TOTAL					608	50.79																				589	49.21		1197	
							Elected																									
																																
Hazelmere                                                      																																
	FIRST			18	1.51		467	39.08		8	0.67		20	1.67		82	6.86		66	5.52		79	6.61		8	0.67		447	37.41		1195	
	SECOND			0	0.00		1	12.50		0	0.00		0	0.00		0	0.00		2	25.00		2	25.00			Excluded		3	37.50		8	
		TOTAL		18	1.51		468	39.16		8	0.67		20	1.67		82	6.86		68	5.69		81	6.78					450	37.66		1195	
	THIRD			0	0.00		3	37.50			Excluded		2	25.00		3	37.50		0	0.00		0	0.00					0	0.00		8	
		TOTAL		18	1.51		471	39.41					22	1.84		85	7.11		68	5.69		81	6.78					450	37.66		1195	
	FOURTH				Excluded		8	44.44					2	11.11		4	22.22		2	11.11		1	5.56					1	5.56		18	
		TOTAL					479	40.08					24	2.01		89	7.45		70	5.86		82	6.86					451	37.74		1195	
	FIFTH						4	16.67						Excluded		6	25.00		1	4.17		4	16.67					9	37.50		24	
		TOTAL					483	40.42								95	7.95		71	5.94		86	7.20					460	38.49		1195	
	SIXTH						22	30.99								32	45.07			Excluded		2	2.82					15	21.13		71	
		TOTAL					505	42.26								127	10.63					88	7.36					475	39.75		1195	
	SEVENTH						24	27.27								36	40.91						Excluded					28	31.82		88	
		TOTAL					529	44.27								163	13.64											503	42.09		1195	
	EIGHTH						120	73.62									Excluded											43	26.38		163	
		TOTAL					649	54.31																				546	45.69		1195	
							Elected																									
																																
Helena Valley (Hasluck)                                        																																
	FIRST			10	0.86		369	31.89		5	0.43		27	2.33		72	6.22		64	5.53		73	6.31		8	0.69		529	45.72		1157	
	SECOND			0	0.00		0	0.00		0	0.00		0	0.00		0	0.00		1	12.50		1	12.50			Excluded		6	75.00		8	
		TOTAL		10	0.86		369	31.89		5	0.43		27	2.33		72	6.22		65	5.62		74	6.40					535	46.24		1157	
	THIRD			0	0.00		3	60.00			Excluded		0	0.00		1	20.00		1	20.00		0	0.00					0	0.00		5	
		TOTAL		10	0.86		372	32.15					27	2.33		73	6.31		66	5.70		74	6.40					535	46.24		1157	
	FOURTH				Excluded		7	70.00					0	0.00		1	10.00		2	20.00		0	0.00					0	0.00		10	
		TOTAL					379	32.76					27	2.33		74	6.40		68	5.88		74	6.40					535	46.24		1157	
	FIFTH						5	18.52						Excluded		1	3.70		0	0.00		3	11.11					18	66.67		27	
		TOTAL					384	33.19								75	6.48		68	5.88		77	6.66					553	47.80		1157	
	SIXTH						18	26.47								37	54.41			Excluded		3	4.41					10	14.71		68	
		TOTAL					402	34.75								112	9.68					80	6.91					563	48.66		1157	
	SEVENTH						31	38.75								15	18.75						Excluded					34	42.50		80	
		TOTAL					433	37.42								127	10.98											597	51.60		1157	
	EIGHTH						85	66.93									Excluded											42	33.07		127	
		TOTAL					518	44.77																				639	55.23		1157	
							Elected																									
																																
High Wycombe                                                   																																
	FIRST			23	0.97		993	41.85		15	0.63		54	2.28		123	5.18		79	3.33		163	6.87		9	0.38		914	38.52		2373	
	SECOND			0	0.00		1	11.11		0	0.00		0	0.00		0	0.00		6	66.67		1	11.11			Excluded		1	11.11		9	
		TOTAL		23	0.97		994	41.89		15	0.63		54	2.28		123	5.18		85	3.58		164	6.91					915	38.56		2373	
	THIRD			1	6.67		13	86.67			Excluded		0	0.00		0	0.00		1	6.67		0	0.00					0	0.00		15	
		TOTAL		24	1.01		1007	42.44					54	2.28		123	5.18		86	3.62		164	6.91					915	38.56		2373	
	FOURTH				Excluded		16	66.67					3	12.50		4	16.67		0	0.00		1	4.17					0	0.00		24	
		TOTAL					1023	43.11					57	2.40		127	5.35		86	3.62		165	6.95					915	38.56		2373	
	FIFTH						11	19.30						Excluded		4	7.02		3	5.26		2	3.51					37	64.91		57	
		TOTAL					1034	43.57								131	5.52		89	3.75		167	7.04					952	40.12		2373	
	SIXTH						33	37.08								35	39.33			Excluded		8	8.99					13	14.61		89	
		TOTAL					1067	44.96								166	7.00					175	7.37					965	40.67		2373	
	SEVENTH						56	32.00								49	28.00						Excluded					70	40.00		175	
		TOTAL					1123	47.32								215	9.06											1035	43.62		2373	
	EIGHTH						150	69.77									Excluded											65	30.23		215	
		TOTAL					1273	53.65																				1100	46.35		2373	
							Elected																									
																																
High Wycombe South                                             																																
	FIRST			23	1.09		845	39.97		18	0.85		33	1.56		116	5.49		124	5.87		149	7.05		5	0.24		801	37.89		2114	
	SECOND			0	0.00		0	0.00		0	0.00		2	40.00		1	20.00		0	0.00		1	20.00			Excluded		1	20.00		5	
		TOTAL		23	1.09		845	39.97		18	0.85		35	1.66		117	5.53		124	5.87		150	7.10					802	37.94		2114	
	THIRD			4	22.22		8	44.44			Excluded		0	0.00		4	22.22		0	0.00		0	0.00					2	11.11		18	
		TOTAL		27	1.28		853	40.35					35	1.66		121	5.72		124	5.87		150	7.10					804	38.03		2114	
	FOURTH				Excluded		11	40.74					3	11.11		6	22.22		2	7.41		2	7.41					3	11.11		27	
		TOTAL					864	40.87					38	1.80		127	6.01		126	5.96		152	7.19					807	38.17		2114	
	FIFTH						3	7.89						Excluded		14	36.84		1	2.63		8	21.05					12	31.58		38	
		TOTAL					867	41.01								141	6.67		127	6.01		160	7.57					819	38.74		2114	
	SIXTH						24	18.90								77	60.63			Excluded		10	7.87					16	12.60		127	
		TOTAL					891	42.15								218	10.31					170	8.04					835	39.50		2114	
	SEVENTH						54	31.76								66	38.82						Excluded					50	29.41		170	
		TOTAL					945	44.70								284	13.43											885	41.86		2114	
	EIGHTH						190	66.90									Excluded											94	33.10		284	
		TOTAL					1135	53.69																				979	46.31		2114	
							Elected																									
																																
Huntingdale (Hasluck)                                          																																
	FIRST			17	0.89		807	42.19		25	1.31		55	2.88		87	4.55		111	5.80		133	6.95		11	0.58		667	34.87		1913	
	SECOND			0	0.00		1	9.09		0	0.00		0	0.00		1	9.09		0	0.00		0	0.00			Excluded		9	81.82		11	
		TOTAL		17	0.89		808	42.24		25	1.31		55	2.88		88	4.60		111	5.80		133	6.95					676	35.34		1913	
	THIRD			5	20.00		9	36.00			Excluded		2	8.00		4	16.00		3	12.00		0	0.00					2	8.00		25	
		TOTAL		22	1.15		817	42.71					57	2.98		92	4.81		114	5.96		133	6.95					678	35.44		1913	
	FOURTH				Excluded		15	68.18					0	0.00		4	18.18		1	4.55		0	0.00					2	9.09		22	
		TOTAL					832	43.49					57	2.98		96	5.02		115	6.01		133	6.95					680	35.55		1913	
	FIFTH						8	14.04						Excluded		2	3.51		11	19.30		0	0.00					36	63.16		57	
		TOTAL					840	43.91								98	5.12		126	6.59		133	6.95					716	37.43		1913	
	SIXTH						40	31.75								63	50.00			Excluded		10	7.94					13	10.32		126	
		TOTAL					880	46.00								161	8.42					143	7.48					729	38.11		1913	
	SEVENTH						53	37.06								41	28.67						Excluded					49	34.27		143	
		TOTAL					933	48.77								202	10.56											778	40.67		1913	
	EIGHTH						143	70.79									Excluded											59	29.21		202	
		TOTAL					1076	56.25																				837	43.75		1913	
							Elected																									
																																
Kalamunda                                                      																																
	FIRST			27	0.91		787	26.60		10	0.34		57	1.93		238	8.04		183	6.18		128	4.33		18	0.61		1511	51.06		2959	
	SECOND			0	0.00		0	0.00		0	0.00		1	5.56		1	5.56		1	5.56		1	5.56			Excluded		14	77.78		18	
		TOTAL		27	0.91		787	26.60		10	0.34		58	1.96		239	8.08		184	6.22		129	4.36					1525	51.54		2959	
	THIRD			1	10.00		6	60.00			Excluded		0	0.00		0	0.00		0	0.00		0	0.00					3	30.00		10	
		TOTAL		28	0.95		793	26.80					58	1.96		239	8.08		184	6.22		129	4.36					1528	51.64		2959	
	FOURTH				Excluded		14	50.00					0	0.00		6	21.43		2	7.14		3	10.71					3	10.71		28	
		TOTAL					807	27.27					58	1.96		245	8.28		186	6.29		132	4.46					1531	51.74		2959	
	FIFTH						7	12.07						Excluded		5	8.62		2	3.45		4	6.90					40	68.97		58	
		TOTAL					814	27.51								250	8.45		188	6.35		136	4.60					1571	53.09		2959	
	SIXTH						41	21.81								105	55.85			Excluded		11	5.85					31	16.49		188	
		TOTAL					855	28.89								355	12.00					147	4.97					1602	54.14		2959	
	SEVENTH						32	21.77								57	38.78						Excluded					58	39.46		147	
		TOTAL					887	29.98								412	13.92											1660	56.10		2959	
	EIGHTH						283	68.69									Excluded											129	31.31		412	
		TOTAL					1170	39.54																				1789	60.46		2959	
							Elected																									
																																
Kalamunda North                                                																																
	FIRST			9	0.57		392	24.83		6	0.38		29	1.84		127	8.04		72	4.56		67	4.24		16	1.01		861	54.53		1579	
	SECOND			0	0.00		0	0.00		0	0.00		0	0.00		2	12.50		0	0.00		2	12.50			Excluded		12	75.00		16	
		TOTAL		9	0.57		392	24.83		6	0.38		29	1.84		129	8.17		72	4.56		69	4.37					873	55.29		1579	
	THIRD			1	16.67		4	66.67			Excluded		1	16.67		0	0.00		0	0.00		0	0.00					0	0.00		6	
		TOTAL		10	0.63		396	25.08					30	1.90		129	8.17		72	4.56		69	4.37					873	55.29		1579	
	FOURTH				Excluded		7	70.00					1	10.00		0	0.00		0	0.00		1	10.00					1	10.00		10	
		TOTAL					403	25.52					31	1.96		129	8.17		72	4.56		70	4.43					874	55.35		1579	
	FIFTH						4	12.90						Excluded		8	25.81		2	6.45		4	12.90					13	41.94		31	
		TOTAL					407	25.78								137	8.68		74	4.69		74	4.69					887	56.17		1579	
	SIXTH						15	20.27								47	63.51			Excluded		1	1.35					11	14.86		74	
		TOTAL					422	26.73								184	11.65					75	4.75					898	56.87		1579	
	SEVENTH						13	17.33								27	36.00						Excluded					35	46.67		75	
		TOTAL					435	27.55								211	13.36											933	59.09		1579	
	EIGHTH						153	72.51									Excluded											58	27.49		211	
		TOTAL					588	37.24																				991	62.76		1579	
							Elected																									
																																
Kenwick                                                        																																
	FIRST			38	1.67		1015	44.69		22	0.97		85	3.74		105	4.62		80	3.52		216	9.51		8	0.35		702	30.91		2271	
	SECOND			1	12.50		3	37.50		1	12.50		0	0.00		0	0.00		0	0.00		3	37.50			Excluded		0	0.00		8	
		TOTAL		39	1.72		1018	44.83		23	1.01		85	3.74		105	4.62		80	3.52		219	9.64					702	30.91		2271	
	THIRD			2	8.70		13	56.52			Excluded		1	4.35		5	21.74		1	4.35		1	4.35					0	0.00		23	
		TOTAL		41	1.81		1031	45.40					86	3.79		110	4.84		81	3.57		220	9.69					702	30.91		2271	
	FOURTH				Excluded		23	56.10					3	7.32		5	12.20		5	12.20		3	7.32					2	4.88		41	
		TOTAL					1054	46.41					89	3.92		115	5.06		86	3.79		223	9.82					704	31.00		2271	
	FIFTH						11	12.36						Excluded		7	7.87		6	6.74		14	15.73					51	57.30		89	
		TOTAL					1065	46.90								122	5.37		92	4.05		237	10.44					755	33.25		2271	
	SIXTH						27	29.35								42	45.65			Excluded		8	8.70					15	16.30		92	
		TOTAL					1092	48.08								164	7.22					245	10.79					770	33.91		2271	
	SEVENTH						109	44.49								71	28.98						Excluded					65	26.53		245	
		TOTAL					1201	52.88								235	10.35											835	36.77		2271	
	EIGHTH						165	70.21									Excluded											70	29.79		235	
		TOTAL					1366	60.15																				905	39.85		2271	
							Elected																									
																																
Koongamia                                                      																																
	FIRST			8	1.53		269	51.43		8	1.53		9	1.72		45	8.60		19	3.63		34	6.50		1	0.19		130	24.86		523	
	SECOND			0	0.00		0	0.00		0	0.00		0	0.00		0	0.00		0	0.00		1	100.00			Excluded		0	0.00		1	
		TOTAL		8	1.53		269	51.43		8	1.53		9	1.72		45	8.60		19	3.63		35	6.69					130	24.86		523	
	THIRD			0	0.00		3	37.50			Excluded		1	12.50		1	12.50		2	25.00		1	12.50					0	0.00		8	
		TOTAL		8	1.53		272	52.01					10	1.91		46	8.80		21	4.02		36	6.88					130	24.86		523	
	FOURTH				Excluded		4	50.00					0	0.00		1	12.50		2	25.00		1	12.50					0	0.00		8	
		TOTAL					276	52.77					10	1.91		47	8.99		23	4.40		37	7.07					130	24.86		523	
	FIFTH						1	10.00						Excluded		3	30.00		1	10.00		0	0.00					5	50.00		10	
		TOTAL					277	52.96								50	9.56		24	4.59		37	7.07					135	25.81		523	
	SIXTH						6	25.00								12	50.00			Excluded		2	8.33					4	16.67		24	
		TOTAL					283	54.11								62	11.85					39	7.46					139	26.58		523	
	SEVENTH						14	35.90								13	33.33						Excluded					12	30.77		39	
		TOTAL					297	56.79								75	14.34											151	28.87		523	
	EIGHTH						63	84.00									Excluded											12	16.00		75	
		TOTAL					360	68.83																				163	31.17		523	
							Elected																									
																																
Lesmurdie                                                      																																
	FIRST			11	0.37		751	25.54		8	0.27		79	2.69		172	5.85		153	5.20		175	5.95		35	1.19		1557	52.94		2941	
	SECOND			1	2.86		0	0.00		1	2.86		0	0.00		3	8.57		1	2.86		2	5.71			Excluded		27	77.14		35	
		TOTAL		12	0.41		751	25.54		9	0.31		79	2.69		175	5.95		154	5.24		177	6.02					1584	53.86		2941	
	THIRD			2	22.22		4	44.44			Excluded		1	11.11		2	22.22		0	0.00		0	0.00					0	0.00		9	
		TOTAL		14	0.48		755	25.67					80	2.72		177	6.02		154	5.24		177	6.02					1584	53.86		2941	
	FOURTH				Excluded		7	50.00					3	21.43		2	14.29		0	0.00		1	7.14					1	7.14		14	
		TOTAL					762	25.91					83	2.82		179	6.09		154	5.24		178	6.05					1585	53.89		2941	
	FIFTH						12	14.46						Excluded		9	10.84		13	15.66		3	3.61					46	55.42		83	
		TOTAL					774	26.32								188	6.39		167	5.68		181	6.15					1631	55.46		2941	
	SIXTH						40	23.95								80	47.90			Excluded		8	4.79					39	23.35		167	
		TOTAL					814	27.68								268	9.11					189	6.43					1670	56.78		2941	
	SEVENTH						75	39.68								45	23.81						Excluded					69	36.51		189	
		TOTAL					889	30.23								313	10.64											1739	59.13		2941	
	EIGHTH						216	69.01									Excluded											97	30.99		313	
		TOTAL					1105	37.57																				1836	62.43		2941	
							Elected																									
																																
Maddington                                                     																																
	FIRST			44	1.65		1300	48.65		11	0.41		68	2.54		135	5.05		98	3.67		204	7.63		10	0.37		802	30.01		2672	
	SECOND			0	0.00		1	10.00		0	0.00		1	10.00		1	10.00		2	20.00		1	10.00			Excluded		4	40.00		10	
		TOTAL		44	1.65		1301	48.69		11	0.41		69	2.58		136	5.09		100	3.74		205	7.67					806	30.16		2672	
	THIRD			0	0.00		8	72.73			Excluded		1	9.09		0	0.00		0	0.00		0	0.00					2	18.18		11	
		TOTAL		44	1.65		1309	48.99					70	2.62		136	5.09		100	3.74		205	7.67					808	30.24		2672	
	FOURTH				Excluded		29	65.91					5	11.36		5	11.36		2	4.55		3	6.82					0	0.00		44	
		TOTAL					1338	50.07					75	2.81		141	5.28		102	3.82		208	7.78					808	30.24		2672	
	FIFTH						12	16.00						Excluded		9	12.00		8	10.67		7	9.33					39	52.00		75	
		TOTAL					1350	50.52								150	5.61		110	4.12		215	8.05					847	31.70		2672	
	SIXTH						29	26.36								43	39.09			Excluded		16	14.55					22	20.00		110	
		TOTAL					1379	51.61								193	7.22					231	8.65					869	32.52		2672	
	SEVENTH						78	33.77								75	32.47						Excluded					78	33.77		231	
		TOTAL					1457	54.53								268	10.03											947	35.44		2672	
	EIGHTH						177	66.04									Excluded											91	33.96		268	
		TOTAL					1634	61.15																				1038	38.85		2672	
							Elected																									
																																
Maddington East                                                																																
	FIRST			11	1.20		433	47.37		4	0.44		20	2.19		44	4.81		51	5.58		82	8.97		3	0.33		266	29.10		914	
	SECOND			0	0.00		1	33.33		1	33.33		0	0.00		1	33.33		0	0.00		0	0.00			Excluded		0	0.00		3	
		TOTAL		11	1.20		434	47.48		5	0.55		20	2.19		45	4.92		51	5.58		82	8.97					266	29.10		914	
	THIRD			0	0.00		4	80.00			Excluded		0	0.00		0	0.00		1	20.00		0	0.00					0	0.00		5	
		TOTAL		11	1.20		438	47.92					20	2.19		45	4.92		52	5.69		82	8.97					266	29.10		914	
	FOURTH				Excluded		7	63.64					0	0.00		0	0.00		0	0.00		2	18.18					2	18.18		11	
		TOTAL					445	48.69					20	2.19		45	4.92		52	5.69		84	9.19					268	29.32		914	
	FIFTH						1	5.00						Excluded		0	0.00		2	10.00		0	0.00					17	85.00		20	
		TOTAL					446	48.80								45	4.92		54	5.91		84	9.19					285	31.18		914	
	SIXTH						17	31.48								22	40.74			Excluded		5	9.26					10	18.52		54	
		TOTAL					463	50.66								67	7.33					89	9.74					295	32.28		914	
	SEVENTH						36	40.45								23	25.84						Excluded					30	33.71		89	
		TOTAL					499	54.60								90	9.85											325	35.56		914	
	EIGHTH						57	63.33									Excluded											33	36.67		90	
		TOTAL					556	60.83																				358	39.17		914	
							Elected																									
																																
Maddington North                                               																																
	FIRST			10	1.59		285	45.45		2	0.32		2	0.32		24	3.83		16	2.55		44	7.02		2	0.32		242	38.60		627	
	SECOND			0	0.00		1	50.00		0	0.00		0	0.00		0	0.00		1	50.00		0	0.00			Excluded		0	0.00		2	
		TOTAL		10	1.59		286	45.61		2	0.32		2	0.32		24	3.83		17	2.71		44	7.02					242	38.60		627	
	THIRD			0	0.00		1	50.00			Excluded		0	0.00		1	50.00		0	0.00		0	0.00					0	0.00		2	
		TOTAL		10	1.59		287	45.77					2	0.32		25	3.99		17	2.71		44	7.02					242	38.60		627	
	FOURTH				Excluded		5	50.00					2	20.00		1	10.00		1	10.00		1	10.00					0	0.00		10	
		TOTAL					292	46.57					4	0.64		26	4.15		18	2.87		45	7.18					242	38.60		627	
	FIFTH						2	50.00						Excluded		0	0.00		0	0.00		0	0.00					2	50.00		4	
		TOTAL					294	46.89								26	4.15		18	2.87		45	7.18					244	38.92		627	
	SIXTH						8	44.44								6	33.33			Excluded		2	11.11					2	11.11		18	
		TOTAL					302	48.17								32	5.10					47	7.50					246	39.23		627	
	SEVENTH						27	57.45								9	19.15						Excluded					11	23.40		47	
		TOTAL					329	52.47								41	6.54											257	40.99		627	
	EIGHTH						28	68.29									Excluded											13	31.71		41	
		TOTAL					357	56.94																				270	43.06		627	
							Elected																									
																																
Maida Vale                                                     																																
	FIRST			14	0.58		637	26.56		6	0.25		31	1.29		115	4.80		117	4.88		139	5.80		20	0.83		1319	55.00		2398	
	SECOND			0	0.00		2	10.00		0	0.00		0	0.00		2	10.00		2	10.00		2	10.00			Excluded		12	60.00		20	
		TOTAL		14	0.58		639	26.65		6	0.25		31	1.29		117	4.88		119	4.96		141	5.88					1331	55.50		2398	
	THIRD			1	16.67		3	50.00			Excluded		1	16.67		1	16.67		0	0.00		0	0.00					0	0.00		6	
		TOTAL		15	0.63		642	26.77					32	1.33		118	4.92		119	4.96		141	5.88					1331	55.50		2398	
	FOURTH				Excluded		10	66.67					1	6.67		1	6.67		1	6.67		1	6.67					1	6.67		15	
		TOTAL					652	27.19					33	1.38		119	4.96		120	5.00		142	5.92					1332	55.55		2398	
	FIFTH						4	12.12						Excluded		4	12.12		0	0.00		3	9.09					22	66.67		33	
		TOTAL					656	27.36								123	5.13		120	5.00		145	6.05					1354	56.46		2398	
	SIXTH						28	23.33								64	53.33			Excluded		11	9.17					17	14.17		120	
		TOTAL					684	28.52								187	7.80					156	6.51					1371	57.17		2398	
	SEVENTH						34	21.79								60	38.46						Excluded					62	39.74		156	
		TOTAL					718	29.94								247	10.30											1433	59.76		2398	
	EIGHTH						166	67.21									Excluded											81	32.79		247	
		TOTAL					884	36.86																				1514	63.14		2398	
							Elected																									
																																
Middle Swan                                                    																																
	FIRST			27	1.63		838	50.73		14	0.85		18	1.09		73	4.42		78	4.72		102	6.17		6	0.36		496	30.02		1652	
	SECOND			0	0.00		1	16.67		0	0.00		0	0.00		0	0.00		1	16.67		2	33.33			Excluded		2	33.33		6	
		TOTAL		27	1.63		839	50.79		14	0.85		18	1.09		73	4.42		79	4.78		104	6.30					498	30.15		1652	
	THIRD			2	14.29		3	21.43			Excluded		1	7.14		2	14.29		5	35.71		1	7.14					0	0.00		14	
		TOTAL		29	1.76		842	50.97					19	1.15		75	4.54		84	5.08		105	6.36					498	30.15		1652	
	FOURTH				Excluded		22	75.86					2	6.90		1	3.45		0	0.00		2	6.90					2	6.90		29	
		TOTAL					864	52.30					21	1.27		76	4.60		84	5.08		107	6.48					500	30.27		1652	
	FIFTH						7	33.33						Excluded		4	19.05		5	23.81		0	0.00					5	23.81		21	
		TOTAL					871	52.72								80	4.84		89	5.39		107	6.48					505	30.57		1652	
	SIXTH						17	19.10								45	50.56			Excluded		15	16.85					12	13.48		89	
		TOTAL					888	53.75								125	7.57					122	7.38					517	31.30		1652	
	SEVENTH						35	28.69								40	32.79						Excluded					47	38.52		122	
		TOTAL					923	55.87								165	9.99											564	34.14		1652	
	EIGHTH						126	76.36									Excluded											39	23.64		165	
		TOTAL					1049	63.50																				603	36.50		1652	
							Elected																									
																																
Midland (Hasluck)                                              																																
	FIRST			33	1.62		992	48.63		13	0.64		29	1.42		135	6.62		112	5.49		121	5.93		8	0.39		597	29.26		2040	
	SECOND			1	12.50		0	0.00		0	0.00		2	25.00		0	0.00		0	0.00		4	50.00			Excluded		1	12.50		8	
		TOTAL		34	1.67		992	48.63		13	0.64		31	1.52		135	6.62		112	5.49		125	6.13					598	29.31		2040	
	THIRD			1	7.69		6	46.15			Excluded		1	7.69		4	30.77		1	7.69		0	0.00					0	0.00		13	
		TOTAL		35	1.72		998	48.92					32	1.57		139	6.81		113	5.54		125	6.13					598	29.31		2040	
	FOURTH				Excluded		29	82.86					3	8.57		1	2.86		0	0.00		1	2.86					1	2.86		35	
		TOTAL					1027	50.34					35	1.72		140	6.86		113	5.54		126	6.18					599	29.36		2040	
	FIFTH						12	34.29						Excluded		6	17.14		4	11.43		3	8.57					10	28.57		35	
		TOTAL					1039	50.93								146	7.16		117	5.74		129	6.32					609	29.85		2040	
	SIXTH						24	20.51								70	59.83			Excluded		11	9.40					12	10.26		117	
		TOTAL					1063	52.11								216	10.59					140	6.86					621	30.44		2040	
	SEVENTH						52	37.14								47	33.57						Excluded					41	29.29		140	
		TOTAL					1115	54.66								263	12.89											662	32.45		2040	
	EIGHTH						194	73.76									Excluded											69	26.24		263	
		TOTAL					1309	64.17																				731	35.83		2040	
							Elected																									
																																
Perth (Hasluck)                                                																																
	FIRST			1	0.89		34	30.36		3	2.68		1	0.89		20	17.86		11	9.82		6	5.36		1	0.89		35	31.25		112	
	SECOND			0	0.00		0	0.00		0	0.00		0	0.00		0	0.00		1	100.00		0	0.00			Excluded		0	0.00		1	
		TOTAL		1	0.89		34	30.36		3	2.68		1	0.89		20	17.86		12	10.71		6	5.36					35	31.25		112	
	THIRD			0	0.00		1	33.33			Excluded		1	33.33		0	0.00		1	33.33		0	0.00					0	0.00		3	
		TOTAL		1	0.89		35	31.25					2	1.79		20	17.86		13	11.61		6	5.36					35	31.25		112	
	FOURTH				Excluded		1	100.00					0	0.00		0	0.00		0	0.00		0	0.00					0	0.00		1	
		TOTAL					36	32.14					2	1.79		20	17.86		13	11.61		6	5.36					35	31.25		112	
	FIFTH						1	50.00						Excluded		1	50.00		0	0.00		0	0.00					0	0.00		2	
		TOTAL					37	33.04								21	18.75		13	11.61		6	5.36					35	31.25		112	
	SIXTH						3	23.08								7	53.85			Excluded		1	7.69					2	15.38		13	
		TOTAL					40	35.71								28	25.00					7	6.25					37	33.04		112	
	SEVENTH						0	0.00								2	28.57						Excluded					5	71.43		7	
		TOTAL					40	35.71								30	26.79											42	37.50		112	
	EIGHTH						23	76.67									Excluded											7	23.33		30	
		TOTAL					63	56.25																				49	43.75		112	
							Elected																									
																																
Rottnest (Hasluck)                                             																																
	FIRST			0	0.00		6	15.38		0	0.00		3	7.69		5	12.82		0	0.00		2	5.13		0	0.00		23	58.97		39	
	SECOND			0	0.00		0	0.00		0	0.00		0	0.00		0	0.00		0	0.00		0	0.00			Excluded		0	0.00		0	
		TOTAL		0	0.00		6	15.38		0	0.00		3	7.69		5	12.82		0	0.00		2	5.13					23	58.97		39	
	THIRD			0	0.00		0	0.00			Excluded		0	0.00		0	0.00		0	0.00		0	0.00					0	0.00		0	
		TOTAL		0	0.00		6	15.38					3	7.69		5	12.82		0	0.00		2	5.13					23	58.97		39	
	FOURTH				Excluded		0	0.00					0	0.00		0	0.00		0	0.00		0	0.00					0	0.00		0	
		TOTAL					6	15.38					3	7.69		5	12.82		0	0.00		2	5.13					23	58.97		39	
	FIFTH						0	0.00						Excluded		0	0.00		1	33.33		1	33.33					1	33.33		3	
		TOTAL					6	15.38								5	12.82		1	2.56		3	7.69					24	61.54		39	
	SIXTH						0	0.00								1	100.00			Excluded		0	0.00					0	0.00		1	
		TOTAL					6	15.38								6	15.38					3	7.69					24	61.54		39	
	SEVENTH						1	33.33								1	33.33						Excluded					1	33.33		3	
		TOTAL					7	17.95								7	17.95											25	64.10		39	
	EIGHTH						4	57.14									Excluded											3	42.86		7	
		TOTAL					11	28.21																				28	71.79		39	
							Elected																									
																																
Swan View (Hasluck)                                            																																
	FIRST			3	1.08		111	39.93		5	1.80		5	1.80		24	8.63		22	7.91		21	7.55		3	1.08		84	30.22		278	
	SECOND			0	0.00		0	0.00		0	0.00		0	0.00		0	0.00		2	66.67		0	0.00			Excluded		1	33.33		3	
		TOTAL		3	1.08		111	39.93		5	1.80		5	1.80		24	8.63		24	8.63		21	7.55					85	30.58		278	
	THIRD			1	20.00		3	60.00			Excluded		0	0.00		0	0.00		0	0.00		0	0.00					1	20.00		5	
		TOTAL		4	1.44		114	41.01					5	1.80		24	8.63		24	8.63		21	7.55					86	30.94		278	
	FOURTH				Excluded		1	25.00					2	50.00		1	25.00		0	0.00		0	0.00					0	0.00		4	
		TOTAL					115	41.37					7	2.52		25	8.99		24	8.63		21	7.55					86	30.94		278	
	FIFTH						2	28.57						Excluded		1	14.29		1	14.29		1	14.29					2	28.57		7	
		TOTAL					117	42.09								26	9.35		25	8.99		22	7.91					88	31.65		278	
	SIXTH						5	20.00								11	44.00			Excluded		5	20.00					4	16.00		25	
		TOTAL					122	43.88								37	13.31					27	9.71					92	33.09		278	
	SEVENTH						13	48.15								9	33.33						Excluded					5	18.52		27	
		TOTAL					135	48.56								46	16.55											97	34.89		278	
	EIGHTH						29	63.04									Excluded											17	36.96		46	
		TOTAL					164	58.99																				114	41.01		278	
							Elected																									
																																
Thornlie (Hasluck)                                             																																
	FIRST			35	1.12		1243	39.70		18	0.57		90	2.87		118	3.77		167	5.33		185	5.91		13	0.42		1262	40.31		3131	
	SECOND			3	23.08		0	0.00		0	0.00		1	7.69		2	15.38		1	7.69		2	15.38			Excluded		4	30.77		13	
		TOTAL		38	1.21		1243	39.70		18	0.57		91	2.91		120	3.83		168	5.37		187	5.97					1266	40.43		3131	
	THIRD			0	0.00		8	44.44			Excluded		3	16.67		1	5.56		3	16.67		1	5.56					2	11.11		18	
		TOTAL		38	1.21		1251	39.96					94	3.00		121	3.86		171	5.46		188	6.00					1268	40.50		3131	
	FOURTH				Excluded		25	65.79					1	2.63		3	7.89		2	5.26		2	5.26					5	13.16		38	
		TOTAL					1276	40.75					95	3.03		124	3.96		173	5.53		190	6.07					1273	40.66		3131	
	FIFTH						10	10.53						Excluded		12	12.63		8	8.42		7	7.37					58	61.05		95	
		TOTAL					1286	41.07								136	4.34		181	5.78		197	6.29					1331	42.51		3131	
	SIXTH						35	19.34								96	53.04			Excluded		18	9.94					32	17.68		181	
		TOTAL					1321	42.19								232	7.41					215	6.87					1363	43.53		3131	
	SEVENTH						87	40.47								59	27.44						Excluded					69	32.09		215	
		TOTAL					1408	44.97								291	9.29											1432	45.74		3131	
	EIGHTH						203	69.76									Excluded											88	30.24		291	
		TOTAL					1611	51.45																				1520	48.55		3131	
							Elected																									
																																
Thornlie East                                                  																																
	FIRST			24	0.80		1203	40.05		26	0.87		86	2.86		124	4.13		127	4.23		236	7.86		14	0.47		1164	38.75		3004	
	SECOND			1	7.14		1	7.14		0	0.00		0	0.00		2	14.29		0	0.00		7	50.00			Excluded		3	21.43		14	
		TOTAL		25	0.83		1204	40.08		26	0.87		86	2.86		126	4.19		127	4.23		243	8.09					1167	38.85		3004	
	THIRD			4	15.38		12	46.15			Excluded		1	3.85		3	11.54		1	3.85		2	7.69					3	11.54		26	
		TOTAL		29	0.97		1216	40.48					87	2.90		129	4.29		128	4.26		245	8.16					1170	38.95		3004	
	FOURTH				Excluded		19	65.52					2	6.90		3	10.34		1	3.45		1	3.45					3	10.34		29	
		TOTAL					1235	41.11					89	2.96		132	4.39		129	4.29		246	8.19					1173	39.05		3004	
	FIFTH						10	11.24						Excluded		10	11.24		10	11.24		7	7.87					52	58.43		89	
		TOTAL					1245	41.44								142	4.73		139	4.63		253	8.42					1225	40.78		3004	
	SIXTH						38	27.34								72	51.80			Excluded		9	6.47					20	14.39		139	
		TOTAL					1283	42.71								214	7.12					262	8.72					1245	41.44		3004	
	SEVENTH						98	37.40								81	30.92						Excluded					83	31.68		262	
		TOTAL					1381	45.97								295	9.82											1328	44.21		3004	
	EIGHTH						196	66.44									Excluded											99	33.56		295	
		TOTAL					1577	52.50																				1427	47.50		3004	
							Elected																									
																																
Thornlie South (Hasluck)                                       																																
	FIRST			2	1.05		79	41.58		7	3.68		5	2.63		7	3.68		5	2.63		13	6.84		0	0.00		72	37.89		190	
	SECOND			0	0.00		0	0.00		0	0.00		0	0.00		0	0.00		0	0.00		0	0.00			Excluded		0	0.00		0	
		TOTAL		2	1.05		79	41.58		7	3.68		5	2.63		7	3.68		5	2.63		13	6.84					72	37.89		190	
	THIRD			1	14.29		6	85.71			Excluded		0	0.00		0	0.00		0	0.00		0	0.00					0	0.00		7	
		TOTAL		3	1.58		85	44.74					5	2.63		7	3.68		5	2.63		13	6.84					72	37.89		190	
	FOURTH				Excluded		2	66.67					0	0.00		0	0.00		0	0.00		0	0.00					1	33.33		3	
		TOTAL					87	45.79					5	2.63		7	3.68		5	2.63		13	6.84					73	38.42		190	
	FIFTH						1	20.00						Excluded		1	20.00		0	0.00		0	0.00					3	60.00		5	
		TOTAL					88	46.32								8	4.21		5	2.63		13	6.84					76	40.00		190	
	SIXTH						2	40.00								2	40.00			Excluded		0	0.00					1	20.00		5	
		TOTAL					90	47.37								10	5.26					13	6.84					77	40.53		190	
	SEVENTH						6	46.15								3	23.08						Excluded					4	30.77		13	
		TOTAL					96	50.53								13	6.84											81	42.63		190	
	EIGHTH						6	46.15									Excluded											7	53.85		13	
		TOTAL					102	53.68																				88	46.32		190	
							Elected																									
																																
Thornlie West                                                  																																
	FIRST			22	0.95		1057	45.54		17	0.73		68	2.93		106	4.57		96	4.14		146	6.29		7	0.30		802	34.55		2321	
	SECOND			0	0.00		2	28.57		1	14.29		0	0.00		0	0.00		0	0.00		0	0.00			Excluded		4	57.14		7	
		TOTAL		22	0.95		1059	45.63		18	0.78		68	2.93		106	4.57		96	4.14		146	6.29					806	34.73		2321	
	THIRD			3	16.67		5	27.78			Excluded		3	16.67		5	27.78		0	0.00		2	11.11					0	0.00		18	
		TOTAL		25	1.08		1064	45.84					71	3.06		111	4.78		96	4.14		148	6.38					806	34.73		2321	
	FOURTH				Excluded		17	68.00					4	16.00		2	8.00		2	8.00		0	0.00					0	0.00		25	
		TOTAL					1081	46.57					75	3.23		113	4.87		98	4.22		148	6.38					806	34.73		2321	
	FIFTH						14	18.67						Excluded		8	10.67		3	4.00		6	8.00					44	58.67		75	
		TOTAL					1095	47.18								121	5.21		101	4.35		154	6.64					850	36.62		2321	
	SIXTH						37	36.63								28	27.72			Excluded		7	6.93					29	28.71		101	
		TOTAL					1132	48.77								149	6.42					161	6.94					879	37.87		2321	
	SEVENTH						39	24.22								59	36.65						Excluded					63	39.13		161	
		TOTAL					1171	50.45								208	8.96											942	40.59		2321	
	EIGHTH						147	70.67									Excluded											61	29.33		208	
		TOTAL					1318	56.79																				1003	43.21		2321	
							Elected																									
																																
Walliston (Hasluck)                                            																																
	FIRST			10	0.81		347	28.14		4	0.32		36	2.92		61	4.95		61	4.95		84	6.81		11	0.89		619	50.20		1233	
	SECOND			0	0.00		2	18.18		0	0.00		0	0.00		2	18.18		1	9.09		2	18.18			Excluded		4	36.36		11	
		TOTAL		10	0.81		349	28.30		4	0.32		36	2.92		63	5.11		62	5.03		86	6.97					623	50.53		1233	
	THIRD			1	25.00		3	75.00			Excluded		0	0.00		0	0.00		0	0.00		0	0.00					0	0.00		4	
		TOTAL		11	0.89		352	28.55					36	2.92		63	5.11		62	5.03		86	6.97					623	50.53		1233	
	FOURTH				Excluded		7	63.64					1	9.09		2	18.18		0	0.00		0	0.00					1	9.09		11	
		TOTAL					359	29.12					37	3.00		65	5.27		62	5.03		86	6.97					624	50.61		1233	
	FIFTH						5	13.51						Excluded		3	8.11		2	5.41		2	5.41					25	67.57		37	
		TOTAL					364	29.52								68	5.52		64	5.19		88	7.14					649	52.64		1233	
	SIXTH						16	25.00								27	42.19			Excluded		8	12.50					13	20.31		64	
		TOTAL					380	30.82								95	7.70					96	7.79					662	53.69		1233	
	SEVENTH						32	33.33								20	20.83						Excluded					44	45.83		96	
		TOTAL					412	33.41								115	9.33											706	57.26		1233	
	EIGHTH						72	62.61									Excluded											43	37.39		115	
		TOTAL					484	39.25																				749	60.75		1233	
							Elected																									
																																
Wattle Grove                                                   																																
	FIRST			5	0.56		219	24.55		6	0.67		15	1.68		56	6.28		44	4.93		58	6.50		12	1.35		477	53.48		892	
	SECOND			0	0.00		0	0.00		1	8.33		0	0.00		1	8.33		1	8.33		1	8.33			Excluded		8	66.67		12	
		TOTAL		5	0.56		219	24.55		7	0.78		15	1.68		57	6.39		45	5.04		59	6.61					485	54.37		892	
	THIRD			1	14.29		1	14.29			Excluded		0	0.00		0	0.00		2	28.57		1	14.29					2	28.57		7	
		TOTAL		6	0.67		220	24.66					15	1.68		57	6.39		47	5.27		60	6.73					487	54.60		892	
	FOURTH				Excluded		3	50.00					0	0.00		1	16.67		0	0.00		1	16.67					1	16.67		6	
		TOTAL					223	25.00					15	1.68		58	6.50		47	5.27		61	6.84					488	54.71		892	
	FIFTH						2	13.33						Excluded		0	0.00		2	13.33		1	6.67					10	66.67		15	
		TOTAL					225	25.22								58	6.50		49	5.49		62	6.95					498	55.83		892	
	SIXTH						13	26.53								25	51.02			Excluded		3	6.12					8	16.33		49	
		TOTAL					238	26.68								83	9.30					65	7.29					506	56.73		892	
	SEVENTH						14	21.54								29	44.62						Excluded					22	33.85		65	
		TOTAL					252	28.25								112	12.56											528	59.19		892	
	EIGHTH						78	69.64									Excluded											34	30.36		112	
		TOTAL					330	37.00																				562	63.00		892	
							Elected																									
																																
Special Hospital Team 1                                        																																
	FIRST			4	3.70		36	33.33		0	0.00		0	0.00		3	2.78		3	2.78		3	2.78		0	0.00		59	54.63		108	
	SECOND			0	0.00		0	0.00		0	0.00		0	0.00		0	0.00		0	0.00		0	0.00			Excluded		0	0.00		0	
		TOTAL		4	3.70		36	33.33		0	0.00		0	0.00		3	2.78		3	2.78		3	2.78					59	54.63		108	
	THIRD			0	0.00		0	0.00			Excluded		0	0.00		0	0.00		0	0.00		0	0.00					0	0.00		0	
		TOTAL		4	3.70		36	33.33					0	0.00		3	2.78		3	2.78		3	2.78					59	54.63		108	
	FOURTH				Excluded		3	75.00					0	0.00		1	25.00		0	0.00		0	0.00					0	0.00		4	
		TOTAL					39	36.11					0	0.00		4	3.70		3	2.78		3	2.78					59	54.63		108	
	FIFTH						0	0.00						Excluded		0	0.00		0	0.00		0	0.00					0	0.00		0	
		TOTAL					39	36.11								4	3.70		3	2.78		3	2.78					59	54.63		108	
	SIXTH						1	33.33								1	33.33			Excluded		1	33.33					0	0.00		3	
		TOTAL					40	37.04								5	4.63					4	3.70					59	54.63		108	
	SEVENTH						1	25.00								0	0.00						Excluded					3	75.00		4	
		TOTAL					41	37.96								5	4.63											62	57.41		108	
	EIGHTH						3	60.00									Excluded											2	40.00		5	
		TOTAL					44	40.74																				64	59.26		108	
							Elected																									
																																
Special Hospital Team 2                                        																																
	FIRST			6	2.55		109	46.38		1	0.43		1	0.43		1	0.43		1	0.43		10	4.26		0	0.00		106	45.11		235	
	SECOND			0	0.00		0	0.00		0	0.00		0	0.00		0	0.00		0	0.00		0	0.00			Excluded		0	0.00		0	
		TOTAL		6	2.55		109	46.38		1	0.43		1	0.43		1	0.43		1	0.43		10	4.26					106	45.11		235	
	THIRD			0	0.00		1	100.00			Excluded		0	0.00		0	0.00		0	0.00		0	0.00					0	0.00		1	
		TOTAL		6	2.55		110	46.81					1	0.43		1	0.43		1	0.43		10	4.26					106	45.11		235	
	FOURTH				Excluded		4	66.67					0	0.00		1	16.67		0	0.00		1	16.67					0	0.00		6	
		TOTAL					114	48.51					1	0.43		2	0.85		1	0.43		11	4.68					106	45.11		235	
	FIFTH						0	0.00						Excluded		1	100.00		0	0.00		0	0.00					0	0.00		1	
		TOTAL					114	48.51								3	1.28		1	0.43		11	4.68					106	45.11		235	
	SIXTH						0	0.00								1	100.00			Excluded		0	0.00					0	0.00		1	
		TOTAL					114	48.51								4	1.70					11	4.68					106	45.11		235	
	SEVENTH						5	45.45								2	18.18						Excluded					4	36.36		11	
		TOTAL					119	50.64								6	2.55											110	46.81		235	
	EIGHTH						6	100.00									Excluded											0	0.00		6	
		TOTAL					125	53.19																				110	46.81		235	
							Elected																									
																																
Special Hospital Team 3                                        																																
	FIRST			3	8.57		12	34.29		1	2.86		0	0.00		0	0.00		0	0.00		0	0.00		0	0.00		19	54.29		35	
	SECOND			0	0.00		0	0.00		0	0.00		0	0.00		0	0.00		0	0.00		0	0.00			Excluded		0	0.00		0	
		TOTAL		3	8.57		12	34.29		1	2.86		0	0.00		0	0.00		0	0.00		0	0.00					19	54.29		35	
	THIRD			0	0.00		1	100.00			Excluded		0	0.00		0	0.00		0	0.00		0	0.00					0	0.00		1	
		TOTAL		3	8.57		13	37.14					0	0.00		0	0.00		0	0.00		0	0.00					19	54.29		35	
	FOURTH				Excluded		2	66.67					0	0.00		1	33.33		0	0.00		0	0.00					0	0.00		3	
		TOTAL					15	42.86					0	0.00		1	2.86		0	0.00		0	0.00					19	54.29		35	
	FIFTH						0	0.00						Excluded		0	0.00		0	0.00		0	0.00					0	0.00		0	
		TOTAL					15	42.86								1	2.86		0	0.00		0	0.00					19	54.29		35	
	SIXTH						0	0.00								0	0.00			Excluded		0	0.00					0	0.00		0	
		TOTAL					15	42.86								1	2.86					0	0.00					19	54.29		35	
	SEVENTH						0	0.00								0	0.00						Excluded					0	0.00		0	
		TOTAL					15	42.86								1	2.86											19	54.29		35	
	EIGHTH						1	100.00									Excluded											0	0.00		1	
		TOTAL					16	45.71																				19	54.29		35	
							Elected																									
																																
ABSENT																																
	FIRST			126	2.24		1910	34.00		93	1.66		144	2.56		490	8.72		372	6.62		460	8.19		54	0.96		1968	35.04		5617	
	SECOND			2	3.70		2	3.70		2	3.70		1	1.85		8	14.81		9	16.67		4	7.41			Excluded		26	48.15		54	
		TOTAL		128	2.28		1912	34.04		95	1.69		145	2.58		498	8.87		381	6.78		464	8.26					1994	35.50		5617	
	THIRD			7	7.37		52	54.74			Excluded		12	12.63		11	11.58		6	6.32		3	3.16					4	4.21		95	
		TOTAL		135	2.40		1964	34.97					157	2.80		509	9.06		387	6.89		467	8.31					1998	35.57		5617	
	FOURTH				Excluded		93	68.89					17	12.59		11	8.15		5	3.70		5	3.70					4	2.96		135	
		TOTAL					2057	36.62					174	3.10		520	9.26		392	6.98		472	8.40					2002	35.64		5617	
	FIFTH						44	25.29						Excluded		24	13.79		27	15.52		21	12.07					58	33.33		174	
		TOTAL					2101	37.40								544	9.68		419	7.46		493	8.78					2060	36.67		5617	
	SIXTH						124	29.59								191	45.58			Excluded		48	11.46					56	13.37		419	
		TOTAL					2225	39.61								735	13.09					541	9.63					2116	37.67		5617	
	SEVENTH						148	27.36								206	38.08						Excluded					187	34.57		541	
		TOTAL					2373	42.25								941	16.75											2303	41.00		5617	
	EIGHTH						622	66.10									Excluded											319	33.90		941	
		TOTAL					2995	53.32																				2622	46.68		5617	
							Elected																									
																																
POSTAL																																
	FIRST			8	0.38		714	33.54		8	0.38		45	2.11		76	3.57		90	4.23		158	7.42		16	0.75		1014	47.63		2129	
	SECOND			1	6.25		0	0.00		0	0.00		1	6.25		1	6.25		3	18.75		0	0.00			Excluded		10	62.50		16	
		TOTAL		9	0.42		714	33.54		8	0.38		46	2.16		77	3.62		93	4.37		158	7.42					1024	48.10		2129	
	THIRD			0	0.00		5	62.50			Excluded		0	0.00		0	0.00		0	0.00		0	0.00					3	37.50		8	
		TOTAL		9	0.42		719	33.77					46	2.16		77	3.62		93	4.37		158	7.42					1027	48.24		2129	
	FOURTH				Excluded		6	66.67					1	11.11		0	0.00		0	0.00		0	0.00					2	22.22		9	
		TOTAL					725	34.05					47	2.21		77	3.62		93	4.37		158	7.42					1029	48.33		2129	
	FIFTH						6	12.77						Excluded		10	21.28		4	8.51		9	19.15					18	38.30		47	
		TOTAL					731	34.34								87	4.09		97	4.56		167	7.84					1047	49.18		2129	
	SIXTH						22	22.68								40	41.24			Excluded		6	6.19					29	29.90		97	
		TOTAL					753	35.37								127	5.97					173	8.13					1076	50.54		2129	
	SEVENTH						46	26.59								57	32.95						Excluded					70	40.46		173	
		TOTAL					799	37.53								184	8.64											1146	53.83		2129	
	EIGHTH						115	62.50									Excluded											69	37.50		184	
		TOTAL					914	42.93																				1215	57.07		2129	
							Elected																									
																																
PRE POLL																																
	FIRST			25	1.02		871	35.67		21	0.86		57	2.33		131	5.36		138	5.65		185	7.58		19	0.78		995	40.75		2442	
	SECOND			0	0.00		1	5.26		0	0.00		0	0.00		0	0.00		3	15.79		2	10.53			Excluded		13	68.42		19	
		TOTAL		25	1.02		872	35.71		21	0.86		57	2.33		131	5.36		141	5.77		187	7.66					1008	41.28		2442	
	THIRD			4	19.05		10	47.62			Excluded		2	9.52		3	14.29		1	4.76		1	4.76					0	0.00		21	
		TOTAL		29	1.19		882	36.12					59	2.42		134	5.49		142	5.81		188	7.70					1008	41.28		2442	
	FOURTH				Excluded		15	51.72					1	3.45		7	24.14		0	0.00		2	6.90					4	13.79		29	
		TOTAL					897	36.73					60	2.46		141	5.77		142	5.81		190	7.78					1012	41.44		2442	
	FIFTH						12	20.00						Excluded		7	11.67		3	5.00		4	6.67					34	56.67		60	
		TOTAL					909	37.22								148	6.06		145	5.94		194	7.94					1046	42.83		2442	
	SIXTH						45	31.03								55	37.93			Excluded		19	13.10					26	17.93		145	
		TOTAL					954	39.07								203	8.31					213	8.72					1072	43.90		2442	
	SEVENTH						63	29.58								60	28.17						Excluded					90	42.25		213	
		TOTAL					1017	41.65								263	10.77											1162	47.58		2442	
	EIGHTH						189	71.86									Excluded											74	28.14		263	
		TOTAL					1206	49.39																				1236	50.61		2442	
							Elected																									
																																
PROVISIONAL																																
	FIRST			6	1.46		183	44.42		9	2.18		11	2.67		37	8.98		33	8.01		31	7.52		4	0.97		98	23.79		412	
	SECOND			0	0.00		1	25.00		0	0.00		0	0.00		1	25.00		0	0.00		0	0.00			Excluded		2	50.00		4	
		TOTAL		6	1.46		184	44.66		9	2.18		11	2.67		38	9.22		33	8.01		31	7.52					100	24.27		412	
	THIRD			1	11.11		6	66.67			Excluded		0	0.00		1	11.11		0	0.00		1	11.11					0	0.00		9	
		TOTAL		7	1.70		190	46.12					11	2.67		39	9.47		33	8.01		32	7.77					100	24.27		412	
	FOURTH				Excluded		1	14.29					2	28.57		1	14.29		0	0.00		2	28.57					1	14.29		7	
		TOTAL					191	46.36					13	3.16		40	9.71		33	8.01		34	8.25					101	24.51		412	
	FIFTH						5	38.46						Excluded		2	15.38		1	7.69		2	15.38					3	23.08		13	
		TOTAL					196	47.57								42	10.19		34	8.25		36	8.74					104	25.24		412	
	SIXTH						5	14.71								18	52.94			Excluded		6	17.65					5	14.71		34	
		TOTAL					201	48.79								60	14.56					42	10.19					109	26.46		412	
	SEVENTH						11	26.19								19	45.24						Excluded					12	28.57		42	
		TOTAL					212	51.46								79	19.17											121	29.37		412	
	EIGHTH						52	65.82									Excluded											27	34.18		79	
		TOTAL					264	64.08																				148	35.92		412	
							Elected																									
																																
																																
																																
																																
																																
																																
																																
																																
																																
																																
																																
																																
																																
																																
																																
																																
																																
																																
																																
																																
																																
																																
																																
																																
																																
																																
																																
																																
																																
																																
																																
																																
																																
																																
																																
																																
																																
																																
																																
																																
																																
																																
																																
																																
																																
																																
																																
																																
																																
																																
																																
																																
																																
																																
																																
																																
																																
																																
																																
																																
																																
																																
																																
																																
																																
																																
																																
																																
																																
																																
																																
																																
																																
																																
																																
																																
																																
																																
																																
																																
																																
																																
																																
																																
																																
																																
																																
																																
																																
																																
																																
																																
																																
																																
																																
																																
																																
																																
																																
																																
																																
																																
																																
																																
																																
																																
																																
																																
																																
																																
																																
																																
																																
																																
																																
																																
																																
																																
																																
																																
																																
																																
																																
																																
																																
																																
																																
																																
																																
																																
																																
																																
																																
																																
																																
																																
																																
																																
																																
																																
																																
																																
																																
																																
																																
																																
																																
																																
																																
																																
																																
																																
																																
																																
																																
																																
																																
																																
																																
																																
																																
																																
																																
																																
