House of Representatives - 2001 Election: Western Australia																									
Distribution of Preferences																									
By Polling Place																									
																									
Cowan																									
					HOLT			METCALF			CHALONER			FORT			SHANNON			SALMON			EDWARDS		
					Ron			Sue			Tracy			Dave			Andre			Paul			Graham		
					HAN			NP			DEM			GWA			LP			CTA			ALP		
	Count			Votes	%		Votes	%		Votes	%		Votes	%		Votes	%		Votes	%		Votes	%		Total
Alexander Heights                                              																									
	FIRST			123	5.06		9	0.37		113	4.65		72	2.96		833	34.28		44	1.81		1236	50.86		2430
	SECOND			2	22.22			Excluded		1	11.11		1	11.11		3	33.33		1	11.11		1	11.11		9
		TOTAL		125	5.14					114	4.69		73	3.00		836	34.40		45	1.85		1237	50.91		2430
	THIRD			8	17.78					4	8.89		1	2.22		23	51.11			Excluded		9	20.00		45
		TOTAL		133	5.47					118	4.86		74	3.05		859	35.35					1246	51.28		2430
	FOURTH			7	9.46					37	50.00			Excluded		11	14.86					19	25.68		74
		TOTAL		140	5.76					155	6.38					870	35.80					1265	52.06		2430
	FIFTH			23	14.84						Excluded					55	35.48					77	49.68		155
		TOTAL		163	6.71											925	38.07					1342	55.23		2430
	SIXTH				Excluded											106	65.03					57	34.97		163
		TOTAL														1031	42.43					1399	57.57		2430
																						Elected			
																									
Alexander Heights West                                         																									
	FIRST			122	7.15		4	0.23		64	3.75		48	2.81		454	26.61		27	1.58		987	57.85		1706
	SECOND			1	25.00			Excluded		1	25.00		0	0.00		1	25.00		0	0.00		1	25.00		4
		TOTAL		123	7.21					65	3.81		48	2.81		455	26.67		27	1.58		988	57.91		1706
	THIRD			1	3.70					5	18.52		4	14.81		10	37.04			Excluded		7	25.93		27
		TOTAL		124	7.27					70	4.10		52	3.05		465	27.26					995	58.32		1706
	FOURTH			7	13.46					23	44.23			Excluded		12	23.08					10	19.23		52
		TOTAL		131	7.68					93	5.45					477	27.96					1005	58.91		1706
	FIFTH			12	12.90						Excluded					24	25.81					57	61.29		93
		TOTAL		143	8.38											501	29.37					1062	62.25		1706
	SIXTH				Excluded											99	69.23					44	30.77		143
		TOTAL														600	35.17					1106	64.83		1706
																						Elected			
																									
Ballajura                                                      																									
	FIRST			103	5.15		6	0.30		66	3.30		70	3.50		724	36.20		32	1.60		999	49.95		2000
	SECOND			1	16.67			Excluded		1	16.67		1	16.67		2	33.33		0	0.00		1	16.67		6
		TOTAL		104	5.20					67	3.35		71	3.55		726	36.30		32	1.60		1000	50.00		2000
	THIRD			8	25.00					2	6.25		3	9.38		13	40.63			Excluded		6	18.75		32
		TOTAL		112	5.60					69	3.45		74	3.70		739	36.95					1006	50.30		2000
	FOURTH			9	12.16					32	43.24			Excluded		10	13.51					23	31.08		74
		TOTAL		121	6.05					101	5.05					749	37.45					1029	51.45		2000
	FIFTH			5	4.95						Excluded					41	40.59					55	54.46		101
		TOTAL		126	6.30											790	39.50					1084	54.20		2000
	SIXTH				Excluded											87	69.05					39	30.95		126
		TOTAL														877	43.85					1123	56.15		2000
																						Elected			
																									
Ballajura Central                                              																									
	FIRST			183	6.04		12	0.40		126	4.16		106	3.50		999	32.99		45	1.49		1557	51.42		3028
	SECOND			2	16.67			Excluded		3	25.00		1	8.33		4	33.33		0	0.00		2	16.67		12
		TOTAL		185	6.11					129	4.26		107	3.53		1003	33.12		45	1.49		1559	51.49		3028
	THIRD			9	20.00					4	8.89		2	4.44		24	53.33			Excluded		6	13.33		45
		TOTAL		194	6.41					133	4.39		109	3.60		1027	33.92					1565	51.68		3028
	FOURTH			12	11.01					56	51.38			Excluded		17	15.60					24	22.02		109
		TOTAL		206	6.80					189	6.24					1044	34.48					1589	52.48		3028
	FIFTH			25	13.23						Excluded					53	28.04					111	58.73		189
		TOTAL		231	7.63											1097	36.23					1700	56.14		3028
	SIXTH				Excluded											159	68.83					72	31.17		231
		TOTAL														1256	41.48					1772	58.52		3028
																						Elected			
																									
Ballajura South                                                																									
	FIRST			120	5.13		11	0.47		123	5.26		61	2.61		502	21.47		24	1.03		1497	64.03		2338
	SECOND			1	9.09			Excluded		2	18.18		2	18.18		4	36.36		0	0.00		2	18.18		11
		TOTAL		121	5.18					125	5.35		63	2.69		506	21.64		24	1.03		1499	64.11		2338
	THIRD			7	29.17					3	12.50		1	4.17		13	54.17			Excluded		0	0.00		24
		TOTAL		128	5.47					128	5.47		64	2.74		519	22.20					1499	64.11		2338
	FOURTH			9	14.06					20	31.25			Excluded		16	25.00					19	29.69		64
		TOTAL		137	5.86					148	6.33					535	22.88					1518	64.93		2338
	FIFTH			23	15.54						Excluded					48	32.43					77	52.03		148
		TOTAL		160	6.84											583	24.94					1595	68.22		2338
	SIXTH				Excluded											101	63.13					59	36.88		160
		TOTAL														684	29.26					1654	70.74		2338
																						Elected			
																									
Ballajura West                                                 																									
	FIRST			97	4.68		6	0.29		84	4.05		61	2.94		767	37.02		26	1.25		1031	49.76		2072
	SECOND			1	16.67			Excluded		1	16.67		0	0.00		3	50.00		0	0.00		1	16.67		6
		TOTAL		98	4.73					85	4.10		61	2.94		770	37.16		26	1.25		1032	49.81		2072
	THIRD			1	3.85					4	15.38		2	7.69		13	50.00			Excluded		6	23.08		26
		TOTAL		99	4.78					89	4.30		63	3.04		783	37.79					1038	50.10		2072
	FOURTH			2	3.17					24	38.10			Excluded		13	20.63					24	38.10		63
		TOTAL		101	4.87					113	5.45					796	38.42					1062	51.25		2072
	FIFTH			21	18.58						Excluded					39	34.51					53	46.90		113
		TOTAL		122	5.89											835	40.30					1115	53.81		2072
	SIXTH				Excluded											77	63.11					45	36.89		122
		TOTAL														912	44.02					1160	55.98		2072
																						Elected			
																									
Banksia Grove                                                  																									
	FIRST			38	9.92		0	0.00		8	2.09		13	3.39		117	30.55		4	1.04		203	53.00		383
	SECOND			0	0.00			Excluded		0	0.00		0	0.00		0	0.00		0	0.00		0	0.00		0
		TOTAL		38	9.92					8	2.09		13	3.39		117	30.55		4	1.04		203	53.00		383
	THIRD			0	0.00					0	0.00		2	50.00		2	50.00			Excluded		0	0.00		4
		TOTAL		38	9.92					8	2.09		15	3.92		119	31.07					203	53.00		383
	FOURTH			4	26.67					8	53.33			Excluded		2	13.33					1	6.67		15
		TOTAL		42	10.97					16	4.18					121	31.59					204	53.26		383
	FIFTH			3	18.75						Excluded					7	43.75					6	37.50		16
		TOTAL		45	11.75											128	33.42					210	54.83		383
	SIXTH				Excluded											31	68.89					14	31.11		45
		TOTAL														159	41.51					224	58.49		383
																						Elected			
																									
Camboon                                                        																									
	FIRST			112	5.03		8	0.36		85	3.82		59	2.65		1008	45.26		15	0.67		940	42.21		2227
	SECOND			3	37.50			Excluded		1	12.50		0	0.00		3	37.50		0	0.00		1	12.50		8
		TOTAL		115	5.16					86	3.86		59	2.65		1011	45.40		15	0.67		941	42.25		2227
	THIRD			2	13.33					0	0.00		2	13.33		9	60.00			Excluded		2	13.33		15
		TOTAL		117	5.25					86	3.86		61	2.74		1020	45.80					943	42.34		2227
	FOURTH			6	9.84					25	40.98			Excluded		10	16.39					20	32.79		61
		TOTAL		123	5.52					111	4.98					1030	46.25					963	43.24		2227
	FIFTH			15	13.51						Excluded					40	36.04					56	50.45		111
		TOTAL		138	6.20											1070	48.05					1019	45.76		2227
	SIXTH				Excluded											97	70.29					41	29.71		138
		TOTAL														1167	52.40					1060	47.60		2227
																						Elected			
																									
Girrawheen                                                     																									
	FIRST			116	5.94		4	0.20		48	2.46		79	4.04		348	17.81		35	1.79		1324	67.76		1954
	SECOND			0	0.00			Excluded		1	25.00		1	25.00		0	0.00		0	0.00		2	50.00		4
		TOTAL		116	5.94					49	2.51		80	4.09		348	17.81		35	1.79		1326	67.86		1954
	THIRD			11	31.43					2	5.71		4	11.43		12	34.29			Excluded		6	17.14		35
		TOTAL		127	6.50					51	2.61		84	4.30		360	18.42					1332	68.17		1954
	FOURTH			7	8.33					34	40.48			Excluded		12	14.29					31	36.90		84
		TOTAL		134	6.86					85	4.35					372	19.04					1363	69.75		1954
	FIFTH			13	15.29						Excluded					19	22.35					53	62.35		85
		TOTAL		147	7.52											391	20.01					1416	72.47		1954
	SIXTH				Excluded											95	64.63					52	35.37		147
		TOTAL														486	24.87					1468	75.13		1954
																						Elected			
																									
Girrawheen Central                                             																									
	FIRST			44	7.30		6	1.00		10	1.66		25	4.15		88	14.59		4	0.66		426	70.65		603
	SECOND			2	33.33			Excluded		0	0.00		0	0.00		3	50.00		0	0.00		1	16.67		6
		TOTAL		46	7.63					10	1.66		25	4.15		91	15.09		4	0.66		427	70.81		603
	THIRD			0	0.00					0	0.00		0	0.00		2	50.00			Excluded		2	50.00		4
		TOTAL		46	7.63					10	1.66		25	4.15		93	15.42					429	71.14		603
	FOURTH			4	16.00					13	52.00			Excluded		0	0.00					8	32.00		25
		TOTAL		50	8.29					23	3.81					93	15.42					437	72.47		603
	FIFTH			6	26.09						Excluded					5	21.74					12	52.17		23
		TOTAL		56	9.29											98	16.25					449	74.46		603
	SIXTH				Excluded											27	48.21					29	51.79		56
		TOTAL														125	20.73					478	79.27		603
																						Elected			
																									
Girrawheen East                                                																									
	FIRST			82	5.59		9	0.61		54	3.68		52	3.55		243	16.58		42	2.86		984	67.12		1466
	SECOND			2	22.22			Excluded		1	11.11		2	22.22		0	0.00		1	11.11		3	33.33		9
		TOTAL		84	5.73					55	3.75		54	3.68		243	16.58		43	2.93		987	67.33		1466
	THIRD			16	37.21					4	9.30		1	2.33		13	30.23			Excluded		9	20.93		43
		TOTAL		100	6.82					59	4.02		55	3.75		256	17.46					996	67.94		1466
	FOURTH			8	14.55					23	41.82			Excluded		1	1.82					23	41.82		55
		TOTAL		108	7.37					82	5.59					257	17.53					1019	69.51		1466
	FIFTH			20	24.39						Excluded					16	19.51					46	56.10		82
		TOTAL		128	8.73											273	18.62					1065	72.65		1466
	SIXTH				Excluded											71	55.47					57	44.53		128
		TOTAL														344	23.47					1122	76.53		1466
																						Elected			
																									
Greenwood                                                      																									
	FIRST			178	5.09		24	0.69		201	5.75		201	5.75		1363	39.01		64	1.83		1463	41.87		3494
	SECOND			6	25.00			Excluded		3	12.50		7	29.17		6	25.00		2	8.33		0	0.00		24
		TOTAL		184	5.27					204	5.84		208	5.95		1369	39.18		66	1.89		1463	41.87		3494
	THIRD			13	19.70					6	9.09		6	9.09		32	48.48			Excluded		9	13.64		66
		TOTAL		197	5.64					210	6.01		214	6.12		1401	40.10					1472	42.13		3494
	FOURTH			19	8.88					114	53.27			Excluded		24	11.21					57	26.64		214
		TOTAL		216	6.18					324	9.27					1425	40.78					1529	43.76		3494
	FIFTH			29	8.95						Excluded					100	30.86					195	60.19		324
		TOTAL		245	7.01											1525	43.65					1724	49.34		3494
	SIXTH				Excluded											163	66.53					82	33.47		245
		TOTAL														1688	48.31					1806	51.69		3494
																						Elected			
																									
Greenwood East                                                 																									
	FIRST			33	4.65		2	0.28		36	5.07		30	4.23		227	31.97		10	1.41		372	52.39		710
	SECOND			0	0.00			Excluded		1	50.00		0	0.00		0	0.00		0	0.00		1	50.00		2
		TOTAL		33	4.65					37	5.21		30	4.23		227	31.97		10	1.41		373	52.54		710
	THIRD			1	10.00					1	10.00		2	20.00		5	50.00			Excluded		1	10.00		10
		TOTAL		34	4.79					38	5.35		32	4.51		232	32.68					374	52.68		710
	FOURTH			4	12.50					9	28.13			Excluded		5	15.63					14	43.75		32
		TOTAL		38	5.35					47	6.62					237	33.38					388	54.65		710
	FIFTH			6	12.77						Excluded					10	21.28					31	65.96		47
		TOTAL		44	6.20											247	34.79					419	59.01		710
	SIXTH				Excluded											23	52.27					21	47.73		44
		TOTAL														270	38.03					440	61.97		710
																						Elected			
																									
Greenwood West                                                 																									
	FIRST			108	5.69		15	0.79		107	5.64		112	5.90		698	36.79		30	1.58		827	43.60		1897
	SECOND			2	13.33			Excluded		1	6.67		2	13.33		7	46.67		2	13.33		1	6.67		15
		TOTAL		110	5.80					108	5.69		114	6.01		705	37.16		32	1.69		828	43.65		1897
	THIRD			6	18.75					4	12.50		6	18.75		13	40.63			Excluded		3	9.38		32
		TOTAL		116	6.11					112	5.90		120	6.33		718	37.85					831	43.81		1897
	FOURTH			13	10.83					62	51.67			Excluded		13	10.83					32	26.67		120
		TOTAL		129	6.80					174	9.17					731	38.53					863	45.49		1897
	FIFTH			15	8.62						Excluded					59	33.91					100	57.47		174
		TOTAL		144	7.59											790	41.64					963	50.76		1897
	SIXTH				Excluded											92	63.89					52	36.11		144
		TOTAL														882	46.49					1015	53.51		1897
																						Elected			
																									
Kingsley                                                       																									
	FIRST			177	4.84		17	0.46		172	4.70		133	3.64		1596	43.63		50	1.37		1513	41.36		3658
	SECOND			3	17.65			Excluded		2	11.76		1	5.88		11	64.71		0	0.00		0	0.00		17
		TOTAL		180	4.92					174	4.76		134	3.66		1607	43.93		50	1.37		1513	41.36		3658
	THIRD			9	18.00					3	6.00		4	8.00		18	36.00			Excluded		16	32.00		50
		TOTAL		189	5.17					177	4.84		138	3.77		1625	44.42					1529	41.80		3658
	FOURTH			12	8.70					59	42.75			Excluded		26	18.84					41	29.71		138
		TOTAL		201	5.49					236	6.45					1651	45.13					1570	42.92		3658
	FIFTH			20	8.47						Excluded					82	34.75					134	56.78		236
		TOTAL		221	6.04											1733	47.38					1704	46.58		3658
	SIXTH				Excluded											168	76.02					53	23.98		221
		TOTAL														1901	51.97					1757	48.03		3658
																						Elected			
																									
Kingsley East                                                  																									
	FIRST			60	4.08		10	0.68		84	5.71		67	4.55		673	45.72		15	1.02		563	38.25		1472
	SECOND			1	10.00			Excluded		1	10.00		0	0.00		5	50.00		0	0.00		3	30.00		10
		TOTAL		61	4.14					85	5.77		67	4.55		678	46.06		15	1.02		566	38.45		1472
	THIRD			4	26.67					1	6.67		1	6.67		6	40.00			Excluded		3	20.00		15
		TOTAL		65	4.42					86	5.84		68	4.62		684	46.47					569	38.65		1472
	FOURTH			5	7.35					41	60.29			Excluded		7	10.29					15	22.06		68
		TOTAL		70	4.76					127	8.63					691	46.94					584	39.67		1472
	FIFTH			9	7.09						Excluded					42	33.07					76	59.84		127
		TOTAL		79	5.37											733	49.80					660	44.84		1472
	SIXTH				Excluded											52	65.82					27	34.18		79
		TOTAL														785	53.33					687	46.67		1472
																						Elected			
																									
Kingsley South                                                 																									
	FIRST			117	4.94		17	0.72		105	4.44		97	4.10		1041	43.98		35	1.48		955	40.35		2367
	SECOND			3	17.65			Excluded		4	23.53		1	5.88		7	41.18		1	5.88		1	5.88		17
		TOTAL		120	5.07					109	4.60		98	4.14		1048	44.28		36	1.52		956	40.39		2367
	THIRD			9	25.00					5	13.89		4	11.11		16	44.44			Excluded		2	5.56		36
		TOTAL		129	5.45					114	4.82		102	4.31		1064	44.95					958	40.47		2367
	FOURTH			9	8.82					44	43.14			Excluded		23	22.55					26	25.49		102
		TOTAL		138	5.83					158	6.68					1087	45.92					984	41.57		2367
	FIFTH			19	12.03						Excluded					50	31.65					89	56.33		158
		TOTAL		157	6.63											1137	48.04					1073	45.33		2367
	SIXTH				Excluded											110	70.06					47	29.94		157
		TOTAL														1247	52.68					1120	47.32		2367
																						Elected			
																									
Koondoola                                                      																									
	FIRST			120	5.93		4	0.20		63	3.12		79	3.91		342	16.91		31	1.53		1383	68.40		2022
	SECOND			2	50.00			Excluded		2	50.00		0	0.00		0	0.00		0	0.00		0	0.00		4
		TOTAL		122	6.03					65	3.21		79	3.91		342	16.91		31	1.53		1383	68.40		2022
	THIRD			3	9.68					4	12.90		6	19.35		10	32.26			Excluded		8	25.81		31
		TOTAL		125	6.18					69	3.41		85	4.20		352	17.41					1391	68.79		2022
	FOURTH			13	15.29					34	40.00			Excluded		9	10.59					29	34.12		85
		TOTAL		138	6.82					103	5.09					361	17.85					1420	70.23		2022
	FIFTH			18	17.48						Excluded					36	34.95					49	47.57		103
		TOTAL		156	7.72											397	19.63					1469	72.65		2022
	SIXTH				Excluded											94	60.26					62	39.74		156
		TOTAL														491	24.28					1531	75.72		2022
																						Elected			
																									
Landsdale                                                      																									
	FIRST			95	4.98		8	0.42		94	4.93		56	2.94		783	41.06		41	2.15		830	43.52		1907
	SECOND			0	0.00			Excluded		2	25.00		1	12.50		5	62.50		0	0.00		0	0.00		8
		TOTAL		95	4.98					96	5.03		57	2.99		788	41.32		41	2.15		830	43.52		1907
	THIRD			10	24.39					3	7.32		3	7.32		21	51.22			Excluded		4	9.76		41
		TOTAL		105	5.51					99	5.19		60	3.15		809	42.42					834	43.73		1907
	FOURTH			9	15.00					27	45.00			Excluded		10	16.67					14	23.33		60
		TOTAL		114	5.98					126	6.61					819	42.95					848	44.47		1907
	FIFTH			17	13.49						Excluded					34	26.98					75	59.52		126
		TOTAL		131	6.87											853	44.73					923	48.40		1907
	SIXTH				Excluded											82	62.60					49	37.40		131
		TOTAL														935	49.03					972	50.97		1907
																						Elected			
																									
Marangaroo                                                     																									
	FIRST			171	6.90		19	0.77		63	2.54		86	3.47		667	26.93		40	1.61		1431	57.77		2477
	SECOND			4	21.05			Excluded		5	26.32		1	5.26		7	36.84		0	0.00		2	10.53		19
		TOTAL		175	7.06					68	2.75		87	3.51		674	27.21		40	1.61		1433	57.85		2477
	THIRD			5	12.50					6	15.00		9	22.50		13	32.50			Excluded		7	17.50		40
		TOTAL		180	7.27					74	2.99		96	3.88		687	27.74					1440	58.13		2477
	FOURTH			13	13.54					45	46.88			Excluded		15	15.63					23	23.96		96
		TOTAL		193	7.79					119	4.80					702	28.34					1463	59.06		2477
	FIFTH			16	13.45						Excluded					24	20.17					79	66.39		119
		TOTAL		209	8.44											726	29.31					1542	62.25		2477
	SIXTH				Excluded											150	71.77					59	28.23		209
		TOTAL														876	35.37					1601	64.63		2477
																						Elected			
																									
Marangaroo Central                                             																									
	FIRST			173	5.95		22	0.76		100	3.44		90	3.09		699	24.04		44	1.51		1780	61.21		2908
	SECOND			5	22.73			Excluded		7	31.82		4	18.18		3	13.64		2	9.09		1	4.55		22
		TOTAL		178	6.12					107	3.68		94	3.23		702	24.14		46	1.58		1781	61.24		2908
	THIRD			6	13.04					3	6.52		6	13.04		26	56.52			Excluded		5	10.87		46
		TOTAL		184	6.33					110	3.78		100	3.44		728	25.03					1786	61.42		2908
	FOURTH			10	10.00					52	52.00			Excluded		13	13.00					25	25.00		100
		TOTAL		194	6.67					162	5.57					741	25.48					1811	62.28		2908
	FIFTH			32	19.75						Excluded					45	27.78					85	52.47		162
		TOTAL		226	7.77											786	27.03					1896	65.20		2908
	SIXTH				Excluded											144	63.72					82	36.28		226
		TOTAL														930	31.98					1978	68.02		2908
																						Elected			
																									
Noranda                                                        																									
	FIRST			61	3.34		9	0.49		65	3.56		40	2.19		729	39.90		22	1.20		901	49.32		1827
	SECOND			0	0.00			Excluded		3	33.33		1	11.11		4	44.44		1	11.11		0	0.00		9
		TOTAL		61	3.34					68	3.72		41	2.24		733	40.12		23	1.26		901	49.32		1827
	THIRD			2	8.70					3	13.04		3	13.04		9	39.13			Excluded		6	26.09		23
		TOTAL		63	3.45					71	3.89		44	2.41		742	40.61					907	49.64		1827
	FOURTH			0	0.00					17	38.64			Excluded		9	20.45					18	40.91		44
		TOTAL		63	3.45					88	4.82					751	41.11					925	50.63		1827
	FIFTH			18	20.45						Excluded					21	23.86					49	55.68		88
		TOTAL		81	4.43											772	42.26					974	53.31		1827
	SIXTH				Excluded											57	70.37					24	29.63		81
		TOTAL														829	45.37					998	54.63		1827
																						Elected			
																									
Noranda West (Cowan)                                           																									
	FIRST			28	3.21		0	0.00		37	4.24		37	4.24		406	46.51		17	1.95		348	39.86		873
	SECOND			0	0.00			Excluded		0	0.00		0	0.00		0	0.00		0	0.00		0	0.00		0
		TOTAL		28	3.21					37	4.24		37	4.24		406	46.51		17	1.95		348	39.86		873
	THIRD			7	41.18					0	0.00		0	0.00		8	47.06			Excluded		2	11.76		17
		TOTAL		35	4.01					37	4.24		37	4.24		414	47.42					350	40.09		873
	FOURTH			3	8.11					9	24.32			Excluded		13	35.14					12	32.43		37
		TOTAL		38	4.35					46	5.27					427	48.91					362	41.47		873
	FIFTH			4	8.70						Excluded					16	34.78					26	56.52		46
		TOTAL		42	4.81											443	50.74					388	44.44		873
	SIXTH				Excluded											26	61.90					16	38.10		42
		TOTAL														469	53.72					404	46.28		873
																						Elected			
																									
Perth (Cowan)                                                  																									
	FIRST			3	2.46		2	1.64		5	4.10		13	10.66		49	40.16		1	0.82		49	40.16		122
	SECOND			0	0.00			Excluded		0	0.00		0	0.00		1	50.00		0	0.00		1	50.00		2
		TOTAL		3	2.46					5	4.10		13	10.66		50	40.98		1	0.82		50	40.98		122
	THIRD			0	0.00					0	0.00		0	0.00		1	100.00			Excluded		0	0.00		1
		TOTAL		3	2.46					5	4.10		13	10.66		51	41.80					50	40.98		122
	FOURTH			0	0.00					5	38.46			Excluded		0	0.00					8	61.54		13
		TOTAL		3	2.46					10	8.20					51	41.80					58	47.54		122
	FIFTH			1	10.00						Excluded					0	0.00					9	90.00		10
		TOTAL		4	3.28											51	41.80					67	54.92		122
	SIXTH				Excluded											4	100.00					0	0.00		4
		TOTAL														55	45.08					67	54.92		122
																						Elected			
																									
Rottnest (Cowan)                                               																									
	FIRST			4	5.56		0	0.00		5	6.94		1	1.39		34	47.22		0	0.00		28	38.89		72
	SECOND			0	0.00			Excluded		0	0.00		0	0.00		0	0.00		0	0.00		0	0.00		0
		TOTAL		4	5.56					5	6.94		1	1.39		34	47.22		0	0.00		28	38.89		72
	THIRD			0	0.00					0	0.00		0	0.00		0	0.00			Excluded		0	0.00		0
		TOTAL		4	5.56					5	6.94		1	1.39		34	47.22					28	38.89		72
	FOURTH			0	0.00					0	0.00			Excluded		0	0.00					1	100.00		1
		TOTAL		4	5.56					5	6.94					34	47.22					29	40.28		72
	FIFTH			1	20.00						Excluded					0	0.00					4	80.00		5
		TOTAL		5	6.94											34	47.22					33	45.83		72
	SIXTH				Excluded											3	60.00					2	40.00		5
		TOTAL														37	51.39					35	48.61		72
																						Elected			
																									
Tapping                                                        																									
	FIRST			48	5.08		9	0.95		38	4.02		31	3.28		425	44.97		12	1.27		382	40.42		945
	SECOND			2	22.22			Excluded		3	33.33		0	0.00		1	11.11		1	11.11		2	22.22		9
		TOTAL		50	5.29					41	4.34		31	3.28		426	45.08		13	1.38		384	40.63		945
	THIRD			4	30.77					1	7.69		1	7.69		6	46.15			Excluded		1	7.69		13
		TOTAL		54	5.71					42	4.44		32	3.39		432	45.71					385	40.74		945
	FOURTH			6	18.75					14	43.75			Excluded		7	21.88					5	15.63		32
		TOTAL		60	6.35					56	5.93					439	46.46					390	41.27		945
	FIFTH			7	12.50						Excluded					17	30.36					32	57.14		56
		TOTAL		67	7.09											456	48.25					422	44.66		945
	SIXTH				Excluded											41	61.19					26	38.81		67
		TOTAL														497	52.59					448	47.41		945
																						Elected			
																									
Wanneroo                                                       																									
	FIRST			309	7.97		19	0.49		175	4.51		181	4.67		1525	39.32		48	1.24		1621	41.80		3878
	SECOND			6	31.58			Excluded		4	21.05		0	0.00		6	31.58		0	0.00		3	15.79		19
		TOTAL		315	8.12					179	4.62		181	4.67		1531	39.48		48	1.24		1624	41.88		3878
	THIRD			12	25.00					2	4.17		6	12.50		19	39.58			Excluded		9	18.75		48
		TOTAL		327	8.43					181	4.67		187	4.82		1550	39.97					1633	42.11		3878
	FOURTH			25	13.37					87	46.52			Excluded		30	16.04					45	24.06		187
		TOTAL		352	9.08					268	6.91					1580	40.74					1678	43.27		3878
	FIFTH			36	13.43						Excluded					74	27.61					158	58.96		268
		TOTAL		388	10.01											1654	42.65					1836	47.34		3878
	SIXTH				Excluded											256	65.98					132	34.02		388
		TOTAL														1910	49.25					1968	50.75		3878
																						Elected			
																									
Wanneroo East                                                  																									
	FIRST			238	7.44		12	0.38		114	3.56		136	4.25		1297	40.56		44	1.38		1357	42.43		3198
	SECOND			6	50.00			Excluded		0	0.00		1	8.33		4	33.33		1	8.33		0	0.00		12
		TOTAL		244	7.63					114	3.56		137	4.28		1301	40.68		45	1.41		1357	42.43		3198
	THIRD			10	22.22					5	11.11		7	15.56		18	40.00			Excluded		5	11.11		45
		TOTAL		254	7.94					119	3.72		144	4.50		1319	41.24					1362	42.59		3198
	FOURTH			18	12.50					73	50.69			Excluded		21	14.58					32	22.22		144
		TOTAL		272	8.51					192	6.00					1340	41.90					1394	43.59		3198
	FIFTH			45	23.44						Excluded					52	27.08					95	49.48		192
		TOTAL		317	9.91											1392	43.53					1489	46.56		3198
	SIXTH				Excluded											207	65.30					110	34.70		317
		TOTAL														1599	50.00					1599	50.00		3198
																						Elected			
																									
Wanneroo West                                                  																									
	FIRST			33	5.44		1	0.16		27	4.45		23	3.79		251	41.35		17	2.80		255	42.01		607
	SECOND			0	0.00			Excluded		1	100.00		0	0.00		0	0.00		0	0.00		0	0.00		1
		TOTAL		33	5.44					28	4.61		23	3.79		251	41.35		17	2.80		255	42.01		607
	THIRD			4	23.53					3	17.65		1	5.88		9	52.94			Excluded		0	0.00		17
		TOTAL		37	6.10					31	5.11		24	3.95		260	42.83					255	42.01		607
	FOURTH			4	16.67					10	41.67			Excluded		1	4.17					9	37.50		24
		TOTAL		41	6.75					41	6.75					261	43.00					264	43.49		607
	FIFTH			5	12.20						Excluded					14	34.15					22	53.66		41
		TOTAL		46	7.58											275	45.30					286	47.12		607
	SIXTH				Excluded											29	63.04					17	36.96		46
		TOTAL														304	50.08					303	49.92		607
																						Elected			
																									
Warwick                                                        																									
	FIRST			67	5.39		14	1.13		51	4.10		54	4.34		487	39.15		16	1.29		555	44.61		1244
	SECOND			4	28.57			Excluded		2	14.29		0	0.00		7	50.00		0	0.00		1	7.14		14
		TOTAL		71	5.71					53	4.26		54	4.34		494	39.71		16	1.29		556	44.69		1244
	THIRD			1	6.25					0	0.00		2	12.50		8	50.00			Excluded		5	31.25		16
		TOTAL		72	5.79					53	4.26		56	4.50		502	40.35					561	45.10		1244
	FOURTH			4	7.14					29	51.79			Excluded		9	16.07					14	25.00		56
		TOTAL		76	6.11					82	6.59					511	41.08					575	46.22		1244
	FIFTH			7	8.54						Excluded					12	14.63					63	76.83		82
		TOTAL		83	6.67											523	42.04					638	51.29		1244
	SIXTH				Excluded											50	60.24					33	39.76		83
		TOTAL														573	46.06					671	53.94		1244
																						Elected			
																									
Warwick West                                                   																									
	FIRST			41	4.20		3	0.31		36	3.68		53	5.42		435	44.52		9	0.92		400	40.94		977
	SECOND			0	0.00			Excluded		2	66.67		0	0.00		0	0.00		0	0.00		1	33.33		3
		TOTAL		41	4.20					38	3.89		53	5.42		435	44.52		9	0.92		401	41.04		977
	THIRD			2	22.22					1	11.11		0	0.00		6	66.67			Excluded		0	0.00		9
		TOTAL		43	4.40					39	3.99		53	5.42		441	45.14					401	41.04		977
	FOURTH			2	3.77					27	50.94			Excluded		5	9.43					19	35.85		53
		TOTAL		45	4.61					66	6.76					446	45.65					420	42.99		977
	FIFTH			5	7.58						Excluded					24	36.36					37	56.06		66
		TOTAL		50	5.12											470	48.11					457	46.78		977
	SIXTH				Excluded											32	64.00					18	36.00		50
		TOTAL														502	51.38					475	48.62		977
																						Elected			
																									
Woodvale                                                       																									
	FIRST			95	4.67		7	0.34		76	3.74		94	4.62		964	47.39		43	2.11		755	37.12		2034
	SECOND			1	14.29			Excluded		0	0.00		1	14.29		3	42.86		1	14.29		1	14.29		7
		TOTAL		96	4.72					76	3.74		95	4.67		967	47.54		44	2.16		756	37.17		2034
	THIRD			10	22.73					4	9.09		4	9.09		19	43.18			Excluded		7	15.91		44
		TOTAL		106	5.21					80	3.93		99	4.87		986	48.48					763	37.51		2034
	FOURTH			12	12.12					49	49.49			Excluded		12	12.12					26	26.26		99
		TOTAL		118	5.80					129	6.34					998	49.07					789	38.79		2034
	FIFTH			13	10.08						Excluded					37	28.68					79	61.24		129
		TOTAL		131	6.44											1035	50.88					868	42.67		2034
	SIXTH				Excluded											91	69.47					40	30.53		131
		TOTAL														1126	55.36					908	44.64		2034
																						Elected			
																									
Woodvale North                                                 																									
	FIRST			130	3.93		18	0.54		175	5.30		112	3.39		1552	46.96		26	0.79		1292	39.09		3305
	SECOND			3	16.67			Excluded		3	16.67		2	11.11		9	50.00		1	5.56		0	0.00		18
		TOTAL		133	4.02					178	5.39		114	3.45		1561	47.23		27	0.82		1292	39.09		3305
	THIRD			3	11.11					6	22.22		2	7.41		11	40.74			Excluded		5	18.52		27
		TOTAL		136	4.11					184	5.57		116	3.51		1572	47.56					1297	39.24		3305
	FOURTH			15	12.93					51	43.97			Excluded		21	18.10					29	25.00		116
		TOTAL		151	4.57					235	7.11					1593	48.20					1326	40.12		3305
	FIFTH			38	16.17						Excluded					88	37.45					109	46.38		235
		TOTAL		189	5.72											1681	50.86					1435	43.42		3305
	SIXTH				Excluded											116	61.38					73	38.62		189
		TOTAL														1797	54.37					1508	45.63		3305
																						Elected			
																									
Special Hospital Team 1                                        																									
	FIRST			9	2.74		7	2.13		3	0.91		5	1.52		178	54.10		3	0.91		124	37.69		329
	SECOND			3	42.86			Excluded		0	0.00		2	28.57		1	14.29		0	0.00		1	14.29		7
		TOTAL		12	3.65					3	0.91		7	2.13		179	54.41		3	0.91		125	37.99		329
	THIRD			0	0.00					1	33.33		0	0.00		1	33.33			Excluded		1	33.33		3
		TOTAL		12	3.65					4	1.22		7	2.13		180	54.71					126	38.30		329
	FOURTH			0	0.00					2	28.57			Excluded		3	42.86					2	28.57		7
		TOTAL		12	3.65					6	1.82					183	55.62					128	38.91		329
	FIFTH			1	16.67						Excluded					2	33.33					3	50.00		6
		TOTAL		13	3.95											185	56.23					131	39.82		329
	SIXTH				Excluded											9	69.23					4	30.77		13
		TOTAL														194	58.97					135	41.03		329
																						Elected			
																									
ABSENT																									
	FIRST			403	7.02		62	1.08		328	5.71		418	7.28		1965	34.22		146	2.54		2421	42.16		5743
	SECOND			11	17.74			Excluded		17	27.42		10	16.13		15	24.19		2	3.23		7	11.29		62
		TOTAL		414	7.21					345	6.01		428	7.45		1980	34.48		148	2.58		2428	42.28		5743
	THIRD			39	26.35					15	10.14		13	8.78		62	41.89			Excluded		19	12.84		148
		TOTAL		453	7.89					360	6.27		441	7.68		2042	35.56					2447	42.61		5743
	FOURTH			68	15.42					171	38.78			Excluded		85	19.27					117	26.53		441
		TOTAL		521	9.07					531	9.25					2127	37.04					2564	44.65		5743
	FIFTH			98	18.46						Excluded					163	30.70					270	50.85		531
		TOTAL		619	10.78											2290	39.87					2834	49.35		5743
	SIXTH				Excluded											370	59.77					249	40.23		619
		TOTAL														2660	46.32					3083	53.68		5743
																						Elected			
																									
POSTAL																									
	FIRST			121	6.78		9	0.50		52	2.91		40	2.24		762	42.69		16	0.90		785	43.98		1785
	SECOND			1	11.11			Excluded		1	11.11		3	33.33		2	22.22		0	0.00		2	22.22		9
		TOTAL		122	6.83					53	2.97		43	2.41		764	42.80		16	0.90		787	44.09		1785
	THIRD			6	37.50					1	6.25		3	18.75		5	31.25			Excluded		1	6.25		16
		TOTAL		128	7.17					54	3.03		46	2.58		769	43.08					788	44.15		1785
	FOURTH			3	6.52					19	41.30			Excluded		10	21.74					14	30.43		46
		TOTAL		131	7.34					73	4.09					779	43.64					802	44.93		1785
	FIFTH			12	16.44						Excluded					24	32.88					37	50.68		73
		TOTAL		143	8.01											803	44.99					839	47.00		1785
	SIXTH				Excluded											82	57.34					61	42.66		143
		TOTAL														885	49.58					900	50.42		1785
																						Elected			
																									
PRE POLL																									
	FIRST			147	6.43		19	0.83		104	4.55		96	4.20		947	41.44		30	1.31		942	41.23		2285
	SECOND			3	15.79			Excluded		3	15.79		3	15.79		8	42.11		1	5.26		1	5.26		19
		TOTAL		150	6.56					107	4.68		99	4.33		955	41.79		31	1.36		943	41.27		2285
	THIRD			3	9.68					4	12.90		3	9.68		13	41.94			Excluded		8	25.81		31
		TOTAL		153	6.70					111	4.86		102	4.46		968	42.36					951	41.62		2285
	FOURTH			6	5.88					39	38.24			Excluded		20	19.61					37	36.27		102
		TOTAL		159	6.96					150	6.56					988	43.24					988	43.24		2285
	FIFTH			19	12.67						Excluded					50	33.33					81	54.00		150
		TOTAL		178	7.79											1038	45.43					1069	46.78		2285
	SIXTH				Excluded											98	55.06					80	44.94		178
		TOTAL														1136	49.72					1149	50.28		2285
																						Elected			
																									
PROVISIONAL																									
	FIRST			21	6.38		6	1.82		14	4.26		20	6.08		72	21.88		9	2.74		187	56.84		329
	SECOND			1	16.67			Excluded		2	33.33		1	16.67		0	0.00		1	16.67		1	16.67		6
		TOTAL		22	6.69					16	4.86		21	6.38		72	21.88		10	3.04		188	57.14		329
	THIRD			3	30.00					1	10.00		1	10.00		3	30.00			Excluded		2	20.00		10
		TOTAL		25	7.60					17	5.17		22	6.69		75	22.80					190	57.75		329
	FOURTH			5	22.73					11	50.00			Excluded		1	4.55					5	22.73		22
		TOTAL		30	9.12					28	8.51					76	23.10					195	59.27		329
	FIFTH			8	28.57						Excluded					7	25.00					13	46.43		28
		TOTAL		38	11.55											83	25.23					208	63.22		329
	SIXTH				Excluded											29	76.32					9	23.68		38
		TOTAL														112	34.04					217	65.96		329
																						Elected			
																									
																									
																									
																									
																									
																									
																									
																									
																									
																									
																									
																									
																									
																									
																									
																									
																									
																									
																									
																									
																									
																									
																									
																									
																									
																									
																									
																									
																									
																									
																									
																									
																									
																									
																									
																									
																									
																									
																									
																									
																									
																									
																									
																									
																									
																									
																									
																									
																									
																									
																									
																									
																									
																									
																									
																									
																									
																									
																									
																									
																									
																									
																									
																									
																									
																									
																									
																									
																									
																									
																									
																									
																									
																									
																									
																									
																									
																									
																									
																									
																									
																									
																									
																									
																									
																									
																									
																									
																									
																									
																									
																									
																									
																									
																									
																									
																									
																									
																									
																									
																									
																									
																									
																									
																									
																									
																									
																									
																									
																									
																									
																									
																									
																									
																									
																									
																									
																									
																									
																									
																									
																									
																									
																									
																									
																									
																									
																									
																									
																									
																									
																									
																									
																									
																									
																									
																									
																									
																									
																									
																									
																									
																									
																									
																									
																									
																									
																									
