Senate - 2001 Election: Western Australia																																																																
First Preference Votes by Group 																																																																
By Polling Place																																																																
O'Connor (83118)																																																																
			Group A Total			Group B Total			Group C Total			Group D Total			Group E Total			Group F Total			Group G Total			Group H Total			Group I Total			Group J Total			Group K Total			Group L Total			Group M Total			Group N Total			Group O Total			Group P Total			Group Q Total			Ungrouped Total 			FORMAL 			INFORMAL 			TOTAL 	
			Unendorsed			Unendorsed			TPS			CTA			CEC			LP			NP			UNI			HAN			LFF			Unendorsed			CLA			Unendorsed			PLP			DEM			ALP			GWA			Independent										
	Polling Places		Vote	%		Vote	%		Vote	%		Vote	%		Vote	%		Vote	%		Vote	%		Vote	%		Vote	%		Vote	%		Vote	%		Vote	%		Vote	%		Vote	%		Vote	%		Vote	%		Vote	%		Vote	%		Vote	%		Vote	%		Vote	%
	Albany		7	0.62		0	0.00		0	0.00		42	3.69		3	0.26		417	36.68		37	3.25		0	0.00		131	11.52		20	1.76		0	0.00		5	0.44		0	0.00		9	0.79		64	5.63		278	24.45		123	10.82		1	0.09		1137	96.44		42	3.56		1179	1.48
	Albany Central		4	0.32		2	0.16		2	0.16		30	2.41		1	0.08		482	38.65		53	4.25		1	0.08		146	11.71		25	2.00		0	0.00		3	0.24		0	0.00		7	0.56		57	4.57		282	22.61		150	12.03		2	0.16		1247	96.44		46	3.56		1293	1.63
	Albany Regional Hospital		3	0.65		0	0.00		1	0.22		24	5.23		0	0.00		162	35.29		20	4.36		0	0.00		66	14.38		1	0.22		0	0.00		0	0.00		0	0.00		8	1.74		27	5.88		116	25.27		31	6.75		0	0.00		459	96.43		17	3.57		476	0.60
	Ardath		1	1.79		0	0.00		0	0.00		0	0.00		0	0.00		28	50.00		16	28.57		0	0.00		9	16.07		0	0.00		0	0.00		0	0.00		0	0.00		0	0.00		0	0.00		2	3.57		0	0.00		0	0.00		56	100.00		0	0.00		56	0.07
	Arthur River		1	0.72		0	0.00		0	0.00		2	1.44		0	0.00		70	50.36		33	23.74		0	0.00		13	9.35		4	2.88		0	0.00		0	0.00		0	0.00		0	0.00		1	0.72		12	8.63		2	1.44		1	0.72		139	95.86		6	4.14		145	0.18
	Badgebup		0	0.00		0	0.00		0	0.00		2	3.39		0	0.00		26	44.07		16	27.12		0	0.00		13	22.03		0	0.00		0	0.00		0	0.00		0	0.00		0	0.00		0	0.00		2	3.39		0	0.00		0	0.00		59	98.33		1	1.67		60	0.08
	Badgingarra		2	1.12		0	0.00		0	0.00		2	1.12		3	1.68		110	61.45		29	16.20		0	0.00		14	7.82		2	1.12		0	0.00		0	0.00		0	0.00		1	0.56		1	0.56		10	5.59		5	2.79		0	0.00		179	98.90		2	1.10		181	0.23
	Ballidu		2	1.30		0	0.00		0	0.00		1	0.65		0	0.00		98	63.64		25	16.23		0	0.00		16	10.39		0	0.00		0	0.00		0	0.00		0	0.00		0	0.00		0	0.00		9	5.84		3	1.95		0	0.00		154	95.65		7	4.35		161	0.20
	Bayonet Head		8	0.79		0	0.00		0	0.00		33	3.27		0	0.00		433	42.96		90	8.93		0	0.00		116	11.51		11	1.09		1	0.10		1	0.10		0	0.00		4	0.40		32	3.17		239	23.71		40	3.97		0	0.00		1008	97.58		25	2.42		1033	1.30
	Beachlands		4	0.52		0	0.00		0	0.00		8	1.03		3	0.39		307	39.56		12	1.55		0	0.00		85	10.95		10	1.29		1	0.13		6	0.77		0	0.00		5	0.64		18	2.32		276	35.57		41	5.28		0	0.00		776	97.00		24	3.00		800	1.01
	Beacon		1	0.65		0	0.00		0	0.00		2	1.31		0	0.00		82	53.59		36	23.53		0	0.00		16	10.46		3	1.96		0	0.00		0	0.00		0	0.00		0	0.00		2	1.31		8	5.23		3	1.96		0	0.00		153	99.35		1	0.65		154	0.19
	Bencubbin		0	0.00		0	0.00		1	0.59		0	0.00		0	0.00		84	49.41		34	20.00		0	0.00		24	14.12		4	2.35		0	0.00		0	0.00		0	0.00		0	0.00		4	2.35		15	8.82		4	2.35		0	0.00		170	97.70		4	2.30		174	0.22
	Bindi Bindi		0	0.00		0	0.00		0	0.00		0	0.00		0	0.00		38	69.09		4	7.27		0	0.00		6	10.91		3	5.45		0	0.00		0	0.00		0	0.00		0	0.00		2	3.64		2	3.64		0	0.00		0	0.00		55	96.49		2	3.51		57	0.07
	Bluff Point		10	0.51		0	0.00		3	0.15		21	1.08		3	0.15		956	48.95		48	2.46		1	0.05		276	14.13		22	1.13		1	0.05		4	0.20		0	0.00		5	0.26		61	3.12		466	23.86		75	3.84		1	0.05		1953	94.85		106	5.15		2059	2.59
	Bolgart		0	0.00		0	0.00		0	0.00		0	0.00		0	0.00		69	58.47		6	5.08		0	0.00		22	18.64		3	2.54		0	0.00		0	0.00		1	0.85		0	0.00		0	0.00		11	9.32		6	5.08		0	0.00		118	93.65		8	6.35		126	0.16
	Borden		0	0.00		0	0.00		0	0.00		2	1.53		0	0.00		58	44.27		27	20.61		0	0.00		18	13.74		0	0.00		0	0.00		0	0.00		0	0.00		0	0.00		13	9.92		9	6.87		4	3.05		0	0.00		131	97.04		4	2.96		135	0.17
	Bornholm		3	0.81		0	0.00		0	0.00		5	1.34		2	0.54		145	38.98		37	9.95		0	0.00		47	12.63		6	1.61		0	0.00		0	0.00		0	0.00		1	0.27		12	3.23		44	11.83		70	18.82		0	0.00		372	97.64		9	2.36		381	0.48
	Boscabel		0	0.00		0	0.00		0	0.00		4	6.35		2	3.17		28	44.44		15	23.81		0	0.00		9	14.29		0	0.00		0	0.00		1	1.59		0	0.00		0	0.00		0	0.00		3	4.76		1	1.59		0	0.00		63	92.65		5	7.35		68	0.09
	Boxwood Hill		0	0.00		0	0.00		0	0.00		1	1.47		0	0.00		32	47.06		11	16.18		0	0.00		15	22.06		0	0.00		0	0.00		0	0.00		0	0.00		0	0.00		2	2.94		4	5.88		3	4.41		0	0.00		68	98.55		1	1.45		69	0.09
	Boyup Brook		6	1.06		0	0.00		0	0.00		11	1.95		0	0.00		272	48.14		51	9.03		0	0.00		83	14.69		5	0.88		0	0.00		3	0.53		0	0.00		5	0.88		17	3.01		85	15.04		27	4.78		0	0.00		565	93.39		40	6.61		605	0.76
	Bremer Bay		3	1.26		0	0.00		0	0.00		4	1.67		0	0.00		108	45.19		36	15.06		0	0.00		40	16.74		1	0.42		0	0.00		0	0.00		0	0.00		0	0.00		2	0.84		37	15.48		8	3.35		0	0.00		239	96.76		8	3.24		247	0.31
	Broomehill		0	0.00		0	0.00		0	0.00		4	1.80		1	0.45		94	42.34		35	15.77		0	0.00		36	16.22		0	0.00		2	0.90		0	0.00		0	0.00		2	0.90		12	5.41		32	14.41		4	1.80		0	0.00		222	97.80		5	2.20		227	0.29
	Bruce Rock		2	0.47		1	0.24		1	0.24		7	1.65		0	0.00		166	39.06		125	29.41		0	0.00		36	8.47		5	1.18		0	0.00		1	0.24		0	0.00		3	0.71		8	1.88		64	15.06		6	1.41		0	0.00		425	94.44		25	5.56		450	0.57
	Bullaring		0	0.00		0	0.00		0	0.00		2	3.45		1	1.72		27	46.55		22	37.93		0	0.00		2	3.45		0	0.00		0	0.00		0	0.00		0	0.00		1	1.72		0	0.00		2	3.45		1	1.72		0	0.00		58	95.08		3	4.92		61	0.08
	Bulyee		0	0.00		0	0.00		0	0.00		0	0.00		0	0.00		18	47.37		17	44.74		0	0.00		2	5.26		1	2.63		0	0.00		0	0.00		0	0.00		0	0.00		0	0.00		0	0.00		0	0.00		0	0.00		38	95.00		2	5.00		40	0.05
	Buntine		0	0.00		1	1.33		0	0.00		2	2.67		0	0.00		43	57.33		17	22.67		0	0.00		7	9.33		0	0.00		0	0.00		0	0.00		0	0.00		0	0.00		1	1.33		4	5.33		0	0.00		0	0.00		75	98.68		1	1.32		76	0.10
	Cadoux		1	0.88		0	0.00		0	0.00		0	0.00		0	0.00		62	54.87		29	25.66		0	0.00		14	12.39		0	0.00		0	0.00		0	0.00		0	0.00		0	0.00		1	0.88		4	3.54		2	1.77		0	0.00		113	97.41		3	2.59		116	0.15
	Calingiri		0	0.00		0	0.00		0	0.00		0	0.00		0	0.00		86	51.81		32	19.28		0	0.00		29	17.47		2	1.20		0	0.00		0	0.00		0	0.00		0	0.00		3	1.81		12	7.23		2	1.20		0	0.00		166	93.79		11	6.21		177	0.22
	Cape Burney		0	0.00		0	0.00		0	0.00		0	0.00		0	0.00		93	40.79		6	2.63		0	0.00		43	18.86		9	3.95		0	0.00		0	0.00		0	0.00		2	0.88		6	2.63		59	25.88		9	3.95		1	0.44		228	97.85		5	2.15		233	0.29
	Carnamah		3	1.06		0	0.00		0	0.00		0	0.00		0	0.00		162	57.04		29	10.21		0	0.00		57	20.07		2	0.70		0	0.00		1	0.35		0	0.00		1	0.35		3	1.06		22	7.75		4	1.41		0	0.00		284	96.27		11	3.73		295	0.37
	Centennial Park		7	0.41		0	0.00		0	0.00		77	4.46		5	0.29		815	47.25		93	5.39		1	0.06		228	13.22		16	0.93		1	0.06		0	0.00		1	0.06		9	0.52		61	3.54		328	19.01		81	4.70		2	0.12		1725	95.83		75	4.17		1800	2.26
	Cervantes		1	0.33		0	0.00		0	0.00		0	0.00		0	0.00		146	48.83		14	4.68		0	0.00		47	15.72		1	0.33		0	0.00		3	1.00		0	0.00		1	0.33		3	1.00		76	25.42		7	2.34		0	0.00		299	95.53		14	4.47		313	0.39
	Coomberdale		3	5.66		0	0.00		0	0.00		0	0.00		0	0.00		26	49.06		12	22.64		0	0.00		7	13.21		0	0.00		0	0.00		0	0.00		0	0.00		0	0.00		1	1.89		4	7.55		0	0.00		0	0.00		53	98.15		1	1.85		54	0.07
	Coorow		3	1.30		0	0.00		0	0.00		1	0.43		0	0.00		129	56.09		28	12.17		0	0.00		47	20.43		1	0.43		1	0.43		0	0.00		0	0.00		0	0.00		1	0.43		12	5.22		7	3.04		0	0.00		230	97.05		7	2.95		237	0.30
	Corrigin		4	0.67		0	0.00		0	0.00		2	0.33		0	0.00		233	38.96		193	32.27		0	0.00		67	11.20		4	0.67		0	0.00		3	0.50		0	0.00		2	0.33		10	1.67		70	11.71		10	1.67		0	0.00		598	96.45		22	3.55		620	0.78
	Cranbrook		7	1.99		0	0.00		0	0.00		19	5.41		0	0.00		125	35.61		36	10.26		0	0.00		78	22.22		6	1.71		0	0.00		0	0.00		1	0.28		1	0.28		7	1.99		60	17.09		11	3.13		0	0.00		351	95.12		18	4.88		369	0.46
	Cunderdin		3	0.60		0	0.00		0	0.00		5	0.99		0	0.00		267	53.08		62	12.33		0	0.00		47	9.34		5	0.99		1	0.20		2	0.40		0	0.00		4	0.80		13	2.58		89	17.69		5	0.99		0	0.00		503	96.36		19	3.64		522	0.66
	Dalwallinu		1	0.29		1	0.29		0	0.00		4	1.17		1	0.29		171	49.85		42	12.24		0	0.00		66	19.24		3	0.87		0	0.00		1	0.29		0	0.00		0	0.00		6	1.75		38	11.08		9	2.62		0	0.00		343	98.00		7	2.00		350	0.44
	Dandaragan		1	0.39		0	0.00		0	0.00		0	0.00		0	0.00		154	59.92		29	11.28		0	0.00		21	8.17		0	0.00		0	0.00		0	0.00		0	0.00		1	0.39		4	1.56		37	14.40		10	3.89		0	0.00		257	98.85		3	1.15		260	0.33
	Darkan		3	1.17		0	0.00		0	0.00		3	1.17		0	0.00		144	56.03		55	21.40		0	0.00		21	8.17		2	0.78		0	0.00		1	0.39		0	0.00		1	0.39		9	3.50		14	5.45		4	1.56		0	0.00		257	91.46		24	8.54		281	0.35
	Denmark		2	0.12		2	0.12		2	0.12		23	1.36		1	0.06		586	34.67		62	3.67		1	0.06		158	9.35		52	3.08		0	0.00		0	0.00		0	0.00		6	0.36		78	4.62		393	23.25		323	19.11		1	0.06		1690	96.41		63	3.59		1753	2.20
	Dinninup		1	0.84		0	0.00		0	0.00		2	1.68		0	0.00		59	49.58		16	13.45		0	0.00		15	12.61		0	0.00		0	0.00		0	0.00		0	0.00		1	0.84		2	1.68		18	15.13		5	4.20		0	0.00		119	95.97		5	4.03		124	0.16
	Dongara		9	0.59		2	0.13		1	0.07		12	0.79		1	0.07		784	51.55		80	5.26		0	0.00		234	15.38		13	0.85		0	0.00		1	0.07		0	0.00		5	0.33		41	2.70		302	19.86		36	2.37		0	0.00		1521	95.60		70	4.40		1591	2.00
	Doodlakine		0	0.00		0	0.00		0	0.00		0	0.00		0	0.00		35	42.17		23	27.71		0	0.00		10	12.05		0	0.00		0	0.00		0	0.00		0	0.00		0	0.00		2	2.41		13	15.66		0	0.00		0	0.00		83	95.40		4	4.60		87	0.11
	Dowerin		8	1.86		0	0.00		0	0.00		4	0.93		0	0.00		192	44.65		101	23.49		0	0.00		52	12.09		1	0.23		0	0.00		0	0.00		0	0.00		3	0.70		9	2.09		51	11.86		9	2.09		0	0.00		430	94.09		27	5.91		457	0.57
	Dudinin		0	0.00		0	0.00		0	0.00		0	0.00		0	0.00		38	50.00		23	30.26		0	0.00		13	17.11		0	0.00		0	0.00		0	0.00		0	0.00		0	0.00		0	0.00		2	2.63		0	0.00		0	0.00		76	91.57		7	8.43		83	0.10
	Dumbleyung		2	0.84		0	0.00		0	0.00		0	0.00		2	0.84		90	37.66		72	30.13		0	0.00		33	13.81		0	0.00		0	0.00		1	0.42		0	0.00		0	0.00		5	2.09		29	12.13		5	2.09		0	0.00		239	95.22		12	4.78		251	0.32
	Duranillin		1	0.64		0	0.00		0	0.00		3	1.91		2	1.27		76	48.41		22	14.01		1	0.64		32	20.38		2	1.27		0	0.00		0	0.00		0	0.00		1	0.64		1	0.64		10	6.37		5	3.18		1	0.64		157	96.32		6	3.68		163	0.20
	Elleker		1	0.25		0	0.00		0	0.00		22	5.60		0	0.00		102	25.95		20	5.09		0	0.00		77	19.59		5	1.27		0	0.00		2	0.51		0	0.00		0	0.00		19	4.83		103	26.21		42	10.69		0	0.00		393	98.00		8	2.00		401	0.50
	Emu Point		6	1.56		0	0.00		0	0.00		7	1.82		3	0.78		179	46.49		8	2.08		0	0.00		72	18.70		11	2.86		0	0.00		0	0.00		0	0.00		2	0.52		10	2.60		58	15.06		29	7.53		0	0.00		385	96.98		12	3.02		397	0.50
	Eneabba		0	0.00		0	0.00		0	0.00		1	0.53		0	0.00		88	46.32		16	8.42		0	0.00		39	20.53		1	0.53		0	0.00		0	0.00		0	0.00		0	0.00		6	3.16		35	18.42		4	2.11		0	0.00		190	97.44		5	2.56		195	0.25
	Fitzgerald		0	0.00		0	0.00		0	0.00		0	0.00		0	0.00		24	60.00		6	15.00		0	0.00		8	20.00		0	0.00		0	0.00		0	0.00		0	0.00		0	0.00		0	0.00		2	5.00		0	0.00		0	0.00		40	95.24		2	4.76		42	0.05
	Forest Hill		0	0.00		0	0.00		0	0.00		1	0.95		0	0.00		59	56.19		11	10.48		0	0.00		19	18.10		1	0.95		0	0.00		0	0.00		0	0.00		1	0.95		3	2.86		9	8.57		1	0.95		0	0.00		105	96.33		4	3.67		109	0.14
	Frankland		2	0.98		0	0.00		0	0.00		6	2.93		1	0.49		110	53.66		28	13.66		0	0.00		30	14.63		2	0.98		1	0.49		0	0.00		0	0.00		0	0.00		4	1.95		13	6.34		8	3.90		0	0.00		205	97.62		5	2.38		210	0.26
	Gairdner River		0	0.00		0	0.00		0	0.00		3	4.62		0	0.00		36	55.38		15	23.08		0	0.00		7	10.77		0	0.00		0	0.00		0	0.00		0	0.00		0	0.00		1	1.54		0	0.00		3	4.62		0	0.00		65	97.01		2	2.99		67	0.08
	Geraldton		8	0.42		1	0.05		1	0.05		30	1.58		2	0.11		965	50.87		64	3.37		2	0.11		212	11.18		34	1.79		2	0.11		1	0.05		0	0.00		9	0.47		70	3.69		411	21.67		84	4.43		1	0.05		1897	96.69		65	3.31		1962	2.47
	Geraldton Central		5	0.46		0	0.00		0	0.00		28	2.59		0	0.00		461	42.72		23	2.13		1	0.09		142	13.16		15	1.39		1	0.09		2	0.19		0	0.00		9	0.83		53	4.91		279	25.86		59	5.47		1	0.09		1079	95.23		54	4.77		1133	1.42
	Geraldton Regional Hospital		2	1.04		0	0.00		0	0.00		5	2.60		0	0.00		86	44.79		2	1.04		0	0.00		26	13.54		3	1.56		0	0.00		1	0.52		0	0.00		2	1.04		6	3.13		52	27.08		7	3.65		0	0.00		192	91.87		17	8.13		209	0.26
	Geraldton St John of God Hospital		6	1.25		0	0.00		2	0.42		7	1.46		2	0.42		262	54.47		9	1.87		0	0.00		63	13.10		5	1.04		0	0.00		1	0.21		0	0.00		1	0.21		12	2.49		102	21.21		9	1.87		0	0.00		481	96.59		17	3.41		498	0.63
	Gnowangerup		2	0.48		0	0.00		0	0.00		25	6.02		0	0.00		172	41.45		59	14.22		0	0.00		47	11.33		2	0.48		0	0.00		1	0.24		0	0.00		7	1.69		7	1.69		83	20.00		10	2.41		0	0.00		415	95.40		20	4.60		435	0.55
	Goomalling		3	0.74		0	0.00		1	0.25		2	0.50		0	0.00		183	45.30		60	14.85		0	0.00		62	15.35		2	0.50		1	0.25		3	0.74		0	0.00		2	0.50		11	2.72		69	17.08		5	1.24		0	0.00		404	91.61		37	8.39		441	0.55
	Hopetoun		1	0.36		0	0.00		0	0.00		6	2.19		5	1.82		140	51.09		25	9.12		0	0.00		38	13.87		5	1.82		0	0.00		2	0.73		0	0.00		1	0.36		3	1.09		40	14.60		8	2.92		0	0.00		274	93.52		19	6.48		293	0.37
	Hyden		2	0.76		0	0.00		1	0.38		1	0.38		2	0.76		114	43.18		83	31.44		0	0.00		39	14.77		1	0.38		0	0.00		1	0.38		0	0.00		0	0.00		2	0.76		16	6.06		2	0.76		0	0.00		264	98.51		4	1.49		268	0.34
	Jennacubbine		1	1.32		0	0.00		0	0.00		2	2.63		0	0.00		37	48.68		14	18.42		0	0.00		11	14.47		0	0.00		0	0.00		0	0.00		0	0.00		0	0.00		1	1.32		7	9.21		3	3.95		0	0.00		76	98.70		1	1.30		77	0.10
	Jerdacuttup		0	0.00		0	0.00		0	0.00		0	0.00		1	1.56		38	59.38		5	7.81		0	0.00		11	17.19		0	0.00		0	0.00		0	0.00		0	0.00		0	0.00		1	1.56		6	9.38		2	3.13		0	0.00		64	98.46		1	1.54		65	0.08
	Jerramungup		3	1.12		0	0.00		1	0.37		8	2.97		0	0.00		164	60.97		38	14.13		0	0.00		25	9.29		1	0.37		0	0.00		1	0.37		0	0.00		0	0.00		4	1.49		19	7.06		5	1.86		0	0.00		269	97.82		6	2.18		275	0.35
	Jingalup		0	0.00		0	0.00		0	0.00		1	1.16		3	3.49		37	43.02		28	32.56		0	0.00		9	10.47		2	2.33		0	0.00		0	0.00		0	0.00		0	0.00		1	1.16		4	4.65		1	1.16		0	0.00		86	100.00		0	0.00		86	0.11
	Jurien		3	0.42		0	0.00		0	0.00		0	0.00		0	0.00		420	58.58		40	5.58		1	0.14		100	13.95		12	1.67		1	0.14		0	0.00		0	0.00		2	0.28		15	2.09		104	14.50		19	2.65		0	0.00		717	93.00		54	7.00		771	0.97
	Kalannie		1	0.63		0	0.00		0	0.00		1	0.63		0	0.00		90	56.96		24	15.19		0	0.00		25	15.82		0	0.00		0	0.00		0	0.00		0	0.00		0	0.00		4	2.53		11	6.96		1	0.63		1	0.63		158	95.76		7	4.24		165	0.21
	Karlgarin		2	2.56		0	0.00		0	0.00		0	0.00		1	1.28		34	43.59		29	37.18		0	0.00		7	8.97		0	0.00		0	0.00		0	0.00		0	0.00		0	0.00		0	0.00		3	3.85		2	2.56		0	0.00		78	92.86		6	7.14		84	0.11
	Katanning		18	1.05		3	0.18		2	0.12		15	0.88		11	0.64		647	37.90		162	9.49		3	0.18		246	14.41		18	1.05		3	0.18		15	0.88		0	0.00		20	1.17		35	2.05		462	27.07		45	2.64		2	0.12		1707	95.36		83	4.64		1790	2.25
	Katanning District Hospital		2	0.87		0	0.00		0	0.00		7	3.04		0	0.00		92	40.00		14	6.09		1	0.43		18	7.83		6	2.61		1	0.43		1	0.43		0	0.00		4	1.74		4	1.74		77	33.48		3	1.30		0	0.00		230	93.88		15	6.12		245	0.31
	Kellerberrin		5	0.90		1	0.18		2	0.36		3	0.54		0	0.00		253	45.67		77	13.90		0	0.00		69	12.45		3	0.54		0	0.00		0	0.00		0	0.00		9	1.62		7	1.26		114	20.58		10	1.81		1	0.18		554	93.11		41	6.89		595	0.75
	Kendenup		1	0.26		0	0.00		0	0.00		10	2.62		2	0.52		138	36.13		41	10.73		0	0.00		65	17.02		8	2.09		0	0.00		1	0.26		0	0.00		2	0.52		15	3.93		64	16.75		35	9.16		0	0.00		382	95.26		19	4.74		401	0.50
	King River		2	0.59		0	0.00		0	0.00		11	3.25		0	0.00		153	45.27		18	5.33		1	0.30		51	15.09		1	0.30		0	0.00		0	0.00		0	0.00		0	0.00		12	3.55		60	17.75		28	8.28		1	0.30		338	96.02		14	3.98		352	0.44
	Kojonup		4	0.50		0	0.00		0	0.00		19	2.35		9	1.12		405	50.19		130	16.11		0	0.00		94	11.65		8	0.99		0	0.00		5	0.62		0	0.00		5	0.62		14	1.73		96	11.90		17	2.11		1	0.12		807	94.06		51	5.94		858	1.08
	Kondinin		0	0.00		0	0.00		0	0.00		3	1.47		0	0.00		76	37.25		62	30.39		0	0.00		18	8.82		2	0.98		0	0.00		0	0.00		0	0.00		1	0.49		7	3.43		32	15.69		3	1.47		0	0.00		204	98.08		4	1.92		208	0.26
	Koorda		3	0.97		0	0.00		0	0.00		4	1.30		0	0.00		137	44.48		59	19.16		0	0.00		66	21.43		1	0.32		0	0.00		1	0.32		0	0.00		1	0.32		2	0.65		31	10.06		3	0.97		0	0.00		308	97.47		8	2.53		316	0.40
	Kukerin		0	0.00		0	0.00		0	0.00		1	0.80		1	0.80		34	27.20		55	44.00		0	0.00		20	16.00		2	1.60		0	0.00		0	0.00		0	0.00		0	0.00		1	0.80		11	8.80		0	0.00		0	0.00		125	98.43		2	1.57		127	0.16
	Kulin		1	0.32		0	0.00		0	0.00		1	0.32		0	0.00		132	42.58		97	31.29		0	0.00		29	9.35		3	0.97		1	0.32		0	0.00		0	0.00		2	0.65		5	1.61		34	10.97		5	1.61		0	0.00		310	95.68		14	4.32		324	0.41
	Kununoppin		0	0.00		0	0.00		0	0.00		0	0.00		0	0.00		31	48.44		13	20.31		0	0.00		5	7.81		2	3.13		0	0.00		1	1.56		0	0.00		0	0.00		1	1.56		10	15.63		1	1.56		0	0.00		64	95.52		3	4.48		67	0.08
	Lake Grace		5	1.19		2	0.48		0	0.00		7	1.67		1	0.24		194	46.30		109	26.01		0	0.00		52	12.41		2	0.48		0	0.00		0	0.00		0	0.00		2	0.48		10	2.39		32	7.64		3	0.72		0	0.00		419	96.99		13	3.01		432	0.54
	Lake King		0	0.00		0	0.00		0	0.00		1	0.79		0	0.00		65	51.59		35	27.78		0	0.00		20	15.87		0	0.00		0	0.00		0	0.00		0	0.00		0	0.00		2	1.59		2	1.59		1	0.79		0	0.00		126	98.44		2	1.56		128	0.16
	Latham		0	0.00		0	0.00		0	0.00		0	0.00		0	0.00		36	56.25		6	9.38		0	0.00		18	28.13		0	0.00		0	0.00		0	0.00		0	0.00		0	0.00		0	0.00		4	6.25		0	0.00		0	0.00		64	96.97		2	3.03		66	0.08
	Leeman		4	0.96		0	0.00		0	0.00		2	0.48		0	0.00		210	50.60		17	4.10		0	0.00		73	17.59		5	1.20		0	0.00		0	0.00		0	0.00		4	0.96		11	2.65		77	18.55		12	2.89		0	0.00		415	96.29		16	3.71		431	0.54
	Little Grove		10	0.90		0	0.00		1	0.09		23	2.06		4	0.36		477	42.78		52	4.66		1	0.09		147	13.18		22	1.97		0	0.00		1	0.09		0	0.00		0	0.00		47	4.22		215	19.28		115	10.31		0	0.00		1115	97.21		32	2.79		1147	1.44
	Lockyer		21	0.84		0	0.00		0	0.00		128	5.14		9	0.36		841	33.78		73	2.93		2	0.08		390	15.66		34	1.37		0	0.00		10	0.40		1	0.04		27	1.08		68	2.73		752	30.20		133	5.34		1	0.04		2490	95.26		124	4.74		2614	3.29
	Lower Kalgan		0	0.00		1	0.38		0	0.00		11	4.18		0	0.00		108	41.06		27	10.27		0	0.00		45	17.11		9	3.42		0	0.00		0	0.00		0	0.00		0	0.00		5	1.90		29	11.03		28	10.65		0	0.00		263	99.62		1	0.38		264	0.33
	Lower King		4	0.53		0	0.00		0	0.00		14	1.84		2	0.26		310	40.74		28	3.68		0	0.00		161	21.16		10	1.31		0	0.00		1	0.13		0	0.00		5	0.66		24	3.15		131	17.21		70	9.20		1	0.13		761	97.94		16	2.06		777	0.98
	Manypeaks		1	0.51		0	0.00		0	0.00		2	1.02		1	0.51		113	57.36		20	10.15		0	0.00		28	14.21		0	0.00		0	0.00		0	0.00		0	0.00		1	0.51		3	1.52		21	10.66		7	3.55		0	0.00		197	98.99		2	1.01		199	0.25
	Mayanup		2	1.69		0	0.00		0	0.00		2	1.69		0	0.00		61	51.69		26	22.03		0	0.00		23	19.49		1	0.85		0	0.00		0	0.00		0	0.00		0	0.00		1	0.85		1	0.85		1	0.85		0	0.00		118	95.93		5	4.07		123	0.15
	Meckering		2	1.43		0	0.00		0	0.00		2	1.43		1	0.71		80	57.14		11	7.86		0	0.00		13	9.29		1	0.71		1	0.71		2	1.43		0	0.00		0	0.00		3	2.14		23	16.43		1	0.71		0	0.00		140	98.59		2	1.41		142	0.18
	Middleton Beach		8	0.71		1	0.09		1	0.09		23	2.04		2	0.18		556	49.29		84	7.45		0	0.00		100	8.87		20	1.77		1	0.09		2	0.18		0	0.00		4	0.35		47	4.17		190	16.84		89	7.89		0	0.00		1128	96.99		35	3.01		1163	1.46
	Miling		0	0.00		0	0.00		0	0.00		0	0.00		0	0.00		84	70.59		15	12.61		0	0.00		13	10.92		0	0.00		0	0.00		0	0.00		0	0.00		0	0.00		4	3.36		2	1.68		1	0.84		0	0.00		119	94.44		7	5.56		126	0.16
	Mingenew		2	0.64		0	0.00		0	0.00		5	1.59		2	0.64		165	52.55		31	9.87		0	0.00		44	14.01		2	0.64		0	0.00		0	0.00		0	0.00		1	0.32		5	1.59		48	15.29		9	2.87		0	0.00		314	93.45		22	6.55		336	0.42
	Mogumber		1	1.59		0	0.00		0	0.00		0	0.00		0	0.00		35	55.56		2	3.17		0	0.00		15	23.81		1	1.59		0	0.00		0	0.00		0	0.00		0	0.00		0	0.00		8	12.70		1	1.59		0	0.00		63	94.03		4	5.97		67	0.08
	Moonyoonooka		1	0.46		0	0.00		0	0.00		4	1.85		1	0.46		115	53.24		17	7.87		0	0.00		50	23.15		1	0.46		0	0.00		0	0.00		0	0.00		0	0.00		2	0.93		23	10.65		2	0.93		0	0.00		216	99.54		1	0.46		217	0.27
	Moora		8	0.86		0	0.00		0	0.00		7	0.76		0	0.00		473	51.14		65	7.03		1	0.11		122	13.19		4	0.43		0	0.00		2	0.22		0	0.00		12	1.30		23	2.49		196	21.19		11	1.19		1	0.11		925	94.29		56	5.71		981	1.23
	Morawa		3	0.72		0	0.00		0	0.00		3	0.72		2	0.48		242	58.17		21	5.05		0	0.00		58	13.94		1	0.24		0	0.00		1	0.24		0	0.00		2	0.48		15	3.61		60	14.42		8	1.92		0	0.00		416	96.97		13	3.03		429	0.54
	Mount Barker		12	0.86		1	0.07		1	0.07		35	2.52		4	0.29		563	40.53		141	10.15		0	0.00		200	14.40		21	1.51		0	0.00		3	0.22		0	0.00		4	0.29		53	3.82		281	20.23		68	4.90		2	0.14		1389	94.04		88	5.96		1477	1.86
	Mount Tarcoola		10	0.55		2	0.11		1	0.06		18	1.00		1	0.06		1008	55.88		39	2.16		2	0.11		198	10.98		26	1.44		0	0.00		2	0.11		0	0.00		11	0.61		60	3.33		368	20.40		58	3.22		0	0.00		1804	97.15		53	2.85		1857	2.34
	Mount Walker		0	0.00		0	0.00		0	0.00		0	0.00		0	0.00		17	32.08		20	37.74		0	0.00		10	18.87		1	1.89		0	0.00		0	0.00		0	0.00		0	0.00		0	0.00		5	9.43		0	0.00		0	0.00		53	89.83		6	10.17		59	0.07
	Mukinbudin		1	0.27		0	0.00		0	0.00		24	6.49		3	0.81		181	48.92		72	19.46		0	0.00		50	13.51		4	1.08		0	0.00		0	0.00		0	0.00		2	0.54		4	1.08		23	6.22		6	1.62		0	0.00		370	97.11		11	2.89		381	0.48
	Munglinup (O'Connor)		0	0.00		0	0.00		0	0.00		0	0.00		0	0.00		44	61.97		5	7.04		0	0.00		8	11.27		0	0.00		0	0.00		0	0.00		0	0.00		1	1.41		0	0.00		11	15.49		2	2.82		0	0.00		71	100.00		0	0.00		71	0.09
	Muradup		1	0.55		0	0.00		0	0.00		1	0.55		0	0.00		99	54.40		32	17.58		1	0.55		31	17.03		2	1.10		0	0.00		1	0.55		0	0.00		1	0.55		0	0.00		11	6.04		2	1.10		0	0.00		182	97.33		5	2.67		187	0.24
	Napier		2	1.29		0	0.00		0	0.00		4	2.58		0	0.00		69	44.52		26	16.77		0	0.00		15	9.68		3	1.94		0	0.00		0	0.00		0	0.00		0	0.00		5	3.23		24	15.48		7	4.52		0	0.00		155	96.88		5	3.13		160	0.20
	Narembeen		1	0.29		0	0.00		0	0.00		5	1.43		1	0.29		130	37.25		115	32.95		0	0.00		44	12.61		0	0.00		0	0.00		2	0.57		0	0.00		1	0.29		1	0.29		44	12.61		4	1.15		1	0.29		349	94.32		21	5.68		370	0.47
	Narrikup		4	1.75		0	0.00		0	0.00		14	6.11		0	0.00		98	42.79		37	16.16		0	0.00		35	15.28		5	2.18		0	0.00		0	0.00		0	0.00		0	0.00		10	4.37		17	7.42		9	3.93		0	0.00		229	97.45		6	2.55		235	0.30
	Newdegate		2	0.78		0	0.00		1	0.39		1	0.39		1	0.39		123	48.24		62	24.31		0	0.00		39	15.29		3	1.18		0	0.00		0	0.00		0	0.00		0	0.00		1	0.39		17	6.67		5	1.96		0	0.00		255	97.70		6	2.30		261	0.33
	New Norcia		1	0.85		0	0.00		1	0.85		1	0.85		0	0.00		74	63.25		6	5.13		0	0.00		12	10.26		3	2.56		0	0.00		1	0.85		0	0.00		0	0.00		4	3.42		12	10.26		2	1.71		0	0.00		117	97.50		3	2.50		120	0.15
	Nungarin		0	0.00		0	0.00		0	0.00		0	0.00		0	0.00		46	33.09		46	33.09		0	0.00		23	16.55		2	1.44		0	0.00		0	0.00		0	0.00		0	0.00		2	1.44		18	12.95		2	1.44		0	0.00		139	97.20		4	2.80		143	0.18
	Nyabing		1	0.63		0	0.00		0	0.00		1	0.63		0	0.00		85	53.13		28	17.50		0	0.00		30	18.75		0	0.00		0	0.00		1	0.63		0	0.00		0	0.00		2	1.25		9	5.63		3	1.88		0	0.00		160	97.56		4	2.44		164	0.21
	Ongerup		2	1.22		0	0.00		0	0.00		1	0.61		3	1.83		75	45.73		33	20.12		0	0.00		32	19.51		2	1.22		0	0.00		0	0.00		0	0.00		0	0.00		1	0.61		11	6.71		4	2.44		0	0.00		164	97.04		5	2.96		169	0.21
	Parryville		0	0.00		0	0.00		0	0.00		0	0.00		0	0.00		66	36.67		6	3.33		0	0.00		31	17.22		5	2.78		0	0.00		0	0.00		0	0.00		0	0.00		1	0.56		29	16.11		42	23.33		0	0.00		180	93.75		12	6.25		192	0.24
	Perenjori		0	0.00		1	0.54		0	0.00		0	0.00		0	0.00		95	51.08		17	9.14		0	0.00		39	20.97		5	2.69		0	0.00		1	0.54		0	0.00		0	0.00		5	2.69		21	11.29		2	1.08		0	0.00		186	96.88		6	3.13		192	0.24
	Perth (O'Connor)		1	1.39		0	0.00		0	0.00		0	0.00		0	0.00		34	47.22		5	6.94		0	0.00		6	8.33		0	0.00		0	0.00		0	0.00		0	0.00		0	0.00		4	5.56		16	22.22		6	8.33		0	0.00		72	97.30		2	2.70		74	0.09
	Pingaring		0	0.00		0	0.00		0	0.00		0	0.00		3	3.61		29	34.94		38	45.78		0	0.00		11	13.25		0	0.00		0	0.00		0	0.00		0	0.00		0	0.00		0	0.00		2	2.41		0	0.00		0	0.00		83	97.65		2	2.35		85	0.11
	Pingrup		0	0.00		0	0.00		0	0.00		1	0.87		0	0.00		57	49.57		23	20.00		0	0.00		21	18.26		0	0.00		0	0.00		1	0.87		0	0.00		1	0.87		1	0.87		10	8.70		0	0.00		0	0.00		115	99.14		1	0.86		116	0.15
	Pithara		1	1.20		0	0.00		0	0.00		1	1.20		0	0.00		39	46.99		17	20.48		0	0.00		16	19.28		1	1.20		0	0.00		0	0.00		0	0.00		2	2.41		0	0.00		5	6.02		1	1.20		0	0.00		83	98.81		1	1.19		84	0.11
	Porongurup		1	0.77		0	0.00		1	0.77		1	0.77		1	0.77		44	33.85		24	18.46		0	0.00		22	16.92		2	1.54		0	0.00		0	0.00		0	0.00		0	0.00		2	1.54		14	10.77		18	13.85		0	0.00		130	97.01		4	2.99		134	0.17
	Quairading		2	0.35		0	0.00		0	0.00		2	0.35		2	0.35		272	47.64		153	26.80		0	0.00		65	11.38		4	0.70		0	0.00		0	0.00		0	0.00		1	0.18		11	1.93		52	9.11		7	1.23		0	0.00		571	95.97		24	4.03		595	0.75
	Rangeway		16	0.80		0	0.00		1	0.05		24	1.20		5	0.25		734	36.65		40	2.00		1	0.05		318	15.88		19	0.95		1	0.05		8	0.40		0	0.00		18	0.90		61	3.05		707	35.30		50	2.50		0	0.00		2003	95.52		94	4.48		2097	2.64
	Ravensthorpe		2	0.57		0	0.00		0	0.00		4	1.15		1	0.29		168	48.14		41	11.75		0	0.00		56	16.05		6	1.72		0	0.00		0	0.00		0	0.00		1	0.29		11	3.15		52	14.90		6	1.72		1	0.29		349	98.03		7	1.97		356	0.45
	Redmond		1	0.76		0	0.00		0	0.00		13	9.85		0	0.00		55	41.67		11	8.33		0	0.00		20	15.15		4	3.03		0	0.00		1	0.76		0	0.00		1	0.76		3	2.27		20	15.15		3	2.27		0	0.00		132	97.78		3	2.22		135	0.17
	Rocky Gully		0	0.00		0	0.00		0	0.00		1	1.16		0	0.00		42	48.84		13	15.12		0	0.00		11	12.79		2	2.33		0	0.00		1	1.16		0	0.00		0	0.00		2	2.33		7	8.14		7	8.14		0	0.00		86	97.73		2	2.27		88	0.11
	Rottnest (O'Connor)		0	0.00		0	0.00		0	0.00		0	0.00		0	0.00		11	68.75		3	18.75		0	0.00		0	0.00		0	0.00		0	0.00		0	0.00		0	0.00		0	0.00		0	0.00		0	0.00		2	12.50		0	0.00		16	100.00		0	0.00		16	0.02
	Scotsdale		1	0.45		0	0.00		0	0.00		2	0.90		0	0.00		87	39.37		23	10.41		0	0.00		33	14.93		6	2.71		0	0.00		0	0.00		0	0.00		2	0.90		9	4.07		28	12.67		29	13.12		1	0.45		221	99.10		2	0.90		223	0.28
	Shackleton		2	2.38		0	0.00		0	0.00		0	0.00		0	0.00		32	38.10		26	30.95		0	0.00		13	15.48		0	0.00		0	0.00		0	0.00		0	0.00		0	0.00		1	1.19		7	8.33		3	3.57		0	0.00		84	95.45		4	4.55		88	0.11
	Spalding		5	0.59		0	0.00		0	0.00		11	1.30		0	0.00		332	39.10		16	1.88		1	0.12		142	16.73		5	0.59		1	0.12		1	0.12		0	0.00		11	1.30		19	2.24		293	34.51		12	1.41		0	0.00		849	95.07		44	4.93		893	1.12
	Spencer Park		27	1.42		1	0.05		0	0.00		75	3.95		6	0.32		733	38.60		69	3.63		1	0.05		208	10.95		26	1.37		1	0.05		8	0.42		0	0.00		16	0.84		67	3.53		573	30.17		85	4.48		3	0.16		1899	95.24		95	4.76		1994	2.51
	Tambellup		3	0.86		0	0.00		1	0.29		9	2.57		3	0.86		138	39.43		88	25.14		0	0.00		30	8.57		2	0.57		0	0.00		2	0.57		0	0.00		4	1.14		7	2.00		58	16.57		5	1.43		0	0.00		350	97.77		8	2.23		358	0.45
	Tammin		1	0.49		0	0.00		0	0.00		0	0.00		2	0.97		77	37.38		60	29.13		0	0.00		25	12.14		0	0.00		0	0.00		0	0.00		0	0.00		2	0.97		0	0.00		36	17.48		3	1.46		0	0.00		206	94.06		13	5.94		219	0.28
	Three Springs		0	0.00		0	0.00		0	0.00		5	1.35		1	0.27		205	55.26		28	7.55		1	0.27		69	18.60		6	1.62		0	0.00		2	0.54		0	0.00		3	0.81		7	1.89		35	9.43		9	2.43		0	0.00		371	96.11		15	3.89		386	0.49
	Tincurrin		1	1.47		0	0.00		0	0.00		0	0.00		1	1.47		20	29.41		36	52.94		0	0.00		5	7.35		0	0.00		0	0.00		0	0.00		0	0.00		0	0.00		4	5.88		1	1.47		0	0.00		0	0.00		68	97.14		2	2.86		70	0.09
	Tingledale		0	0.00		0	0.00		0	0.00		2	1.17		0	0.00		78	45.61		5	2.92		0	0.00		23	13.45		2	1.17		0	0.00		0	0.00		0	0.00		0	0.00		1	0.58		33	19.30		27	15.79		0	0.00		171	96.07		7	3.93		178	0.22
	Trayning		0	0.00		0	0.00		0	0.00		2	1.20		0	0.00		78	46.71		35	20.96		1	0.60		19	11.38		1	0.60		0	0.00		1	0.60		0	0.00		3	1.80		2	1.20		18	10.78		7	4.19		0	0.00		167	95.43		8	4.57		175	0.22
	Varley		1	1.49		0	0.00		0	0.00		0	0.00		0	0.00		40	59.70		18	26.87		0	0.00		7	10.45		0	0.00		0	0.00		0	0.00		0	0.00		0	0.00		0	0.00		1	1.49		0	0.00		0	0.00		67	98.53		1	1.47		68	0.09
	Waggrakine		9	0.61		1	0.07		1	0.07		20	1.36		1	0.07		667	45.22		37	2.51		0	0.00		254	17.22		14	0.95		1	0.07		3	0.20		0	0.00		6	0.41		38	2.58		362	24.54		61	4.14		0	0.00		1475	96.41		55	3.59		1530	1.92
	Wagin		9	0.95		1	0.11		0	0.00		10	1.05		2	0.21		433	45.48		148	15.55		1	0.11		140	14.71		13	1.37		0	0.00		7	0.74		0	0.00		9	0.95		15	1.58		143	15.02		18	1.89		3	0.32		952	94.92		51	5.08		1003	1.26
	Walkaway		2	0.60		0	0.00		0	0.00		3	0.90		0	0.00		163	48.66		16	4.78		0	0.00		80	23.88		2	0.60		0	0.00		0	0.00		0	0.00		3	0.90		2	0.60		52	15.52		12	3.58		0	0.00		335	96.82		11	3.18		346	0.44
	Watheroo		1	0.79		0	0.00		0	0.00		0	0.00		0	0.00		71	56.35		26	20.63		0	0.00		8	6.35		0	0.00		0	0.00		0	0.00		0	0.00		2	1.59		2	1.59		11	8.73		5	3.97		0	0.00		126	99.21		1	0.79		127	0.16
	Wellstead		0	0.00		0	0.00		0	0.00		0	0.00		1	0.83		42	34.71		27	22.31		0	0.00		33	27.27		1	0.83		0	0.00		0	0.00		0	0.00		0	0.00		3	2.48		13	10.74		1	0.83		0	0.00		121	98.37		2	1.63		123	0.15
	Wickepin		1	0.42		0	0.00		0	0.00		0	0.00		0	0.00		122	51.05		54	22.59		1	0.42		37	15.48		2	0.84		0	0.00		1	0.42		0	0.00		1	0.42		3	1.26		12	5.02		5	2.09		0	0.00		239	93.00		18	7.00		257	0.32
	Wongan Hills		3	0.47		0	0.00		3	0.47		3	0.47		0	0.00		390	60.94		56	8.75		0	0.00		78	12.19		4	0.63		0	0.00		2	0.31		0	0.00		2	0.31		12	1.88		76	11.88		11	1.72		0	0.00		640	96.24		25	3.76		665	0.84
	Wonthella		9	0.49		0	0.00		1	0.05		32	1.76		0	0.00		771	42.32		34	1.87		0	0.00		304	16.68		26	1.43		0	0.00		11	0.60		0	0.00		9	0.49		48	2.63		521	28.59		55	3.02		1	0.05		1822	96.35		69	3.65		1891	2.38
	Woodanilling		0	0.00		0	0.00		0	0.00		7	4.83		0	0.00		54	37.24		23	15.86		0	0.00		32	22.07		0	0.00		0	0.00		2	1.38		0	0.00		2	1.38		6	4.14		15	10.34		3	2.07		1	0.69		145	96.03		6	3.97		151	0.19
	Wubin		0	0.00		0	0.00		0	0.00		1	0.83		1	0.83		68	56.67		22	18.33		0	0.00		15	12.50		2	1.67		0	0.00		1	0.83		0	0.00		0	0.00		0	0.00		8	6.67		2	1.67		0	0.00		120	96.77		4	3.23		124	0.16
	Wyalkatchem		2	0.64		0	0.00		0	0.00		1	0.32		1	0.32		128	40.76		78	24.84		0	0.00		50	15.92		2	0.64		0	0.00		2	0.64		0	0.00		1	0.32		3	0.96		45	14.33		1	0.32		0	0.00		314	96.02		13	3.98		327	0.41
	Yakamia		18	1.08		0	0.00		0	0.00		62	3.73		9	0.54		680	40.96		52	3.13		1	0.06		234	14.10		10	0.60		1	0.06		6	0.36		0	0.00		9	0.54		58	3.49		421	25.36		98	5.90		1	0.06		1660	96.34		63	3.66		1723	2.17
	Yealering		0	0.00		0	0.00		0	0.00		0	0.00		0	0.00		50	52.08		13	13.54		0	0.00		17	17.71		1	1.04		0	0.00		0	0.00		0	0.00		0	0.00		1	1.04		11	11.46		3	3.13		0	0.00		96	96.00		4	4.00		100	0.13
	Yerecoin		1	0.93		0	0.00		0	0.00		1	0.93		0	0.00		62	57.41		14	12.96		0	0.00		19	17.59		1	0.93		0	0.00		2	1.85		0	0.00		0	0.00		2	1.85		6	5.56		0	0.00		0	0.00		108	99.08		1	0.92		109	0.14
	Yorkrakine		0	0.00		0	0.00		0	0.00		0	0.00		0	0.00		13	26.53		29	59.18		0	0.00		3	6.12		0	0.00		0	0.00		0	0.00		0	0.00		0	0.00		1	2.04		1	2.04		2	4.08		0	0.00		49	98.00		1	2.00		50	0.06
	Special Hospitals		2	0.93		0	0.00		0	0.00		5	2.31		0	0.00		114	52.78		13	6.02		0	0.00		4	1.85		2	0.93		0	0.00		0	0.00		0	0.00		1	0.46		7	3.24		67	31.02		1	0.46		0	0.00		216	96.43		8	3.57		224	0.28
	Prison Mobiles		0	0.00		0	0.00		0	0.00		0	0.00		0	0.00		0	0.00		0	0.00		0	0.00		0	0.00		0	0.00		0	0.00		0	0.00		0	0.00		0	0.00		0	0.00		1	100.00		0	0.00		0	0.00		1	100.00		0	0.00		1	0.00
	Total Ordinary		432	0.67		25	0.04		35	0.05		1231	1.92		152	0.24		28796	44.92		5984	9.33		29	0.05		8914	13.90		762	1.19		26	0.04		168	0.26		4	0.01		357	0.56		1770	2.76		12520	19.53		2871	4.48		35	0.05		64111	96.01		2667	3.99		66778	83.97
	ABSENT		26	0.32		8	0.10		6	0.07		109	1.36		15	0.19		3509	43.81		802	10.01		3	0.04		892	11.14		111	1.39		1	0.01		22	0.27		3	0.04		46	0.57		359	4.48		1562	19.50		532	6.64		4	0.05		8010	97.89		173	2.11		8183	10.29
	POSTAL		7	0.41		1	0.06		0	0.00		22	1.28		7	0.41		745	43.26		201	11.67		0	0.00		255	14.81		24	1.39		1	0.06		5	0.29		0	0.00		5	0.29		53	3.08		324	18.82		71	4.12		1	0.06		1722	98.74		22	1.26		1744	2.19
	PRE_POLL		10	0.47		1	0.05		0	0.00		31	1.47		3	0.14		959	45.47		115	5.45		0	0.00		284	13.47		29	1.38		0	0.00		2	0.09		0	0.00		6	0.28		86	4.08		411	19.49		171	8.11		1	0.05		2109	98.74		27	1.26		2136	2.69
	PROVISIONAL		3	0.45		1	0.15		1	0.15		5	0.75		1	0.15		230	34.48		22	3.30		0	0.00		113	16.94		9	1.35		0	0.00		1	0.15		0	0.00		4	0.60		18	2.70		207	31.03		51	7.65		1	0.15		667	97.23		19	2.77		686	0.86
	Division Summary		478	0.62		36	0.05		42	0.05		1398	1.82		178	0.23		34239	44.69		7124	9.3		32	0.04		10458	13.65		935	1.22		28	0.04		198	0.26		7	0.01		418	0.55		2286	2.98		15024	19.61		3696	4.82		42	0.05		76619	96.34		2908	3.66		79527	95.68
