Senate - 2001 Election: Western Australia																																																																
First Preference Votes by Group 																																																																
By Polling Place																																																																
Kalgoorlie (82534)																																																																
			Group A Total			Group B Total			Group C Total			Group D Total			Group E Total			Group F Total			Group G Total			Group H Total			Group I Total			Group J Total			Group K Total			Group L Total			Group M Total			Group N Total			Group O Total			Group P Total			Group Q Total			Ungrouped Total 			FORMAL 			INFORMAL 			TOTAL 	
			Unendorsed			Unendorsed			TPS			CTA			CEC			LP			NP			UNI			HAN			LFF			Unendorsed			CLA			Unendorsed			PLP			DEM			ALP			GWA			Independent										
	Polling Places		Vote	%		Vote	%		Vote	%		Vote	%		Vote	%		Vote	%		Vote	%		Vote	%		Vote	%		Vote	%		Vote	%		Vote	%		Vote	%		Vote	%		Vote	%		Vote	%		Vote	%		Vote	%		Vote	%		Vote	%		Vote	%
	Ajana		0	0.00		0	0.00		0	0.00		0	0.00		1	0.88		58	50.88		24	21.05		0	0.00		11	9.65		2	1.75		0	0.00		0	0.00		0	0.00		1	0.88		1	0.88		16	14.04		0	0.00		0	0.00		114	92.68		9	7.32		123	0.17
	Argyle		0	0.00		1	1.85		0	0.00		1	1.85		0	0.00		18	33.33		1	1.85		0	0.00		11	20.37		1	1.85		0	0.00		0	0.00		0	0.00		0	0.00		2	3.70		17	31.48		2	3.70		0	0.00		54	100.00		0	0.00		54	0.08
	Balgo		1	0.62		0	0.00		0	0.00		1	0.62		0	0.00		10	6.17		1	0.62		0	0.00		0	0.00		0	0.00		0	0.00		2	1.23		0	0.00		5	3.09		6	3.70		129	79.63		7	4.32		0	0.00		162	94.74		9	5.26		171	0.24
	Bodallin		0	0.00		0	0.00		0	0.00		1	1.56		0	0.00		25	39.06		13	20.31		0	0.00		12	18.75		0	0.00		1	1.56		0	0.00		0	0.00		1	1.56		2	3.13		8	12.50		1	1.56		0	0.00		64	96.97		2	3.03		66	0.09
	Boulder		7	0.28		1	0.04		5	0.20		28	1.10		4	0.16		845	33.20		30	1.18		3	0.12		438	17.21		17	0.67		3	0.12		6	0.24		0	0.00		31	1.22		101	3.97		960	37.72		66	2.59		0	0.00		2545	95.71		114	4.29		2659	3.70
	Broome		9	0.34		2	0.07		3	0.11		13	0.49		3	0.11		918	34.28		29	1.08		0	0.00		166	6.20		26	0.97		2	0.07		10	0.37		1	0.04		29	1.08		138	5.15		1071	39.99		258	9.63		0	0.00		2678	96.96		84	3.04		2762	3.84
	Broome West		6	0.43		0	0.00		0	0.00		6	0.43		1	0.07		570	40.86		18	1.29		0	0.00		98	7.03		4	0.29		2	0.14		1	0.07		0	0.00		12	0.86		62	4.44		486	34.84		129	9.25		0	0.00		1395	97.55		35	2.45		1430	1.99
	Bullfinch		0	0.00		0	0.00		0	0.00		1	2.27		0	0.00		19	43.18		1	2.27		0	0.00		13	29.55		0	0.00		0	0.00		1	2.27		0	0.00		0	0.00		2	4.55		6	13.64		1	2.27		0	0.00		44	95.65		2	4.35		46	0.06
	Burracoppin		0	0.00		0	0.00		0	0.00		0	0.00		0	0.00		41	57.75		14	19.72		0	0.00		9	12.68		0	0.00		0	0.00		0	0.00		0	0.00		1	1.41		2	2.82		4	5.63		0	0.00		0	0.00		71	98.61		1	1.39		72	0.10
	Carnarvon		9	0.63		0	0.00		4	0.28		11	0.77		5	0.35		550	38.38		54	3.77		2	0.14		178	12.42		10	0.70		1	0.07		7	0.49		0	0.00		13	0.91		36	2.51		502	35.03		49	3.42		2	0.14		1433	96.30		55	3.70		1488	2.07
	Carnarvon East		4	0.35		0	0.00		2	0.18		2	0.18		0	0.00		488	42.77		43	3.77		2	0.18		180	15.78		10	0.88		1	0.09		4	0.35		0	0.00		15	1.31		23	2.02		344	30.15		20	1.75		3	0.26		1141	94.77		63	5.23		1204	1.67
	Cascade		0	0.00		0	0.00		0	0.00		0	0.00		0	0.00		56	66.67		15	17.86		0	0.00		9	10.71		0	0.00		0	0.00		0	0.00		0	0.00		0	0.00		2	2.38		2	2.38		0	0.00		0	0.00		84	100.00		0	0.00		84	0.12
	Castletown		5	0.25		0	0.00		3	0.15		17	0.87		3	0.15		978	49.77		101	5.14		1	0.05		254	12.93		17	0.87		0	0.00		6	0.31		1	0.05		7	0.36		63	3.21		432	21.98		76	3.87		1	0.05		1965	96.18		78	3.82		2043	2.84
	Condingup		0	0.00		0	0.00		0	0.00		2	0.87		0	0.00		130	56.52		39	16.96		0	0.00		27	11.74		0	0.00		0	0.00		0	0.00		0	0.00		2	0.87		1	0.43		27	11.74		2	0.87		0	0.00		230	97.05		7	2.95		237	0.33
	Cooke Point		2	0.40		0	0.00		0	0.00		6	1.20		1	0.20		219	43.63		4	0.80		0	0.00		47	9.36		3	0.60		1	0.20		0	0.00		0	0.00		3	0.60		27	5.38		171	34.06		18	3.59		0	0.00		502	96.35		19	3.65		521	0.72
	Coolgardie		1	0.24		1	0.24		0	0.00		9	2.14		0	0.00		119	28.33		9	2.14		0	0.00		107	25.48		3	0.71		0	0.00		2	0.48		0	0.00		8	1.90		7	1.67		147	35.00		6	1.43		1	0.24		420	93.54		29	6.46		449	0.62
	Coral Bay		0	0.00		0	0.00		0	0.00		0	0.00		0	0.00		43	50.00		2	2.33		0	0.00		7	8.14		1	1.16		0	0.00		0	0.00		0	0.00		4	4.65		2	2.33		18	20.93		9	10.47		0	0.00		86	95.56		4	4.44		90	0.13
	Cue		0	0.00		0	0.00		1	0.62		0	0.00		0	0.00		57	35.40		3	1.86		0	0.00		30	18.63		4	2.48		0	0.00		1	0.62		0	0.00		0	0.00		5	3.11		57	35.40		3	1.86		0	0.00		161	99.38		1	0.62		162	0.23
	Dalyup		0	0.00		0	0.00		0	0.00		1	0.86		0	0.00		69	59.48		20	17.24		0	0.00		12	10.34		2	1.72		0	0.00		0	0.00		0	0.00		0	0.00		0	0.00		7	6.03		5	4.31		0	0.00		116	100.00		0	0.00		116	0.16
	Dampier		1	0.13		1	0.13		1	0.13		6	0.77		2	0.26		282	36.29		7	0.90		0	0.00		84	10.81		10	1.29		1	0.13		2	0.26		0	0.00		4	0.51		50	6.44		291	37.45		34	4.38		1	0.13		777	98.48		12	1.52		789	1.10
	Denham		2	0.57		0	0.00		0	0.00		5	1.43		1	0.29		183	52.29		6	1.71		0	0.00		41	11.71		5	1.43		0	0.00		2	0.57		0	0.00		3	0.86		4	1.14		86	24.57		12	3.43		0	0.00		350	97.22		10	2.78		360	0.50
	Derby		1	0.08		1	0.08		1	0.08		7	0.59		0	0.00		378	31.74		30	2.52		0	0.00		113	9.49		8	0.67		0	0.00		5	0.42		0	0.00		13	1.09		40	3.36		542	45.51		51	4.28		1	0.08		1191	96.36		45	3.64		1236	1.72
	Esperance		4	0.17		0	0.00		0	0.00		18	0.78		5	0.22		1101	47.48		150	6.47		1	0.04		247	10.65		35	1.51		0	0.00		7	0.30		0	0.00		14	0.60		89	3.84		513	22.12		133	5.74		2	0.09		2319	96.75		78	3.25		2397	3.33
	Exmouth		2	0.19		1	0.09		1	0.09		5	0.47		0	0.00		515	48.86		9	0.85		0	0.00		107	10.15		12	1.14		0	0.00		2	0.19		0	0.00		2	0.19		40	3.80		284	26.94		71	6.74		3	0.28		1054	97.14		31	2.86		1085	1.51
	Fitzroy Crossing		4	1.04		1	0.26		2	0.52		1	0.26		1	0.26		77	19.95		3	0.78		0	0.00		11	2.85		1	0.26		1	0.26		1	0.26		0	0.00		19	4.92		13	3.37		243	62.95		8	2.07		0	0.00		386	94.38		23	5.62		409	0.57
	Gascoyne Junction		0	0.00		0	0.00		0	0.00		1	1.96		0	0.00		25	49.02		2	3.92		0	0.00		10	19.61		1	1.96		0	0.00		0	0.00		0	0.00		2	3.92		0	0.00		8	15.69		2	3.92		0	0.00		51	98.08		1	1.92		52	0.07
	Gibson		0	0.00		0	0.00		0	0.00		2	1.13		0	0.00		89	50.28		23	12.99		0	0.00		22	12.43		3	1.69		0	0.00		1	0.56		0	0.00		3	1.69		1	0.56		33	18.64		0	0.00		0	0.00		177	95.68		8	4.32		185	0.26
	Grass Patch		0	0.00		0	0.00		0	0.00		0	0.00		0	0.00		55	55.00		19	19.00		0	0.00		17	17.00		1	1.00		0	0.00		0	0.00		0	0.00		1	1.00		1	1.00		5	5.00		1	1.00		0	0.00		100	93.46		7	6.54		107	0.15
	Halls Creek		2	0.42		0	0.00		0	0.00		5	1.04		1	0.21		97	20.25		6	1.25		1	0.21		35	7.31		2	0.42		0	0.00		8	1.67		0	0.00		16	3.34		12	2.51		277	57.83		17	3.55		0	0.00		479	95.42		23	4.58		502	0.70
	Horrocks		0	0.00		0	0.00		0	0.00		1	1.11		1	1.11		42	46.67		7	7.78		0	0.00		18	20.00		0	0.00		0	0.00		0	0.00		0	0.00		0	0.00		0	0.00		20	22.22		1	1.11		0	0.00		90	94.74		5	5.26		95	0.13
	Jigalong		0	0.00		0	0.00		0	0.00		1	1.15		2	2.30		21	24.14		4	4.60		1	1.15		2	2.30		0	0.00		0	0.00		0	0.00		0	0.00		5	5.75		1	1.15		48	55.17		2	2.30		0	0.00		87	96.67		3	3.33		90	0.13
	Kalbarri		1	0.15		0	0.00		1	0.15		3	0.45		1	0.15		348	52.02		21	3.14		1	0.15		83	12.41		5	0.75		0	0.00		4	0.60		0	0.00		1	0.15		13	1.94		163	24.36		24	3.59		0	0.00		669	96.68		23	3.32		692	0.96
	Kalgoorlie		7	0.26		2	0.07		2	0.07		21	0.78		2	0.07		1122	41.82		56	2.09		2	0.07		365	13.60		29	1.08		1	0.04		10	0.37		1	0.04		24	0.89		190	7.08		762	28.40		86	3.21		1	0.04		2683	95.34		131	4.66		2814	3.91
	Kalgoorlie East		0	0.00		0	0.00		0	0.00		1	0.53		0	0.00		39	20.63		2	1.06		0	0.00		14	7.41		0	0.00		0	0.00		1	0.53		0	0.00		6	3.17		2	1.06		117	61.90		7	3.70		0	0.00		189	98.44		3	1.56		192	0.27
	Kalgoorlie Eastern Goldfields		1	0.13		0	0.00		0	0.00		10	1.33		0	0.00		279	37.20		15	2.00		0	0.00		111	14.80		8	1.07		0	0.00		6	0.80		0	0.00		4	0.53		30	4.00		266	35.47		20	2.67		0	0.00		750	96.15		30	3.85		780	1.08
	Kalgoorlie Halfway		3	0.18		0	0.00		5	0.30		7	0.42		1	0.06		635	38.48		28	1.70		1	0.06		223	13.52		16	0.97		2	0.12		7	0.42		0	0.00		26	1.58		74	4.48		570	34.55		51	3.09		1	0.06		1650	96.38		62	3.62		1712	2.38
	Kalgoorlie Hannans		3	0.36		2	0.24		0	0.00		11	1.33		1	0.12		406	48.92		13	1.57		0	0.00		60	7.23		6	0.72		0	0.00		0	0.00		0	0.00		7	0.84		49	5.90		245	29.52		27	3.25		0	0.00		830	98.57		12	1.43		842	1.17
	Kalgoorlie North		4	0.26		1	0.06		3	0.19		6	0.39		1	0.06		674	43.43		27	1.74		2	0.13		187	12.05		15	0.97		0	0.00		5	0.32		0	0.00		11	0.71		101	6.51		469	30.22		46	2.96		0	0.00		1552	96.46		57	3.54		1609	2.24
	Kalgoorlie Regional Hospital		2	0.29		0	0.00		1	0.14		5	0.72		1	0.14		314	45.18		12	1.73		0	0.00		72	10.36		2	0.29		0	0.00		2	0.29		0	0.00		6	0.86		54	7.77		203	29.21		21	3.02		0	0.00		695	97.07		21	2.93		716	1.00
	Kalgoorlie Somerville		0	0.00		0	0.00		0	0.00		7	0.94		0	0.00		323	43.47		10	1.35		0	0.00		71	9.56		1	0.13		0	0.00		4	0.54		0	0.00		6	0.81		50	6.73		250	33.65		21	2.83		0	0.00		743	98.28		13	1.72		756	1.05
	Kalgoorlie Wallace Park		1	0.23		0	0.00		0	0.00		9	2.08		1	0.23		188	43.52		6	1.39		1	0.23		51	11.81		3	0.69		0	0.00		0	0.00		0	0.00		2	0.46		28	6.48		129	29.86		13	3.01		0	0.00		432	99.08		4	0.92		436	0.61
	Kambalda		3	0.83		1	0.28		0	0.00		1	0.28		0	0.00		103	28.61		3	0.83		0	0.00		65	18.06		0	0.00		1	0.28		5	1.39		0	0.00		5	1.39		15	4.17		151	41.94		7	1.94		0	0.00		360	97.83		8	2.17		368	0.51
	Kambalda West		1	0.13		0	0.00		1	0.13		4	0.50		0	0.00		262	32.96		10	1.26		1	0.13		135	16.98		3	0.38		0	0.00		1	0.13		0	0.00		10	1.26		31	3.90		307	38.62		28	3.52		1	0.13		795	96.83		26	3.17		821	1.14
	Karratha		4	0.28		1	0.07		0	0.00		13	0.90		1	0.07		557	38.60		14	0.97		0	0.00		163	11.30		13	0.90		0	0.00		3	0.21		0	0.00		8	0.55		71	4.92		537	37.21		58	4.02		0	0.00		1443	97.37		39	2.63		1482	2.06
	Karratha West		15	0.54		8	0.29		0	0.00		10	0.36		3	0.11		1248	44.89		38	1.37		0	0.00		221	7.95		26	0.94		2	0.07		5	0.18		0	0.00		18	0.65		144	5.18		902	32.45		139	5.00		1	0.04		2780	97.58		69	2.42		2849	3.96
	Kununurra		5	0.32		2	0.13		1	0.06		17	1.10		0	0.00		722	46.52		40	2.58		2	0.13		128	8.25		17	1.10		0	0.00		3	0.19		0	0.00		9	0.58		69	4.45		469	30.22		67	4.32		1	0.06		1552	98.29		27	1.71		1579	2.20
	Laverton		1	0.44		0	0.00		0	0.00		0	0.00		1	0.44		82	36.44		3	1.33		1	0.44		37	16.44		0	0.00		0	0.00		0	0.00		0	0.00		4	1.78		4	1.78		83	36.89		9	4.00		0	0.00		225	98.68		3	1.32		228	0.32
	Leinster		0	0.00		1	0.38		1	0.38		3	1.15		1	0.38		129	49.43		2	0.77		0	0.00		33	12.64		6	2.30		0	0.00		0	0.00		0	0.00		3	1.15		11	4.21		64	24.52		7	2.68		0	0.00		261	98.49		4	1.51		265	0.37
	Leonora		2	0.54		1	0.27		0	0.00		10	2.70		1	0.27		163	43.94		0	0.00		0	0.00		47	12.67		2	0.54		0	0.00		2	0.54		0	0.00		3	0.81		16	4.31		113	30.46		10	2.70		1	0.27		371	97.12		11	2.88		382	0.53
	Looma		2	1.30		0	0.00		0	0.00		1	0.65		1	0.65		60	38.96		3	1.95		0	0.00		0	0.00		0	0.00		1	0.65		2	1.30		0	0.00		7	4.55		1	0.65		71	46.10		5	3.25		0	0.00		154	95.06		8	4.94		162	0.23
	Marble Bar		0	0.00		0	0.00		0	0.00		1	0.76		0	0.00		37	28.03		4	3.03		0	0.00		6	4.55		0	0.00		0	0.00		0	0.00		0	0.00		1	0.76		1	0.76		80	60.61		2	1.52		0	0.00		132	97.78		3	2.22		135	0.19
	Marvel Loch		1	1.23		0	0.00		0	0.00		0	0.00		1	1.23		34	41.98		4	4.94		0	0.00		18	22.22		1	1.23		0	0.00		0	0.00		0	0.00		1	1.23		2	2.47		16	19.75		3	3.70		0	0.00		81	97.59		2	2.41		83	0.12
	Meekatharra		0	0.00		0	0.00		0	0.00		2	0.46		2	0.46		144	33.18		2	0.46		0	0.00		56	12.90		2	0.46		0	0.00		2	0.46		0	0.00		1	0.23		10	2.30		206	47.47		6	1.38		1	0.23		434	96.66		15	3.34		449	0.62
	Menzies		0	0.00		0	0.00		0	0.00		1	1.16		0	0.00		30	34.88		1	1.16		0	0.00		14	16.28		1	1.16		0	0.00		3	3.49		0	0.00		1	1.16		2	2.33		32	37.21		1	1.16		0	0.00		86	100.00		0	0.00		86	0.12
	Merredin		4	0.46		2	0.23		3	0.34		4	0.46		2	0.23		338	38.85		127	14.60		0	0.00		129	14.83		7	0.80		0	0.00		7	0.80		0	0.00		9	1.03		18	2.07		193	22.18		27	3.10		0	0.00		870	96.13		35	3.87		905	1.26
	Merredin District Hospital		1	0.37		0	0.00		0	0.00		2	0.74		1	0.37		101	37.27		16	5.90		0	0.00		32	11.81		7	2.58		0	0.00		3	1.11		0	0.00		1	0.37		4	1.48		95	35.06		8	2.95		0	0.00		271	95.09		14	4.91		285	0.40
	Merredin South		3	0.68		0	0.00		1	0.23		4	0.90		2	0.45		144	32.43		50	11.26		0	0.00		78	17.57		5	1.13		0	0.00		2	0.45		0	0.00		5	1.13		15	3.38		120	27.03		15	3.38		0	0.00		444	93.47		31	6.53		475	0.66
	Moorine Rock		0	0.00		0	0.00		0	0.00		0	0.00		0	0.00		69	75.82		2	2.20		0	0.00		10	10.99		1	1.10		0	0.00		0	0.00		0	0.00		0	0.00		0	0.00		8	8.79		1	1.10		0	0.00		91	98.91		1	1.09		92	0.13
	Mount Magnet		0	0.00		0	0.00		0	0.00		1	0.32		2	0.64		110	35.37		11	3.54		1	0.32		60	19.29		1	0.32		0	0.00		1	0.32		0	0.00		4	1.29		8	2.57		107	34.41		3	0.96		2	0.64		311	95.11		16	4.89		327	0.45
	Mowanjum		0	0.00		0	0.00		0	0.00		0	0.00		0	0.00		22	20.95		1	0.95		0	0.00		0	0.00		0	0.00		0	0.00		1	0.95		0	0.00		2	1.90		0	0.00		78	74.29		1	0.95		0	0.00		105	98.13		2	1.87		107	0.15
	Mullewa		3	0.88		0	0.00		0	0.00		1	0.29		0	0.00		167	49.12		35	10.29		0	0.00		28	8.24		3	0.88		0	0.00		0	0.00		0	0.00		5	1.47		8	2.35		86	25.29		4	1.18		0	0.00		340	94.44		20	5.56		360	0.50
	Munglinup (Kalgoorlie)		1	2.22		0	0.00		0	0.00		0	0.00		0	0.00		26	57.78		2	4.44		0	0.00		5	11.11		0	0.00		0	0.00		0	0.00		0	0.00		0	0.00		0	0.00		7	15.56		4	8.89		0	0.00		45	100.00		0	0.00		45	0.06
	Muntadgin		0	0.00		0	0.00		0	0.00		0	0.00		0	0.00		30	62.50		7	14.58		0	0.00		9	18.75		0	0.00		0	0.00		0	0.00		0	0.00		0	0.00		0	0.00		2	4.17		0	0.00		0	0.00		48	90.57		5	9.43		53	0.07
	Nabawa		0	0.00		0	0.00		0	0.00		2	0.99		0	0.00		123	60.89		7	3.47		0	0.00		23	11.39		1	0.50		0	0.00		0	0.00		0	0.00		1	0.50		3	1.49		29	14.36		13	6.44		0	0.00		202	96.65		7	3.35		209	0.29
	Newman		4	0.56		0	0.00		1	0.14		2	0.28		0	0.00		274	38.65		7	0.99		0	0.00		69	9.73		1	0.14		0	0.00		0	0.00		0	0.00		7	0.99		26	3.67		290	40.90		28	3.95		0	0.00		709	96.33		27	3.67		736	1.02
	Newman North		1	0.13		0	0.00		0	0.00		1	0.13		2	0.26		317	41.99		11	1.46		1	0.13		68	9.01		2	0.26		0	0.00		1	0.13		0	0.00		7	0.93		31	4.11		265	35.10		45	5.96		3	0.40		755	97.55		19	2.45		774	1.08
	Noonkanbah		0	0.00		0	0.00		0	0.00		1	0.84		0	0.00		22	18.49		0	0.00		0	0.00		2	1.68		0	0.00		0	0.00		1	0.84		0	0.00		2	1.68		1	0.84		86	72.27		4	3.36		0	0.00		119	96.75		4	3.25		123	0.17
	Norseman		0	0.00		0	0.00		1	0.22		1	0.22		2	0.45		124	27.87		14	3.15		0	0.00		86	19.33		0	0.00		1	0.22		5	1.12		0	0.00		8	1.80		12	2.70		176	39.55		14	3.15		1	0.22		445	94.68		25	5.32		470	0.65
	Northampton		12	1.52		0	0.00		0	0.00		1	0.13		1	0.13		396	50.13		56	7.09		1	0.13		143	18.10		11	1.39		0	0.00		2	0.25		0	0.00		7	0.89		14	1.77		130	16.46		14	1.77		2	0.25		790	95.18		40	4.82		830	1.15
	Nullagine		1	1.79		0	0.00		0	0.00		0	0.00		0	0.00		19	33.93		2	3.57		0	0.00		7	12.50		0	0.00		0	0.00		2	3.57		0	0.00		0	0.00		1	1.79		24	42.86		0	0.00		0	0.00		56	96.55		2	3.45		58	0.08
	Nulsen		4	0.33		1	0.08		2	0.17		11	0.92		1	0.08		397	33.14		50	4.17		0	0.00		207	17.28		16	1.34		1	0.08		6	0.50		2	0.17		16	1.34		31	2.59		393	32.80		60	5.01		0	0.00		1198	95.61		55	4.39		1253	1.74
	Onslow		0	0.00		0	0.00		0	0.00		0	0.00		1	0.43		75	32.47		6	2.60		0	0.00		51	22.08		2	0.87		1	0.43		1	0.43		1	0.43		2	0.87		10	4.33		73	31.60		8	3.46		0	0.00		231	92.40		19	7.60		250	0.35
	Pannawonica		1	0.43		0	0.00		0	0.00		1	0.43		0	0.00		96	40.85		3	1.28		0	0.00		36	15.32		3	1.28		0	0.00		2	0.85		0	0.00		4	1.70		10	4.26		68	28.94		11	4.68		0	0.00		235	97.11		7	2.89		242	0.34
	Paraburdoo		0	0.00		0	0.00		2	0.39		10	1.93		1	0.19		203	39.19		13	2.51		1	0.19		48	9.27		1	0.19		0	0.00		5	0.97		0	0.00		6	1.16		24	4.63		188	36.29		15	2.90		1	0.19		518	96.46		19	3.54		537	0.75
	Perth (Kalgoorlie)		0	0.00		0	0.00		0	0.00		1	1.15		0	0.00		30	34.48		2	2.30		0	0.00		7	8.05		1	1.15		0	0.00		0	0.00		0	0.00		0	0.00		5	5.75		37	42.53		4	4.60		0	0.00		87	98.86		1	1.14		88	0.12
	Port Hedland		1	0.09		1	0.09		0	0.00		14	1.31		0	0.00		428	40.15		22	2.06		0	0.00		109	10.23		13	1.22		0	0.00		3	0.28		0	0.00		14	1.31		44	4.13		365	34.24		51	4.78		1	0.09		1066	98.07		21	1.93		1087	1.51
	Roebourne		2	0.59		0	0.00		0	0.00		1	0.30		0	0.00		72	21.30		1	0.30		0	0.00		15	4.44		2	0.59		0	0.00		1	0.30		0	0.00		7	2.07		4	1.18		228	67.46		4	1.18		1	0.30		338	87.34		49	12.66		387	0.54
	Rottnest (Kalgoorlie)		0	0.00		0	0.00		0	0.00		0	0.00		0	0.00		6	66.67		0	0.00		0	0.00		0	0.00		0	0.00		0	0.00		0	0.00		0	0.00		0	0.00		0	0.00		3	33.33		0	0.00		0	0.00		9	90.00		1	10.00		10	0.01
	Salmon Gums		0	0.00		0	0.00		1	0.78		0	0.00		0	0.00		61	47.29		19	14.73		0	0.00		28	21.71		0	0.00		0	0.00		0	0.00		0	0.00		2	1.55		1	0.78		15	11.63		2	1.55		0	0.00		129	97.73		3	2.27		132	0.18
	Sandstone		0	0.00		0	0.00		0	0.00		0	0.00		0	0.00		11	31.43		0	0.00		0	0.00		8	22.86		0	0.00		0	0.00		0	0.00		0	0.00		0	0.00		0	0.00		15	42.86		1	2.86		0	0.00		35	92.11		3	7.89		38	0.05
	Scaddan		0	0.00		0	0.00		0	0.00		1	1.33		0	0.00		46	61.33		14	18.67		0	0.00		11	14.67		0	0.00		0	0.00		0	0.00		0	0.00		0	0.00		1	1.33		1	1.33		1	1.33		0	0.00		75	98.68		1	1.32		76	0.11
	Southern Cross		1	0.21		0	0.00		0	0.00		1	0.21		0	0.00		229	48.11		25	5.25		0	0.00		63	13.24		6	1.26		2	0.42		1	0.21		0	0.00		5	1.05		14	2.94		120	25.21		9	1.89		0	0.00		476	98.76		6	1.24		482	0.67
	South Hedland		2	0.16		1	0.08		2	0.16		11	0.87		4	0.32		381	30.05		18	1.42		0	0.00		112	8.83		8	0.63		0	0.00		7	0.55		0	0.00		11	0.87		57	4.50		601	47.40		52	4.10		1	0.08		1268	96.65		44	3.35		1312	1.82
	South Hedland Baler		3	0.19		1	0.06		3	0.19		7	0.45		2	0.13		507	32.50		21	1.35		0	0.00		154	9.87		5	0.32		0	0.00		5	0.32		0	0.00		18	1.15		70	4.49		686	43.97		76	4.87		2	0.13		1560	96.71		53	3.29		1613	2.24
	Tardun		0	0.00		0	0.00		0	0.00		0	0.00		0	0.00		31	58.49		4	7.55		0	0.00		4	7.55		1	1.89		0	0.00		0	0.00		0	0.00		1	1.89		2	3.77		9	16.98		1	1.89		0	0.00		53	100.00		0	0.00		53	0.07
	Telfer		0	0.00		0	0.00		0	0.00		0	0.00		0	0.00		0	0.00		0	0.00		0	0.00		1	25.00		0	0.00		0	0.00		0	0.00		0	0.00		0	0.00		0	0.00		3	75.00		0	0.00		0	0.00		4	100.00		0	0.00		4	0.01
	Tom Price		2	0.16		2	0.16		1	0.08		8	0.65		0	0.00		463	37.52		13	1.05		1	0.08		85	6.89		10	0.81		1	0.08		3	0.24		0	0.00		13	1.05		43	3.48		518	41.98		69	5.59		2	0.16		1234	97.09		37	2.91		1271	1.77
	Useless Loop		0	0.00		0	0.00		0	0.00		1	2.38		0	0.00		19	45.24		0	0.00		0	0.00		3	7.14		0	0.00		0	0.00		0	0.00		0	0.00		2	4.76		2	4.76		14	33.33		1	2.38		0	0.00		42	100.00		0	0.00		42	0.06
	Wangkatjungka		2	3.70		0	0.00		1	1.85		1	1.85		0	0.00		10	18.52		1	1.85		0	0.00		1	1.85		0	0.00		0	0.00		1	1.85		0	0.00		3	5.56		5	9.26		28	51.85		1	1.85		0	0.00		54	90.00		6	10.00		60	0.08
	Warmun		0	0.00		0	0.00		0	0.00		0	0.00		0	0.00		18	11.39		3	1.90		0	0.00		1	0.63		1	0.63		0	0.00		0	0.00		0	0.00		3	1.90		0	0.00		129	81.65		3	1.90		0	0.00		158	100.00		0	0.00		158	0.22
	Westonia		0	0.00		0	0.00		0	0.00		0	0.00		0	0.00		43	54.43		16	20.25		0	0.00		14	17.72		1	1.27		0	0.00		0	0.00		0	0.00		0	0.00		1	1.27		4	5.06		0	0.00		0	0.00		79	95.18		4	4.82		83	0.12
	Wickham		2	0.26		0	0.00		1	0.13		5	0.66		1	0.13		300	39.47		8	1.05		0	0.00		113	14.87		4	0.53		1	0.13		3	0.39		0	0.00		6	0.79		32	4.21		254	33.42		29	3.82		1	0.13		760	97.31		21	2.69		781	1.09
	Wiluna		0	0.00		0	0.00		0	0.00		0	0.00		0	0.00		36	32.73		0	0.00		0	0.00		10	9.09		3	2.73		0	0.00		2	1.82		0	0.00		3	2.73		7	6.36		48	43.64		1	0.91		0	0.00		110	85.94		18	14.06		128	0.18
	Wyndham		4	1.07		0	0.00		1	0.27		6	1.61		0	0.00		86	23.06		6	1.61		0	0.00		34	9.12		0	0.00		0	0.00		4	1.07		0	0.00		5	1.34		6	1.61		207	55.50		14	3.75		0	0.00		373	95.40		18	4.60		391	0.54
	Yalgoo		0	0.00		0	0.00		0	0.00		1	1.96		0	0.00		10	19.61		0	0.00		0	0.00		8	15.69		1	1.96		0	0.00		0	0.00		0	0.00		1	1.96		2	3.92		27	52.94		1	1.96		0	0.00		51	98.08		1	1.92		52	0.07
	Yandeyarra		0	0.00		0	0.00		0	0.00		0	0.00		0	0.00		0	0.00		0	0.00		0	0.00		0	0.00		0	0.00		0	0.00		0	0.00		0	0.00		0	0.00		0	0.00		76	98.70		1	1.30		0	0.00		77	100.00		0	0.00		77	0.11
	Yuna		0	0.00		0	0.00		0	0.00		0	0.00		0	0.00		90	73.77		16	13.11		0	0.00		8	6.56		2	1.64		0	0.00		0	0.00		0	0.00		0	0.00		0	0.00		5	4.10		1	0.82		0	0.00		122	96.83		4	3.17		126	0.18
	Special Hospitals		0	0.00		0	0.00		1	0.76		2	1.52		0	0.00		49	37.12		1	0.76		0	0.00		8	6.06		0	0.00		0	0.00		2	1.52		0	0.00		2	1.52		4	3.03		63	47.73		0	0.00		0	0.00		132	94.96		7	5.04		139	0.19
	Remote Mobiles		7	0.30		3	0.13		4	0.17		6	0.25		2	0.08		196	8.30		13	0.55		3	0.13		25	1.06		8	0.34		1	0.04		10	0.42		0	0.00		45	1.91		44	1.86		1954	82.76		40	1.69		0	0.00		2361	96.68		81	3.32		2442	3.40
	Prison Mobiles		1	0.95		2	1.90		0	0.00		1	0.95		0	0.00		8	7.62		3	2.86		0	0.00		3	2.86		3	2.86		0	0.00		1	0.95		0	0.00		3	2.86		0	0.00		80	76.19		0	0.00		0	0.00		105	97.22		3	2.78		108	0.15
	Total Ordinary		178	0.31		41	0.07		63	0.11		403	0.70		74	0.13		22160	38.38		1627	2.82		30	0.05		6392	11.07		464	0.80		28	0.05		215	0.37		6	0.01		608	1.05		2261	3.92		20867	36.14		2279	3.95		38	0.07		57734	96.56		2059	3.44		59793	83.14
	ABSENT		7	0.13		3	0.05		4	0.07		30	0.54		6	0.11		2352	42.32		179	3.22		6	0.11		596	10.73		48	0.86		2	0.04		11	0.20		1	0.02		44	0.79		304	5.47		1648	29.66		312	5.61		4	0.07		5557	97.82		124	2.18		5681	7.90
	POSTAL		3	0.12		1	0.04		2	0.08		13	0.54		3	0.12		1224	50.62		174	7.20		1	0.04		373	15.43		21	0.87		2	0.08		3	0.12		0	0.00		8	0.33		95	3.93		430	17.78		62	2.56		3	0.12		2418	98.94		26	1.06		2444	3.40
	PRE_POLL		9	0.25		3	0.08		1	0.03		28	0.77		2	0.06		1511	41.65		87	2.40		2	0.06		471	12.98		40	1.10		2	0.06		17	0.47		1	0.03		16	0.44		234	6.45		1020	28.11		181	4.99		3	0.08		3628	98.61		51	1.39		3679	5.12
	PROVISIONAL		0	0.00		0	0.00		2	0.65		0	0.00		0	0.00		103	33.55		5	1.63		0	0.00		23	7.49		5	1.63		0	0.00		2	0.65		0	0.00		5	1.63		9	2.93		135	43.97		18	5.86		0	0.00		307	95.64		14	4.36		321	0.45
	Division Summary		197	0.28		48	0.07		72	0.1		474	0.68		85	0.12		27350	39.27		2072	2.98		39	0.06		7855	11.28		578	0.83		34	0.05		248	0.36		8	0.01		681	0.98		2903	4.17		24100	34.6		2852	4.1		48	0.07		69644	96.84		2274	3.16		71918	87.14
