Senate - 2001 Election: Western Australia																																																																
First Preference Votes by Group 																																																																
By Polling Place																																																																
Stirling (85975)																																																																
			Group A Total			Group B Total			Group C Total			Group D Total			Group E Total			Group F Total			Group G Total			Group H Total			Group I Total			Group J Total			Group K Total			Group L Total			Group M Total			Group N Total			Group O Total			Group P Total			Group Q Total			Ungrouped Total 			FORMAL 			INFORMAL 			TOTAL 	
			Unendorsed			Unendorsed			TPS			CTA			CEC			LP			NP			UNI			HAN			LFF			Unendorsed			CLA			Unendorsed			PLP			DEM			ALP			GWA			Independent										
	Polling Places		Vote	%		Vote	%		Vote	%		Vote	%		Vote	%		Vote	%		Vote	%		Vote	%		Vote	%		Vote	%		Vote	%		Vote	%		Vote	%		Vote	%		Vote	%		Vote	%		Vote	%		Vote	%		Vote	%		Vote	%		Vote	%
	Balcatta		12	0.55		1	0.05		5	0.23		26	1.20		2	0.09		713	32.90		12	0.55		2	0.09		101	4.66		18	0.83		0	0.00		15	0.69		0	0.00		39	1.80		146	6.74		984	45.41		90	4.15		1	0.05		2167	91.17		210	8.83		2377	2.90
	Balcatta Central		16	0.52		3	0.10		3	0.10		24	0.78		0	0.00		1133	36.85		22	0.72		7	0.23		118	3.84		36	1.17		6	0.20		23	0.75		0	0.00		30	0.98		145	4.72		1414	45.98		93	3.02		2	0.07		3075	90.63		318	9.37		3393	4.14
	Balcatta East		3	0.72		1	0.24		0	0.00		3	0.72		0	0.00		135	32.45		4	0.96		0	0.00		24	5.77		3	0.72		0	0.00		1	0.24		1	0.24		2	0.48		22	5.29		204	49.04		13	3.13		0	0.00		416	96.07		17	3.93		433	0.53
	Balcatta North		13	0.69		4	0.21		1	0.05		25	1.33		2	0.11		704	37.57		17	0.91		0	0.00		77	4.11		13	0.69		0	0.00		8	0.43		0	0.00		14	0.75		105	5.60		825	44.02		66	3.52		0	0.00		1874	92.45		153	7.55		2027	2.47
	Balga		8	0.34		1	0.04		4	0.17		24	1.01		3	0.13		487	20.45		14	0.59		2	0.08		194	8.14		10	0.42		1	0.04		20	0.84		1	0.04		45	1.89		102	4.28		1355	56.88		108	4.53		3	0.13		2382	95.24		119	4.76		2501	3.05
	Balga North		7	0.41		1	0.06		2	0.12		29	1.70		4	0.23		390	22.82		8	0.47		0	0.00		164	9.60		14	0.82		1	0.06		18	1.05		0	0.00		22	1.29		61	3.57		907	53.07		79	4.62		2	0.12		1709	95.64		78	4.36		1787	2.18
	Carine		9	0.26		6	0.17		3	0.09		35	1.02		1	0.03		1805	52.47		87	2.53		1	0.03		127	3.69		50	1.45		0	0.00		2	0.06		0	0.00		7	0.20		253	7.35		878	25.52		172	5.00		4	0.12		3440	98.01		70	1.99		3510	4.28
	Deanmore		3	0.20		3	0.20		0	0.00		18	1.18		0	0.00		647	42.29		34	2.22		1	0.07		53	3.46		22	1.44		1	0.07		2	0.13		1	0.07		4	0.26		134	8.76		471	30.78		134	8.76		2	0.13		1530	97.39		41	2.61		1571	1.92
	Dianella Heights		9	0.48		4	0.22		1	0.05		11	0.59		2	0.11		957	51.53		25	1.35		0	0.00		53	2.85		15	0.81		2	0.11		3	0.16		0	0.00		6	0.32		126	6.79		575	30.96		66	3.55		2	0.11		1857	95.43		89	4.57		1946	2.37
	Dianella West		9	0.62		1	0.07		1	0.07		24	1.66		0	0.00		720	49.79		12	0.83		1	0.07		34	2.35		16	1.11		0	0.00		6	0.41		0	0.00		7	0.48		67	4.63		496	34.30		52	3.60		0	0.00		1446	95.95		61	4.05		1507	1.84
	Doubleview (Stirling)		13	0.38		3	0.09		0	0.00		29	0.86		0	0.00		1558	46.01		53	1.57		0	0.00		93	2.75		52	1.54		2	0.06		8	0.24		3	0.09		14	0.41		334	9.86		962	28.41		259	7.65		3	0.09		3386	97.35		92	2.65		3478	4.24
	Doubleview North		3	0.15		0	0.00		1	0.05		25	1.27		3	0.15		763	38.87		18	0.92		1	0.05		91	4.64		26	1.32		0	0.00		4	0.20		0	0.00		10	0.51		175	8.91		685	34.90		156	7.95		2	0.10		1963	95.62		90	4.38		2053	2.50
	Duncraig East (Stirling)		0	0.00		1	0.38		0	0.00		3	1.13		0	0.00		152	57.36		2	0.75		0	0.00		7	2.64		7	2.64		0	0.00		1	0.38		0	0.00		0	0.00		23	8.68		57	21.51		12	4.53		0	0.00		265	98.51		4	1.49		269	0.33
	Hamersley		6	0.29		4	0.20		3	0.15		31	1.52		1	0.05		903	44.16		28	1.37		2	0.10		92	4.50		24	1.17		1	0.05		4	0.20		0	0.00		5	0.24		155	7.58		671	32.81		113	5.53		2	0.10		2045	96.46		75	3.54		2120	2.59
	Hamersley East		25	2.29		0	0.00		2	0.18		17	1.56		1	0.09		417	38.26		16	1.47		1	0.09		74	6.79		15	1.38		1	0.09		5	0.46		0	0.00		9	0.83		67	6.15		382	35.05		57	5.23		1	0.09		1090	96.04		45	3.96		1135	1.38
	Innaloo North		13	0.48		1	0.04		0	0.00		34	1.26		2	0.07		1034	38.32		36	1.33		4	0.15		123	4.56		30	1.11		1	0.04		11	0.41		1	0.04		21	0.78		176	6.52		1022	37.88		188	6.97		1	0.04		2698	96.36		102	3.64		2800	3.42
	Karrinyup		8	0.34		4	0.17		1	0.04		24	1.01		0	0.00		1165	49.16		106	4.47		1	0.04		95	4.01		40	1.69		1	0.04		8	0.34		0	0.00		7	0.30		171	7.22		595	25.11		144	6.08		0	0.00		2370	96.85		77	3.15		2447	2.99
	Lake Gwelup		1	0.05		3	0.15		2	0.10		15	0.77		1	0.05		944	48.61		38	1.96		0	0.00		72	3.71		26	1.34		0	0.00		1	0.05		1	0.05		9	0.46		132	6.80		558	28.73		139	7.16		0	0.00		1942	97.25		55	2.75		1997	2.44
	Mirrabooka		8	0.36		3	0.13		7	0.31		20	0.89		4	0.18		585	26.07		13	0.58		3	0.13		107	4.77		12	0.53		0	0.00		17	0.76		0	0.00		34	1.52		95	4.23		1264	56.33		71	3.16		1	0.04		2244	94.09		141	5.91		2385	2.91
	Mirrabooka Central		5	0.29		1	0.06		0	0.00		17	0.99		1	0.06		318	18.48		11	0.64		3	0.17		104	6.04		4	0.23		0	0.00		7	0.41		0	0.00		22	1.28		63	3.66		1111	64.56		54	3.14		0	0.00		1721	94.82		94	5.18		1815	2.21
	Mirrabooka East		8	0.47		3	0.18		0	0.00		12	0.71		0	0.00		345	20.34		7	0.41		3	0.18		67	3.95		11	0.65		0	0.00		7	0.41		2	0.12		44	2.59		67	3.95		1061	62.56		59	3.48		0	0.00		1696	94.80		93	5.20		1789	2.18
	Nollamara		11	0.54		2	0.10		0	0.00		27	1.33		3	0.15		582	28.71		10	0.49		3	0.15		124	6.12		19	0.94		1	0.05		8	0.39		0	0.00		25	1.23		136	6.71		958	47.26		116	5.72		2	0.10		2027	92.68		160	7.32		2187	2.67
	Nollamara North		4	0.77		0	0.00		1	0.19		5	0.96		0	0.00		117	22.50		2	0.38		0	0.00		28	5.38		5	0.96		2	0.38		1	0.19		0	0.00		7	1.35		8	1.54		311	59.81		28	5.38		1	0.19		520	94.20		32	5.80		552	0.67
	Noranda West (Stirling)		10	0.44		2	0.09		0	0.00		13	0.57		2	0.09		1139	49.87		26	1.14		0	0.00		74	3.24		11	0.48		0	0.00		8	0.35		0	0.00		5	0.22		139	6.09		766	33.54		87	3.81		2	0.09		2284	96.37		86	3.63		2370	2.89
	North Beach		7	0.36		1	0.05		0	0.00		30	1.56		0	0.00		846	43.88		51	2.65		0	0.00		75	3.89		34	1.76		0	0.00		3	0.16		0	0.00		5	0.26		167	8.66		538	27.90		170	8.82		1	0.05		1928	97.03		59	2.97		1987	2.42
	North Beach Central (Stirling)		1	0.28		0	0.00		0	0.00		2	0.56		0	0.00		187	52.53		5	1.40		0	0.00		18	5.06		2	0.56		0	0.00		0	0.00		0	0.00		1	0.28		15	4.21		93	26.12		32	8.99		0	0.00		356	97.27		10	2.73		366	0.45
	Osborne		4	0.25		1	0.06		2	0.12		15	0.93		0	0.00		562	34.95		15	0.93		3	0.19		71	4.42		23	1.43		0	0.00		5	0.31		0	0.00		22	1.37		106	6.59		695	43.22		78	4.85		6	0.37		1608	93.38		114	6.62		1722	2.10
	Osborne East		9	0.97		0	0.00		0	0.00		8	0.87		1	0.11		354	38.31		8	0.87		1	0.11		46	4.98		6	0.65		3	0.32		2	0.22		0	0.00		7	0.76		74	8.01		348	37.66		55	5.95		2	0.22		924	94.48		54	5.52		978	1.19
	Osborne Park		11	1.30		0	0.00		1	0.12		9	1.06		1	0.12		345	40.68		7	0.83		1	0.12		26	3.07		4	0.47		2	0.24		4	0.47		0	0.00		10	1.18		47	5.54		340	40.09		39	4.60		1	0.12		848	92.98		64	7.02		912	1.11
	Perth (Stirling)		2	1.10		0	0.00		1	0.55		1	0.55		0	0.00		65	35.71		5	2.75		0	0.00		2	1.10		5	2.75		1	0.55		1	0.55		0	0.00		2	1.10		14	7.69		67	36.81		16	8.79		0	0.00		182	96.81		6	3.19		188	0.23
	Rottnest (Stirling)		0	0.00		0	0.00		1	0.83		0	0.00		0	0.00		59	49.17		3	2.50		0	0.00		5	4.17		1	0.83		0	0.00		0	0.00		0	0.00		1	0.83		6	5.00		33	27.50		11	9.17		0	0.00		120	99.17		1	0.83		121	0.15
	Scarborough		5	0.44		1	0.09		0	0.00		15	1.32		0	0.00		532	46.87		15	1.32		1	0.09		36	3.17		14	1.23		0	0.00		1	0.09		0	0.00		6	0.53		80	7.05		329	28.99		99	8.72		1	0.09		1135	96.93		36	3.07		1171	1.43
	Scarborough Central		3	0.20		4	0.26		0	0.00		14	0.92		1	0.07		675	44.58		29	1.92		1	0.07		64	4.23		31	2.05		1	0.07		1	0.07		1	0.07		9	0.59		110	7.27		435	28.73		134	8.85		1	0.07		1514	96.43		56	3.57		1570	1.92
	Trigg		3	0.36		3	0.36		0	0.00		10	1.19		1	0.12		405	48.27		29	3.46		0	0.00		20	2.38		16	1.91		2	0.24		1	0.12		1	0.12		2	0.24		59	7.03		189	22.53		96	11.44		2	0.24		839	96.99		26	3.01		865	1.06
	Tuart Hill (Stirling)		6	0.27		1	0.05		1	0.05		19	0.87		0	0.00		778	35.43		20	0.91		3	0.14		67	3.05		29	1.32		0	0.00		16	0.73		0	0.00		26	1.18		158	7.19		943	42.94		126	5.74		3	0.14		2196	93.81		145	6.19		2341	2.86
	Westminster		7	0.38		2	0.11		2	0.11		22	1.18		3	0.16		504	27.02		11	0.59		1	0.05		126	6.76		10	0.54		1	0.05		7	0.38		0	0.00		35	1.88		89	4.77		973	52.17		72	3.86		0	0.00		1865	91.38		176	8.62		2041	2.49
	Yokine		5	0.34		1	0.07		0	0.00		8	0.55		1	0.07		602	41.15		14	0.96		1	0.07		52	3.55		17	1.16		1	0.07		10	0.68		0	0.00		13	0.89		111	7.59		554	37.87		72	4.92		1	0.07		1463	95.56		68	4.44		1531	1.87
	Yokine North		13	0.78		1	0.06		1	0.06		23	1.38		0	0.00		717	43.11		16	0.96		2	0.12		61	3.67		13	0.78		1	0.06		5	0.30		1	0.06		19	1.14		105	6.31		614	36.92		71	4.27		0	0.00		1663	94.43		98	5.57		1761	2.15
	Yokine West		5	0.40		1	0.08		0	0.00		13	1.03		1	0.08		498	39.62		10	0.80		3	0.24		48	3.82		16	1.27		2	0.16		7	0.56		0	0.00		12	0.95		99	7.88		463	36.83		78	6.21		1	0.08		1257	94.23		77	5.77		1334	1.63
	Special Hospitals		2	0.44		0	0.00		0	0.00		3	0.66		0	0.00		245	53.73		6	1.32		0	0.00		6	1.32		8	1.75		0	0.00		6	1.32		0	0.00		2	0.44		6	1.32		170	37.28		2	0.44		0	0.00		456	95.20		23	4.80		479	0.58
	Total Ordinary		287	0.44		68	0.11		46	0.07		683	1.06		41	0.06		25087	38.89		845	1.31		52	0.08		2819	4.37		708	1.10		34	0.05		257	0.40		13	0.02		560	0.87		4148	6.43		25296	39.22		3507	5.44		50	0.08		64501	95.11		3315	4.89		67816	82.73
	ABSENT		25	0.34		9	0.12		5	0.07		85	1.15		7	0.09		2905	39.29		86	1.16		9	0.12		331	4.48		100	1.35		2	0.03		30	0.41		4	0.05		73	0.99		582	7.87		2477	33.50		657	8.89		6	0.08		7393	97.69		175	2.31		7568	9.23
	POSTAL		10	0.36		1	0.04		0	0.00		27	0.98		1	0.04		1262	45.91		23	0.84		0	0.00		152	5.53		28	1.02		1	0.04		11	0.40		1	0.04		16	0.58		145	5.27		969	35.25		100	3.64		2	0.07		2749	98.39		45	1.61		2794	3.41
	PRE_POLL		7	0.24		4	0.13		2	0.07		25	0.84		5	0.17		1364	45.90		33	1.11		1	0.03		115	3.87		34	1.14		2	0.07		10	0.34		0	0.00		21	0.71		248	8.34		905	30.45		196	6.59		0	0.00		2972	98.48		46	1.52		3018	3.68
	PROVISIONAL		3	0.41		0	0.00		1	0.14		6	0.81		1	0.14		214	29.00		5	0.68		1	0.14		27	3.66		10	1.36		0	0.00		2	0.27		1	0.14		10	1.36		51	6.91		348	47.15		57	7.72		1	0.14		738	95.23		37	4.77		775	0.95
	Division Summary		332	0.42		82	0.1		54	0.07		826	1.05		55	0.07		30832	39.35		992	1.27		63	0.08		3444	4.4		880	1.12		39	0.05		310	0.4		19	0.02		680	0.87		5174	6.6		29995	38.28		4517	5.76		59	0.08		78353	95.59		3618	4.41		81971	95.34
