Senate - 2001 Election: Western Australia																																																																
First Preference Votes by Group 																																																																
By Polling Place																																																																
Swan (78991)																																																																
			Group A Total			Group B Total			Group C Total			Group D Total			Group E Total			Group F Total			Group G Total			Group H Total			Group I Total			Group J Total			Group K Total			Group L Total			Group M Total			Group N Total			Group O Total			Group P Total			Group Q Total			Ungrouped Total 			FORMAL 			INFORMAL 			TOTAL 	
			Unendorsed			Unendorsed			TPS			CTA			CEC			LP			NP			UNI			HAN			LFF			Unendorsed			CLA			Unendorsed			PLP			DEM			ALP			GWA			Independent										
	Polling Places		Vote	%		Vote	%		Vote	%		Vote	%		Vote	%		Vote	%		Vote	%		Vote	%		Vote	%		Vote	%		Vote	%		Vote	%		Vote	%		Vote	%		Vote	%		Vote	%		Vote	%		Vote	%		Vote	%		Vote	%		Vote	%
	Beckenham		11	0.45		1	0.04		0	0.00		46	1.87		1	0.04		708	28.76		23	0.93		3	0.12		220	8.94		12	0.49		1	0.04		9	0.37		3	0.12		15	0.61		126	5.12		1168	47.44		115	4.67		0	0.00		2462	95.39		119	4.61		2581	3.45
	Belmont		5	0.38		3	0.23		2	0.15		28	2.15		0	0.00		522	40.15		18	1.38		3	0.23		74	5.69		11	0.85		0	0.00		5	0.38		2	0.15		16	1.23		83	6.38		460	35.38		65	5.00		3	0.23		1300	95.52		61	4.48		1361	1.82
	Bentley		7	0.51		3	0.22		1	0.07		29	2.10		2	0.14		456	32.95		15	1.08		0	0.00		80	5.78		13	0.94		4	0.29		7	0.51		2	0.14		18	1.30		89	6.43		602	43.50		53	3.83		3	0.22		1384	92.76		108	7.24		1492	1.99
	Bentley South		3	0.36		1	0.12		1	0.12		10	1.18		0	0.00		218	25.80		9	1.07		2	0.24		31	3.67		6	0.71		0	0.00		3	0.36		2	0.24		10	1.18		63	7.46		444	52.54		40	4.73		2	0.24		845	95.91		36	4.09		881	1.18
	Bentley West		6	0.71		0	0.00		1	0.12		16	1.88		0	0.00		256	30.15		8	0.94		7	0.82		25	2.94		3	0.35		0	0.00		7	0.82		0	0.00		8	0.94		57	6.71		406	47.82		49	5.77		0	0.00		849	94.65		48	5.35		897	1.20
	Cannington		7	0.39		2	0.11		2	0.11		25	1.39		2	0.11		558	31.02		16	0.89		3	0.17		106	5.89		11	0.61		0	0.00		13	0.72		1	0.06		24	1.33		126	7.00		828	46.03		72	4.00		3	0.17		1799	94.73		100	5.27		1899	2.54
	Cannington East		10	0.45		4	0.18		3	0.14		46	2.09		4	0.18		617	28.03		23	1.04		0	0.00		199	9.04		20	0.91		1	0.05		12	0.55		1	0.05		28	1.27		122	5.54		1045	47.48		66	3.00		0	0.00		2201	93.82		145	6.18		2346	3.13
	Carlisle		13	1.03		2	0.16		2	0.16		18	1.42		1	0.08		406	32.04		13	1.03		1	0.08		86	6.79		8	0.63		1	0.08		7	0.55		1	0.08		7	0.55		72	5.68		556	43.88		73	5.76		0	0.00		1267	95.12		65	4.88		1332	1.78
	Cloverdale		2	0.18		0	0.00		2	0.18		6	0.53		1	0.09		299	26.41		14	1.24		2	0.18		92	8.13		12	1.06		2	0.18		3	0.27		0	0.00		10	0.88		73	6.45		576	50.88		38	3.36		0	0.00		1132	94.41		67	5.59		1199	1.60
	Cloverdale North		11	0.41		1	0.04		3	0.11		39	1.47		2	0.08		786	29.59		28	1.05		0	0.00		190	7.15		19	0.72		1	0.04		11	0.41		0	0.00		26	0.98		151	5.69		1289	48.53		98	3.69		1	0.04		2656	94.52		154	5.48		2810	3.75
	Cloverdale West		10	0.39		0	0.00		2	0.08		32	1.24		2	0.08		771	29.80		19	0.73		2	0.08		164	6.34		18	0.70		2	0.08		7	0.27		0	0.00		23	0.89		171	6.61		1242	48.01		118	4.56		4	0.15		2587	94.80		142	5.20		2729	3.64
	Como		12	0.38		4	0.13		2	0.06		28	0.88		1	0.03		1656	51.93		78	2.45		3	0.09		91	2.85		80	2.51		0	0.00		9	0.28		0	0.00		6	0.19		279	8.75		743	23.30		197	6.18		0	0.00		3189	97.37		86	2.63		3275	4.37
	Como North		3	0.49		2	0.32		0	0.00		6	0.97		0	0.00		299	48.38		11	1.78		0	0.00		20	3.24		10	1.62		2	0.32		5	0.81		0	0.00		0	0.00		60	9.71		179	28.96		21	3.40		0	0.00		618	96.11		25	3.89		643	0.86
	Como South		7	0.60		0	0.00		1	0.09		14	1.19		1	0.09		646	55.03		34	2.90		0	0.00		40	3.41		17	1.45		0	0.00		2	0.17		0	0.00		2	0.17		94	8.01		254	21.64		60	5.11		2	0.17		1174	96.23		46	3.77		1220	1.63
	Kensington		5	0.23		2	0.09		2	0.09		13	0.59		2	0.09		948	42.97		44	1.99		1	0.05		72	3.26		31	1.41		1	0.05		6	0.27		1	0.05		8	0.36		215	9.75		660	29.92		193	8.75		2	0.09		2206	97.27		62	2.73		2268	3.03
	Kewdale		6	0.36		2	0.12		0	0.00		27	1.60		3	0.18		492	29.20		29	1.72		1	0.06		168	9.97		8	0.47		1	0.06		9	0.53		0	0.00		12	0.71		89	5.28		782	46.41		55	3.26		1	0.06		1685	94.61		96	5.39		1781	2.38
	Kewdale West		18	0.70		1	0.04		1	0.04		29	1.13		3	0.12		882	34.31		25	0.97		1	0.04		187	7.27		17	0.66		2	0.08		12	0.47		0	0.00		26	1.01		174	6.77		1071	41.66		122	4.75		0	0.00		2571	95.22		129	4.78		2700	3.61
	Lathlain		1	0.05		6	0.33		0	0.00		19	1.04		2	0.11		690	37.83		18	0.99		2	0.11		108	5.92		17	0.93		2	0.11		9	0.49		1	0.05		12	0.66		137	7.51		718	39.36		80	4.39		2	0.11		1824	95.30		90	4.70		1914	2.56
	Manning		17	0.53		4	0.12		3	0.09		33	1.02		0	0.00		1609	49.75		84	2.60		4	0.12		103	3.18		28	0.87		1	0.03		10	0.31		1	0.03		9	0.28		227	7.02		906	28.01		193	5.97		2	0.06		3234	97.18		94	2.82		3328	4.44
	Manning North		4	0.30		2	0.15		3	0.22		19	1.41		2	0.15		501	37.28		30	2.23		1	0.07		73	5.43		12	0.89		0	0.00		1	0.07		0	0.00		14	1.04		97	7.22		507	37.72		77	5.73		1	0.07		1344	96.41		50	3.59		1394	1.86
	Millen		7	0.55		1	0.08		5	0.39		14	1.10		3	0.24		404	31.74		14	1.10		0	0.00		77	6.05		7	0.55		1	0.08		9	0.71		1	0.08		4	0.31		89	6.99		523	41.08		113	8.88		1	0.08		1273	94.51		74	5.49		1347	1.80
	Perth (Swan)		1	0.43		1	0.43		0	0.00		3	1.28		1	0.43		72	30.77		1	0.43		0	0.00		8	3.42		2	0.85		0	0.00		1	0.43		1	0.43		3	1.28		26	11.11		84	35.90		30	12.82		0	0.00		234	97.10		7	2.90		241	0.32
	Perth Domestic Airport		0	0.00		0	0.00		0	0.00		0	0.00		0	0.00		13	34.21		0	0.00		0	0.00		2	5.26		0	0.00		0	0.00		0	0.00		0	0.00		0	0.00		3	7.89		17	44.74		3	7.89		0	0.00		38	100.00		0	0.00		38	0.05
	Perth International Airport		0	0.00		0	0.00		0	0.00		0	0.00		0	0.00		14	38.89		0	0.00		0	0.00		2	5.56		0	0.00		0	0.00		0	0.00		0	0.00		0	0.00		3	8.33		14	38.89		3	8.33		0	0.00		36	97.30		1	2.70		37	0.05
	Queens Park		6	0.58		2	0.19		0	0.00		25	2.40		2	0.19		296	28.41		9	0.86		3	0.29		66	6.33		12	1.15		1	0.10		5	0.48		0	0.00		16	1.54		64	6.14		499	47.89		34	3.26		2	0.19		1042	93.96		67	6.04		1109	1.48
	Redcliffe		7	0.61		1	0.09		2	0.17		20	1.73		3	0.26		394	34.08		15	1.30		1	0.09		117	10.12		18	1.56		0	0.00		4	0.35		0	0.00		10	0.87		65	5.62		452	39.10		47	4.07		0	0.00		1156	94.60		66	5.40		1222	1.63
	Rivervale		3	0.44		2	0.29		0	0.00		5	0.73		1	0.15		241	34.98		12	1.74		1	0.15		52	7.55		5	0.73		1	0.15		5	0.73		0	0.00		3	0.44		42	6.10		278	40.35		38	5.52		0	0.00		689	94.38		41	5.62		730	0.97
	Rivervale North		6	0.35		0	0.00		4	0.23		13	0.75		4	0.23		537	31.17		15	0.87		0	0.00		136	7.89		21	1.22		0	0.00		5	0.29		0	0.00		17	0.99		124	7.20		755	43.82		84	4.88		2	0.12		1723	95.72		77	4.28		1800	2.40
	Rottnest (Swan)		0	0.00		0	0.00		0	0.00		2	2.70		0	0.00		33	44.59		3	4.05		0	0.00		1	1.35		2	2.70		0	0.00		0	0.00		0	0.00		1	1.35		9	12.16		20	27.03		3	4.05		0	0.00		74	92.50		6	7.50		80	0.11
	Rowethorpe		2	0.77		0	0.00		0	0.00		5	1.92		1	0.38		121	46.36		6	2.30		0	0.00		4	1.53		2	0.77		0	0.00		0	0.00		0	0.00		3	1.15		17	6.51		94	36.02		6	2.30		0	0.00		261	89.08		32	10.92		293	0.39
	South Perth		8	0.25		4	0.12		1	0.03		13	0.40		6	0.19		1697	52.75		87	2.70		2	0.06		73	2.27		64	1.99		0	0.00		3	0.09		1	0.03		5	0.16		287	8.92		719	22.35		245	7.62		2	0.06		3217	97.93		68	2.07		3285	4.39
	South Perth Central		2	0.12		3	0.18		0	0.00		14	0.84		4	0.24		867	52.10		44	2.64		1	0.06		59	3.55		46	2.76		1	0.06		3	0.18		1	0.06		4	0.24		120	7.21		385	23.14		108	6.49		2	0.12		1664	96.97		52	3.03		1716	2.29
	South Perth North		2	0.21		4	0.41		1	0.10		3	0.31		2	0.21		544	56.14		42	4.33		0	0.00		41	4.23		6	0.62		0	0.00		2	0.21		1	0.10		4	0.41		59	6.09		221	22.81		37	3.82		0	0.00		969	98.18		18	1.82		987	1.32
	Swan Cottage Homes		5	0.82		1	0.16		0	0.00		2	0.33		1	0.16		286	47.12		5	0.82		0	0.00		39	6.43		10	1.65		0	0.00		6	0.99		0	0.00		3	0.49		24	3.95		217	35.75		8	1.32		0	0.00		607	92.67		48	7.33		655	0.87
	Victoria Park		17	0.63		3	0.11		0	0.00		20	0.74		1	0.04		1007	37.43		34	1.26		2	0.07		119	4.42		20	0.74		8	0.30		7	0.26		2	0.07		11	0.41		317	11.78		923	34.31		198	7.36		1	0.04		2690	95.80		118	4.20		2808	3.75
	Victoria Park Central		2	0.08		4	0.16		2	0.08		24	0.99		2	0.08		797	32.83		50	2.06		4	0.16		84	3.46		24	0.99		8	0.33		8	0.33		1	0.04		14	0.58		283	11.66		879	36.20		239	9.84		3	0.12		2428	96.54		87	3.46		2515	3.36
	Victoria Park East		4	0.20		1	0.05		2	0.10		23	1.12		5	0.24		665	32.50		16	0.78		3	0.15		83	4.06		29	1.42		2	0.10		9	0.44		0	0.00		11	0.54		226	11.05		810	39.59		155	7.58		2	0.10		2046	96.06		84	3.94		2130	2.84
	Wilson		11	0.49		7	0.31		1	0.04		111	4.96		2	0.09		826	36.92		25	1.12		3	0.13		113	5.05		8	0.36		1	0.04		4	0.18		0	0.00		10	0.45		143	6.39		850	38.00		118	5.27		4	0.18		2237	96.01		93	3.99		2330	3.11
	Special Hospitals		3	0.39		0	0.00		0	0.00		2	0.26		2	0.26		387	50.52		6	0.78		0	0.00		18	2.35		7	0.91		0	0.00		10	1.31		0	0.00		5	0.65		23	3.00		295	38.51		8	1.04		0	0.00		766	94.80		42	5.20		808	1.08
	Prison Mobiles		0	0.00		0	0.00		0	0.00		0	0.00		0	0.00		0	0.00		0	0.00		0	0.00		0	0.00		0	0.00		0	0.00		0	0.00		0	0.00		0	0.00		0	0.00		0	0.00		0	0.00		0	0.00		0	0.00		0	0.00		0	0.00
	Total Ordinary		244	0.41		74	0.12		49	0.08		782	1.31		69	0.12		22521	37.87		923	1.55		56	0.09		3223	5.42		636	1.07		44	0.07		228	0.38		23	0.04		398	0.67		4429	7.45		22471	37.78		3262	5.48		45	0.08		59477	95.65		2704	4.35		62181	83.04
	ABSENT		20	0.31		6	0.09		7	0.11		88	1.37		7	0.11		2343	36.51		116	1.81		4	0.06		369	5.75		85	1.32		5	0.08		25	0.39		6	0.09		48	0.75		546	8.51		2144	33.41		590	9.19		8	0.12		6417	97.91		137	2.09		6554	8.75
	POSTAL		9	0.37		0	0.00		0	0.00		22	0.90		2	0.08		969	39.75		50	2.05		2	0.08		173	7.10		31	1.27		0	0.00		6	0.25		0	0.00		8	0.33		120	4.92		929	38.11		111	4.55		6	0.25		2438	98.51		37	1.49		2475	3.31
	PRE_POLL		2	0.07		4	0.14		1	0.03		37	1.27		6	0.21		1197	41.25		32	1.10		0	0.00		133	4.58		43	1.48		2	0.07		13	0.45		2	0.07		18	0.62		247	8.51		954	32.87		210	7.24		1	0.03		2902	98.04		58	1.96		2960	3.95
	PROVISIONAL		3	0.44		1	0.15		0	0.00		5	0.73		4	0.59		206	30.16		5	0.73		2	0.29		31	4.54		10	1.46		0	0.00		4	0.59		0	0.00		12	1.76		54	7.91		291	42.61		55	8.05		0	0.00		683	95.93		29	4.07		712	0.95
	Division Summary		278	0.39		85	0.12		57	0.08		934	1.3		88	0.12		27236	37.87		1126	1.57		64	0.09		3929	5.46		805	1.12		51	0.07		276	0.38		31	0.04		484	0.67		5396	7.5		26789	37.25		4228	5.88		60	0.08		71917	96.04		2965	3.96		74882	94.8
