House of Representatives - 2001 Election: New South Wales																																									
First Preference Votes and TCP																																									
By Candidate by Polling Place																																									

Mitchell (86647)																																									
	MUDGEE			# CADMAN			BAGGS			TAYLOR			MCSHANE			GREGORY			BURKE			EDER			FORMAL			INFORMAL			TOTAL										
	David			Alan			David			Cindy			John			Ken			Stephen			Dale												Two Candidate Preferred							
	AFI			LP			DEM			GRN			ALP			CTA			IND			HAN												# CADMAN LP			 MCSHANE ALP				
Polling Places	Vote	%		Vote	%		Vote	%		Vote	%		Vote	%		Vote	%		Vote	%		Vote	%		Vote	%		Vote	%		Vote	%		Vote	%		Vote	%			
Aminya	7	1.23		363	63.68		26	4.56		22	3.86		114	20.00		18	3.16		5	0.88		15	2.63		570	98.79		7	1.21		577	0.70		413	72.46		157	27.54			
Annangrove	7	0.64		776	70.42		53	4.81		30	2.72		146	13.25		30	2.72		18	1.63		42	3.81		1102	94.67		62	5.33		1164	1.41		881	79.95		221	20.05			
Baulkham Hills	9	2.76		184	56.44		20	6.13		7	2.15		82	25.15		12	3.68		4	1.23		8	2.45		326	96.45		12	3.55		338	0.41		213	65.34		113	34.66			
Baulkham Hills High	24	1.73		781	56.19		76	5.47		53	3.81		383	27.55		28	2.01		10	0.72		35	2.52		1390	94.82		76	5.18		1466	1.77		895	64.39		495	35.61			
Baulkham Hills North	45	1.62		1644	59.26		178	6.42		110	3.97		616	22.21		53	1.91		13	0.47		115	4.15		2774	95.29		137	4.71		2911	3.52		1885	67.95		889	32.05			
Beaumont Hills	19	1.33		944	66.11		47	3.29		26	1.82		317	22.20		46	3.22		8	0.56		21	1.47		1428	96.75		48	3.25		1476	1.78		1048	73.39		380	26.61			
Castle Hill	46	1.23		2377	63.59		236	6.31		130	3.48		725	19.40		100	2.68		23	0.62		101	2.70		3738	94.68		210	5.32		3948	4.77		2698	72.18		1040	27.82			
Castle Hill East	10	0.80		839	66.85		65	5.18		39	3.11		249	19.84		17	1.35		13	1.04		23	1.83		1255	96.69		43	3.31		1298	1.57		922	73.47		333	26.53
Castle Hill High	31	1.26		1512	61.64		132	5.38		61	2.49		544	22.18		63	2.57		23	0.94		87	3.55		2453	96.35		93	3.65		2546	3.08		1734	70.69		719	29.31
Castle Hill West	17	0.80		1392	65.35		86	4.04		74	3.47		439	20.61		44	2.07		23	1.08		55	2.58		2130	94.96		113	5.04		2243	2.71		1548	72.68		582	27.32
Crestwood	28	1.59		1098	62.53		77	4.38		55	3.13		403	22.95		24	1.37		22	1.25		49	2.79		1756	95.54		82	4.46		1838	2.22		1227	69.87		529	30.13
Crestwood High	59	1.39		2601	61.32		198	4.67		80	1.89		1081	25.48		95	2.24		25	0.59		103	2.43		4242	95.48		201	4.52		4443	5.37		2918	68.79		1324	31.21
Dural (Mitchell)	20	2.47		570	70.28		30	3.70		49	6.04		94	11.59		12	1.48		7	0.86		29	3.58		811	94.63		46	5.37		857	1.04		651	80.27		160	19.73
Eurambie Park	17	0.72		1521	64.07		140	5.90		56	2.36		544	22.91		60	2.53		18	0.76		18	0.76		2374	95.80		104	4.20		2478	2.99		1674	70.51		700	29.49
Glenhaven	34	1.29		1926	73.04		91	3.45		86	3.26		362	13.73		53	2.01		31	1.18		54	2.05		2637	96.88		85	3.12		2722	3.29		2107	79.90		530	20.10
Hopetoun	2	0.49		322	78.73		9	2.20		8	1.96		55	13.45		5	1.22		2	0.49		6	1.47		409	94.02		26	5.98		435	0.53		337	82.40		72	17.60
Jasper Road	68	1.45		2789	59.28		233	4.95		171	3.63		1152	24.48		98	2.08		43	0.91		151	3.21		4705	95.53		220	4.47		4925	5.95		3177	67.52		1528	32.48
Kellyville	82	1.74		3109	65.98		227	4.82		133	2.82		903	19.16		108	2.29		37	0.79		113	2.40		4712	94.24		288	5.76		5000	6.04		3466	73.56		1246	26.44
Kenthurst	20	0.83		1702	70.51		116	4.81		95	3.94		315	13.05		59	2.44		24	0.99		83	3.44		2414	95.08		125	4.92		2539	3.07		1919	79.49		495	20.51
Kilvinton	10	4.39		163	71.49		3	1.32		4	1.75		38	16.67		4	1.75		3	1.32		3	1.32		228	91.20		22	8.80		250	0.30		179	78.51		49	21.49
Maraylya (Mitchell)	13	3.81		252	73.90		2	0.59		8	2.35		41	12.02		2	0.59		4	1.17		19	5.57		341	93.17		25	6.83		366	0.44		287	84.16		54	15.84
Matthew Pearce	26	1.71		897	58.90		47	3.09		40	2.63		448	29.42		23	1.51		9	0.59		33	2.17		1523	95.91		65	4.09		1588	1.92		992	65.13		531	34.87
Model Farms	41	1.90		1278	59.14		106	4.91		53	2.45		559	25.87		27	1.25		22	1.02		75	3.47		2161	94.08		136	5.92		2297	2.78		1433	66.31		728	33.69
Mowll	4	0.94		333	77.99		7	1.64		7	1.64		59	13.82		11	2.58		1	0.23		5	1.17		427	93.23		31	6.77		458	0.55		353	82.67		74	17.33			
Muirfield	17	1.30		757	57.83		103	7.87		49	3.74		322	24.60		29	2.22		5	0.38		27	2.06		1309	95.06		68	4.94		1377	1.66		859	65.62		450	34.38			
Murray Farm	35	1.06		1913	58.13		183	5.56		115	3.49		867	26.34		87	2.64		28	0.85		63	1.91		3291	94.90		177	5.10		3468	4.19		2160	65.63		1131	34.37			
Northmead High	21	1.41		833	55.94		73	4.90		46	3.09		433	29.08		29	1.95		15	1.01		39	2.62		1489	95.20		75	4.80		1564	1.89		938	63.00		551	37.00			
North Rocks (Mitchell)	30	1.39		1183	54.97		123	5.72		55	2.56		614	28.53		61	2.83		16	0.74		70	3.25		2152	95.64		98	4.36		2250	2.72		1404	65.24		748	34.76			
Oakhill Drive (Mitchell)	22	1.26		1074	61.72		58	3.33		45	2.59		470	27.01		50	2.87		4	0.23		17	0.98		1740	95.19		88	4.81		1828	2.21		1174	67.47		566	32.53			
Rondelay	23	1.12		1352	65.89		73	3.56		73	3.56		410	19.98		35	1.71		17	0.83		69	3.36		2052	96.07		84	3.93		2136	2.58		1507	73.44		545	26.56			
Rouse Hill	52	2.39		1485	68.12		53	2.43		36	1.65		401	18.39		33	1.51		24	1.10		96	4.40		2180	94.37		130	5.63		2310	2.79		1680	77.06		500	22.94			
Samuel Gilbert	49	1.28		2609	67.96		196	5.11		76	1.98		711	18.52		76	1.98		26	0.68		96	2.50		3839	95.36		187	4.64		4026	4.86		2896	75.44		943	24.56			
Sydney (Mitchell)	3	2.88		51	49.04		6	5.77		3	2.88		36	34.62		2	1.92		2	1.92		1	0.96		104	95.41		5	4.59		109	0.13		59	56.73		45	43.27			
The Hills Private Hospital	3	1.78		111	65.68		7	4.14		3	1.78		38	22.49		2	1.18		1	0.59		4	2.37		169	95.48		8	4.52		177	0.21		121	71.60		48	28.40			
Thompsons Corner (Mitchell)	16	1.45		683	61.98		51	4.63		35	3.18		263	23.87		18	1.63		12	1.09		24	2.18		1102	95.91		47	4.09		1149	1.39		752	68.24		350	31.76			
West Pennant Hills	5	0.85		385	65.59		23	3.92		17	2.90		131	22.32		15	2.56		9	1.53		2	0.34		587	97.51		15	2.49		602	0.73		414	70.53		173	29.47			
Wirreanda	3	0.52		407	70.78		19	3.30		10	1.74		113	19.65		17	2.96		2	0.35		4	0.70		575	94.11		36	5.89		611	0.74		437	76.00		138	24.00			
Special Hospitals	0	0.00		36	81.82		1	2.27		1	2.27		6	13.64		0	0.00		0	0.00		0	0.00		44	89.80		5	10.20		49	0.06		37	84.09		7	15.91			
Total Ordinary	918	1.38		42252	63.50		3174	4.77		1961	2.95		14484	21.77		1446	2.17		549	0.83		1755	2.64		66539	95.30		3280	4.70		69819	84.37		47395	71.23		19144	28.77			
ABSENT	215	3.78		3199	56.28		325	5.72		339	5.96		1172	20.62		116	2.04		89	1.57		229	4.03		5684	95.93		241	4.07		5925	7.16		3896	68.54		1788	31.46			
POSTAL	32	1.14		1993	71.13		95	3.39		58	2.07		442	15.77		60	2.14		28	1.00		94	3.35		2802	98.01		57	1.99		2859	3.45		2207	78.77		595	21.23			
PRE_POLL	65	1.76		2368	64.02		158	4.27		103	2.78		815	22.03		52	1.41		40	1.08		98	2.65		3699	96.83		121	3.17		3820	4.62		2652	71.70		1047	28.30			
PROVISIONAL	5	1.62		183	59.42		17	5.52		9	2.92		74	24.03		7	2.27		6	1.95		7	2.27		308	92.22		26	7.78		334	0.40		216	70.13		92	29.87			
Division Summary	1235	1.56		49995	63.26		3769	4.77		2470	3.13		16987	21.49		1681	2.13		712	0.90		2183	2.76		79032	95.50		3725	4.50		82757	95.51		56366	71.32		22666	28.68			
																																									
																																									
																																									
																																									
																																									
