House of Representatives - 2001 Election: New South Wales																																															
First Preference Votes and TCP																																															
By Candidate by Polling Place																																															

Bennelong (86896)																																															
	WEBECK			CAMPBELL			HARKNESS			PLUMB			DAWSON			SHAW			GOLDFINCH			MARSH			LAW			# HOWARD			FORMAL			INFORMAL			TOTAL										
	Robert			Nicole			Bruce			Noel			John			Jimmy			Peter Lloyd			Peter			May			John Winston												Two Candidate Preferred							
	HAN			ALP			NGST			SAS			IND			GRN			DEM			NCP			UNI			LP												 CAMPBELL ALP			# HOWARD LP				
Polling Places	Vote	%		Vote	%		Vote	%		Vote	%		Vote	%		Vote	%		Vote	%		Vote	%		Vote	%		Vote	%		Vote	%		Vote	%		Vote	%		Vote	%		Vote	%			
Balaclava	44	1.79		691	28.04		16	0.65		2	0.08		19	0.77		129	5.24		202	8.20		3	0.12		84	3.41		1274	51.70		2464	95.10		127	4.90		2591	3.15		1034	41.96		1430	58.04			
Boronia Park (Bennelong)	17	1.96		256	29.49		4	0.46		5	0.58		1	0.12		57	6.57		47	5.41		1	0.12		2	0.23		478	55.07		868	93.43		61	6.57		929	1.13		366	42.17		502	57.83			
Carlingford (Bennelong)	22	2.01		285	26.08		7	0.64		0	0.00		8	0.73		19	1.74		64	5.86		1	0.09		41	3.75		646	59.10		1093	94.88		59	5.12		1152	1.40		411	37.60		682	62.40			
Denistone	20	2.32		292	33.91		7	0.81		2	0.23		7	0.81		29	3.37		51	5.92		1	0.12		18	2.09		434	50.41		861	94.41		51	5.59		912	1.11		389	45.18		472	54.82			
Denistone East	60	2.56		750	32.00		9	0.38		6	0.26		5	0.21		89	3.80		134	5.72		3	0.13		51	2.18		1237	52.77		2344	94.82		128	5.18		2472	3.01		1000	42.66		1344	57.34			
Denistone West	37	3.19		367	31.61		7	0.60		2	0.17		5	0.43		32	2.76		57	4.91		0	0.00		14	1.21		640	55.12		1161	94.70		65	5.30		1226	1.49		466	40.14		695	59.86			
Eastview	30	3.39		286	32.35		9	1.02		1	0.11		6	0.68		32	3.62		31	3.51		2	0.23		9	1.02		478	54.07		884	93.84		58	6.16		942	1.15		366	41.40		518	58.60			
Eastwood	91	2.09		1474	33.93		24	0.55		10	0.23		15	0.35		189	4.35		273	6.28		4	0.09		217	5.00		2047	47.12		4344	95.41		209	4.59		4553	5.54		2070	47.65		2274	52.35
Eastwood Heights	45	2.48		597	32.84		8	0.44		5	0.28		13	0.72		56	3.08		109	6.00		4	0.22		30	1.65		951	52.31		1818	94.29		110	5.71		1928	2.35		768	42.24		1050	57.76
Eastwood West	18	2.48		205	28.28		1	0.14		0	0.00		5	0.69		18	2.48		44	6.07		0	0.00		5	0.69		429	59.17		725	97.71		17	2.29		742	0.90		268	36.97		457	63.03
Epping	57	2.54		644	28.65		9	0.40		4	0.18		11	0.49		91	4.05		150	6.67		3	0.13		71	3.16		1208	53.74		2248	96.27		87	3.73		2335	2.84		915	40.70		1333	59.30
Epping East	62	2.33		753	28.35		12	0.45		8	0.30		11	0.41		127	4.78		184	6.93		2	0.08		93	3.50		1404	52.86		2656	96.16		106	3.84		2762	3.36		1114	41.94		1542	58.06
Epping Heights (Bennelong)	25	1.73		410	28.45		6	0.42		6	0.42		7	0.49		60	4.16		95	6.59		0	0.00		54	3.75		778	53.99		1441	96.32		55	3.68		1496	1.82		595	41.29		846	58.71
Epping North	62	2.64		558	23.72		15	0.64		9	0.38		9	0.38		123	5.23		172	7.31		1	0.04		19	0.81		1384	58.84		2352	96.51		85	3.49		2437	2.96		842	35.80		1510	64.20
Epping West	71	2.32		927	30.24		15	0.49		5	0.16		16	0.52		88	2.87		173	5.64		2	0.07		83	2.71		1685	54.98		3065	94.98		162	5.02		3227	3.93		1241	40.49		1824	59.51
Gladesville (Bennelong)	62	3.41		616	33.88		15	0.83		2	0.11		9	0.50		95	5.23		121	6.66		4	0.22		21	1.16		873	48.02		1818	93.04		136	6.96		1954	2.38		856	47.08		962	52.92
Gladesville Central	17	2.57		191	28.85		9	1.36		2	0.30		3	0.45		38	5.74		39	5.89		1	0.15		3	0.45		359	54.23		662	97.50		17	2.50		679	0.83		274	41.39		388	58.61
Gladesville East	6	1.95		93	30.29		2	0.65		0	0.00		3	0.98		21	6.84		16	5.21		0	0.00		1	0.33		165	53.75		307	97.46		8	2.54		315	0.38		125	40.72		182	59.28
Gladesville North	44	2.81		532	33.97		13	0.83		6	0.38		12	0.77		65	4.15		97	6.19		2	0.13		12	0.77		783	50.00		1566	92.88		120	7.12		1686	2.05		715	45.66		851	54.34
Gladesville West	14	4.20		101	30.33		0	0.00		0	0.00		3	0.90		11	3.30		16	4.80		0	0.00		0	0.00		188	56.46		333	98.52		5	1.48		338	0.41		132	39.64		201	60.36
Holy Cross Ryde	7	1.89		134	36.22		4	1.08		0	0.00		3	0.81		23	6.22		18	4.86		1	0.27		4	1.08		176	47.57		370	93.43		26	6.57		396	0.48		178	48.11		192	51.89
Kent Road	60	2.75		725	33.23		13	0.60		5	0.23		12	0.55		80	3.67		135	6.19		2	0.09		42	1.92		1108	50.78		2182	92.26		183	7.74		2365	2.88		977	44.78		1205	55.22
Kittys Creek	13	3.68		98	27.76		1	0.28		3	0.85		0	0.00		13	3.68		13	3.68		0	0.00		3	0.85		209	59.21		353	97.78		8	2.22		361	0.44		127	35.98		226	64.02
Lyon Park	29	2.05		472	33.29		13	0.92		8	0.56		9	0.63		97	6.84		109	7.69		4	0.28		28	1.97		649	45.77		1418	92.98		107	7.02		1525	1.86		687	48.45		731	51.55
Marsfield	43	2.16		624	31.28		17	0.85		4	0.20		7	0.35		55	2.76		100	5.01		2	0.10		49	2.46		1094	54.84		1995	93.84		131	6.16		2126	2.59		800	40.10		1195	59.90
Meadowbank	31	3.49		320	36.00		9	1.01		3	0.34		4	0.45		44	4.95		60	6.75		1	0.11		31	3.49		386	43.42		889	91.56		82	8.44		971	1.18		459	51.63		430	48.37
Melrose Park	31	3.95		258	32.87		2	0.25		2	0.25		5	0.64		22	2.80		45	5.73		0	0.00		7	0.89		413	52.61		785	95.15		40	4.85		825	1.00		329	41.91		456	58.09
Parkes Street	53	3.79		504	36.05		4	0.29		1	0.07		9	0.64		44	3.15		56	4.01		1	0.07		16	1.14		710	50.79		1398	94.01		89	5.99		1487	1.81		637	45.57		761	54.43
Putney	92	3.00		861	28.05		26	0.85		6	0.20		17	0.55		112	3.65		128	4.17		5	0.16		23	0.75		1799	58.62		3069	94.78		169	5.22		3238	3.94		1149	37.44		1920	62.56
Roselea (Bennelong)	33	2.52		373	28.45		7	0.53		1	0.08		8	0.61		41	3.13		69	5.26		3	0.23		54	4.12		722	55.07		1311	95.55		61	4.45		1372	1.67		529	40.35		782	59.65
Royal Ryde Homes	2	1.94		34	33.01		1	0.97		1	0.97		1	0.97		6	5.83		3	2.91		0	0.00		0	0.00		55	53.40		103	97.17		3	2.83		106	0.13		44	42.72		59	57.28
Ryde	83	3.33		1053	42.19		26	1.04		4	0.16		12	0.48		104	4.17		131	5.25		2	0.08		48	1.92		1033	41.39		2496	90.08		275	9.92		2771	3.37		1353	54.21		1143	45.79
Ryde Central	39	3.82		325	31.83		10	0.98		2	0.20		8	0.78		22	2.15		29	2.84		0	0.00		3	0.29		583	57.10		1021	91.90		90	8.10		1111	1.35		405	39.67		616	60.33
Ryde East	77	2.53		888	29.23		10	0.33		10	0.33		15	0.49		103	3.39		163	5.37		1	0.03		15	0.49		1756	57.80		3038	94.58		174	5.42		3212	3.91		1175	38.68		1863	61.32
Ryde Heights	24	3.79		230	36.33		4	0.63		3	0.47		7	1.11		18	2.84		37	5.85		2	0.32		3	0.47		305	48.18		633	95.05		33	4.95		666	0.81		296	46.76		337	53.24
Ryde Hospital	17	2.81		184	30.46		1	0.17		1	0.17		1	0.17		26	4.30		18	2.98		1	0.17		7	1.16		348	57.62		604	95.12		31	4.88		635	0.77		234	38.74		370	61.26
Ryde North	81	2.61		1030	33.23		12	0.39		7	0.23		25	0.81		114	3.68		166	5.35		1	0.03		26	0.84		1638	52.84		3100	91.85		275	8.15		3375	4.11		1356	43.74		1744	56.26
Ryde South	27	3.97		225	33.09		4	0.59		2	0.29		4	0.59		10	1.47		26	3.82		0	0.00		5	0.74		377	55.44		680	94.71		38	5.29		718	0.87		283	41.62		397	58.38
Sydney (Bennelong)	5	2.76		67	37.02		3	1.66		2	1.10		1	0.55		16	8.84		17	9.39		0	0.00		4	2.21		66	36.46		181	92.35		15	7.65		196	0.24		104	57.46		77	42.54
Truscott	59	4.03		410	27.99		6	0.41		4	0.27		7	0.48		54	3.69		62	4.23		0	0.00		11	0.75		852	58.16		1465	94.15		91	5.85		1556	1.89		554	37.82		911	62.18			
Water Tanks	39	3.04		439	34.27		9	0.70		2	0.16		8	0.62		39	3.04		40	3.12		0	0.00		10	0.78		695	54.25		1281	93.91		83	6.09		1364	1.66		547	42.70		734	57.30			
West Ryde	123	3.80		1271	39.29		21	0.65		3	0.09		17	0.53		101	3.12		210	6.49		2	0.06		63	1.95		1424	44.02		3235	93.47		226	6.53		3461	4.21		1668	51.56		1567	48.44			
Wicks	9	2.89		76	24.44		1	0.32		3	0.96		5	1.61		19	6.11		19	6.11		0	0.00		2	0.64		177	56.91		311	95.69		14	4.31		325	0.40		120	38.59		191	61.41			
Special Hospitals	2	0.68		61	20.68		0	0.00		0	0.00		0	0.00		1	0.34		3	1.02		0	0.00		0	0.00		228	77.29		295	94.86		16	5.14		311	0.38		64	21.69		231	78.31			
Total Ordinary	1783	2.73		20690	31.72		392	0.60		152	0.23		353	0.54		2533	3.88		3732	5.72		62	0.10		1282	1.97		34244	52.50		65223	94.32		3926	5.68		69149	84.13		28022	42.96		37201	57.04			
ABSENT	168	3.21		1352	25.84		83	1.59		23	0.44		57	1.09		379	7.24		374	7.15		18	0.34		60	1.15		2718	51.95		5232	94.44		308	5.56		5540	6.74		2166	41.40		3066	58.60			
POSTAL	92	2.53		877	24.16		26	0.72		13	0.36		15	0.41		63	1.74		119	3.28		2	0.06		40	1.10		2383	65.65		3630	98.64		50	1.36		3680	4.48		1121	30.88		2509	69.12			
PRE_POLL	74	2.22		1018	30.52		32	0.96		12	0.36		30	0.90		146	4.38		178	5.34		2	0.06		89	2.67		1754	52.59		3335	95.78		147	4.22		3482	4.24		1422	42.64		1913	57.36			
PROVISIONAL	9	2.83		116	36.48		2	0.63		5	1.57		3	0.94		12	3.77		12	3.77		0	0.00		3	0.94		156	49.06		318	92.44		26	7.56		344	0.42		146	45.91		172	54.09			
Division Summary	2126	2.73		24053	30.94		535	0.69		205	0.26		458	0.59		3133	4.03		4415	5.68		84	0.11		1474	1.90		41255	53.07		77738	94.58		4457	5.42		82195	94.59		32877	42.29		44861	57.71			
																																															
																																															
																																															
																																															
																																															
