House of Representatives - 2001 Election: New South Wales																																										
First Preference Votes and TCP																																										
By Candidate by Polling Place																																										

Gilmore (83909)																																										
	KNOTT			# GASH			RYAN			MCCLUNG			BANGE			HAYES			MCLEOD			CROCKER			FORMAL			INFORMAL			TOTAL			Two Candidate Preferred								
	Peter			Joanna			Steve			Jean			Jane			Michael			Paul			Geoff												 KNOTT			# GASH					
	CLR			LP			CTA			CEC			GRN			DEM			UNI			HAN												CLR			LP					
Polling Places	Vote	%		Vote	%		Vote	%		Vote	%		Vote	%		Vote	%		Vote	%		Vote	%		Vote	%		Vote	%		Vote	%		Vote	%		Vote	%				
Avoca	27	12.92		148	70.81		4	1.91		0	0.00		11	5.26		8	3.83		0	0.00		11	5.26		209	97.21		6	2.79		215	0.27		44	21.05		165	78.95				
Basin View	249	28.65		480	55.24		12	1.38		0	0.00		34	3.91		37	4.26		2	0.23		55	6.33		869	92.94		66	7.06		935	1.16		329	37.86		540	62.14				
Bawley Point	186	34.19		244	44.85		5	0.92		0	0.00		32	5.88		15	2.76		0	0.00		62	11.40		544	96.28		21	3.72		565	0.70		242	44.49		302	55.51				
Berry	331	17.21		1170	60.84		23	1.20		3	0.16		182	9.46		143	7.44		5	0.26		66	3.43		1923	95.62		88	4.38		2011	2.50		600	31.20		1323	68.80				
Bomaderry	600	21.39		1767	62.99		54	1.93		5	0.18		96	3.42		97	3.46		12	0.43		174	6.20		2805	95.93		119	4.07		2924	3.64		790	28.16		2015	71.84				
Bomaderry South	136	21.32		395	61.91		22	3.45		1	0.16		24	3.76		24	3.76		0	0.00		36	5.64		638	95.94		27	4.06		665	0.83		174	27.27		464	72.73				
Bundanoon	276	25.32		581	53.30		23	2.11		6	0.55		89	8.17		68	6.24		3	0.28		44	4.04		1090	94.62		62	5.38		1152	1.43		411	37.71		679	62.29				
Burrawang	42	12.28		230	67.25		6	1.75		1	0.29		25	7.31		24	7.02		0	0.00		14	4.09		342	95.80		15	4.20		357	0.44		84	24.56		258	75.44
Burrill Lake	363	31.35		614	53.02		7	0.60		1	0.09		55	4.75		29	2.50		2	0.17		87	7.51		1158	94.07		73	5.93		1231	1.53		452	39.03		706	60.97
Callala Bay	261	28.43		496	54.03		12	1.31		0	0.00		39	4.25		22	2.40		2	0.22		86	9.37		918	94.93		49	5.07		967	1.20		326	35.51		592	64.49
Callala Beach	118	32.42		196	53.85		2	0.55		1	0.27		19	5.22		7	1.92		1	0.27		20	5.49		364	92.86		28	7.14		392	0.49		148	40.66		216	59.34
Cambewarra	129	13.71		643	68.33		23	2.44		0	0.00		69	7.33		46	4.89		3	0.32		28	2.98		941	97.31		26	2.69		967	1.20		226	24.02		715	75.98
Cudmirrah	119	28.54		221	53.00		2	0.48		0	0.00		21	5.04		19	4.56		0	0.00		35	8.39		417	95.21		21	4.79		438	0.55		156	37.41		261	62.59
Culburra	472	30.55		817	52.88		20	1.29		2	0.13		46	2.98		42	2.72		1	0.06		145	9.39		1545	96.74		52	3.26		1597	1.99		578	37.41		967	62.59
Currarong	84	24.93		194	57.57		2	0.59		1	0.30		28	8.31		8	2.37		0	0.00		20	5.93		337	96.01		14	3.99		351	0.44		124	36.80		213	63.20
Erowal Bay	132	38.82		149	43.82		4	1.18		0	0.00		25	7.35		5	1.47		7	2.06		18	5.29		340	94.71		19	5.29		359	0.45		171	50.29		169	49.71
Exeter	66	17.14		248	64.42		6	1.56		0	0.00		27	7.01		21	5.45		0	0.00		17	4.42		385	95.06		20	4.94		405	0.50		110	28.57		275	71.43
Falls Creek	105	21.65		292	60.21		4	0.82		0	0.00		30	6.19		10	2.06		5	1.03		39	8.04		485	94.91		26	5.09		511	0.64		155	31.96		330	68.04
Gerringong	246	23.68		545	52.45		27	2.60		3	0.29		124	11.93		58	5.58		8	0.77		28	2.69		1039	95.76		46	4.24		1085	1.35		408	39.27		631	60.73
Gerroa	62	22.63		157	57.30		7	2.55		0	0.00		35	12.77		6	2.19		0	0.00		7	2.55		274	97.51		7	2.49		281	0.35		94	34.31		180	65.69
Greenwell Point	231	27.86		476	57.42		5	0.60		1	0.12		18	2.17		15	1.81		3	0.36		80	9.65		829	95.29		41	4.71		870	1.08		274	33.05		555	66.95
Huskisson	260	24.32		586	54.82		15	1.40		1	0.09		62	5.80		52	4.86		12	1.12		81	7.58		1069	95.45		51	4.55		1120	1.40		381	35.64		688	64.36
Hyams Beach	32	34.41		46	49.46		0	0.00		0	0.00		9	9.68		6	6.45		0	0.00		0	0.00		93	97.89		2	2.11		95	0.12		44	47.31		49	52.69
Illaroo	455	17.45		1724	66.13		73	2.80		3	0.12		104	3.99		135	5.18		21	0.81		92	3.53		2607	96.31		100	3.69		2707	3.37		669	25.66		1938	74.34
Jamberoo	213	20.64		588	56.98		11	1.07		4	0.39		106	10.27		72	6.98		3	0.29		35	3.39		1032	94.94		55	5.06		1087	1.35		360	34.88		672	65.12
Kangaroo Valley	130	18.47		373	52.98		12	1.70		1	0.14		100	14.20		63	8.95		4	0.57		21	2.98		704	96.84		23	3.16		727	0.91		264	37.50		440	62.50
Kiama	717	26.39		1430	52.63		46	1.69		3	0.11		201	7.40		205	7.55		8	0.29		107	3.94		2717	94.11		170	5.89		2887	3.60		1047	38.54		1670	61.46
Kiama Downs	406	29.46		634	46.01		47	3.41		4	0.29		109	7.91		114	8.27		1	0.07		63	4.57		1378	94.32		83	5.68		1461	1.82		585	42.45		793	57.55
Kiama South	270	28.66		451	47.88		19	2.02		5	0.53		82	8.70		58	6.16		4	0.42		53	5.63		942	96.52		34	3.48		976	1.22		389	41.30		553	58.70
Lake Conjola	155	31.70		286	58.49		0	0.00		0	0.00		15	3.07		12	2.45		1	0.20		20	4.09		489	94.22		30	5.78		519	0.65		186	38.04		303	61.96
Manyana	136	35.98		163	43.12		0	0.00		0	0.00		29	7.67		8	2.12		0	0.00		42	11.11		378	94.03		24	5.97		402	0.50		184	48.68		194	51.32
Mayflower	83	27.04		185	60.26		10	3.26		0	0.00		8	2.61		12	3.91		1	0.33		8	2.61		307	96.54		11	3.46		318	0.40		99	32.25		208	67.75
Milton	314	22.66		803	57.94		17	1.23		0	0.00		101	7.29		60	4.33		10	0.72		81	5.84		1386	94.29		84	5.71		1470	1.83		494	35.64		892	64.36
Minnamurra	503	28.23		843	47.31		50	2.81		1	0.06		166	9.32		113	6.34		4	0.22		102	5.72		1782	95.86		77	4.14		1859	2.32		733	41.13		1049	58.87
Mollymook	353	27.30		741	57.31		17	1.31		0	0.00		76	5.88		31	2.40		2	0.15		73	5.65		1293	95.64		59	4.36		1352	1.68		470	36.35		823	63.65
Moss Vale	570	31.77		937	52.23		44	2.45		3	0.17		73	4.07		75	4.18		3	0.17		89	4.96		1794	95.32		88	4.68		1882	2.34		711	39.63		1083	60.37
Moss Vale Central	523	28.04		1049	56.25		29	1.55		5	0.27		79	4.24		95	5.09		0	0.00		85	4.56		1865	94.96		99	5.04		1964	2.45		674	36.14		1191	63.86
Nowra	506	23.48		1306	60.60		48	2.23		5	0.23		97	4.50		66	3.06		20	0.93		107	4.97		2155	95.06		112	4.94		2267	2.82		668	31.00		1487	69.00
Nowra Centre	193	17.61		706	64.42		22	2.01		1	0.09		57	5.20		49	4.47		7	0.64		61	5.57		1096	95.64		50	4.36		1146	1.43		291	26.55		805	73.45
Nowra East	535	28.70		1036	55.58		25	1.34		4	0.21		63	3.38		51	2.74		44	2.36		106	5.69		1864	94.28		113	5.72		1977	2.46		688	36.91		1176	63.09
Nowra Hill	52	17.81		200	68.49		2	0.68		0	0.00		2	0.68		12	4.11		2	0.68		22	7.53		292	94.81		16	5.19		308	0.38		62	21.23		230	78.77
Nowra Hospital	71	32.57		112	51.38		5	2.29		1	0.46		10	4.59		6	2.75		1	0.46		12	5.50		218	94.37		13	5.63		231	0.29		90	41.28		128	58.72
Nowra North	151	21.70		428	61.49		18	2.59		2	0.29		30	4.31		32	4.60		1	0.14		34	4.89		696	97.34		19	2.66		715	0.89		207	29.74		489	70.26
Nowra South	178	28.57		357	57.30		13	2.09		0	0.00		19	3.05		13	2.09		10	1.61		33	5.30		623	96.29		24	3.71		647	0.81		214	34.35		409	65.65
Orient Point	164	35.65		206	44.78		4	0.87		1	0.22		16	3.48		8	1.74		17	3.70		44	9.57		460	94.85		25	5.15		485	0.60		207	45.00		253	55.00
Penrose	34	25.37		64	47.76		0	0.00		2	1.49		13	9.70		9	6.72		0	0.00		12	8.96		134	96.40		5	3.60		139	0.17		58	43.28		76	56.72
Robertson	240	25.56		455	48.46		37	3.94		5	0.53		69	7.35		61	6.50		1	0.11		71	7.56		939	95.82		41	4.18		980	1.22		363	38.66		576	61.34
St Georges Basin	256	26.07		567	57.74		20	2.04		1	0.10		48	4.89		15	1.53		1	0.10		74	7.54		982	96.18		39	3.82		1021	1.27		322	32.79		660	67.21
Sanctuary Point	1087	36.38		1470	49.20		29	0.97		2	0.07		88	2.95		60	2.01		22	0.74		230	7.70		2988	94.50		174	5.50		3162	3.94		1262	42.24		1726	57.76
Shoalhaven Heads	675	33.20		1053	51.80		32	1.57		2	0.10		70	3.44		58	2.85		2	0.10		141	6.94		2033	93.90		132	6.10		2165	2.70		810	39.84		1223	60.16
Sussex Inlet	668	32.65		1046	51.12		10	0.49		4	0.20		58	2.83		44	2.15		5	0.24		211	10.31		2046	95.61		94	4.39		2140	2.67		804	39.30		1242	60.70
Sutton Forest	48	17.98		179	67.04		4	1.50		0	0.00		17	6.37		9	3.37		0	0.00		10	3.75		267	94.35		16	5.65		283	0.35		67	25.09		200	74.91
Sydney (Gilmore)	5	8.77		31	54.39		2	3.51		0	0.00		8	14.04		8	14.04		0	0.00		3	5.26		57	93.44		4	6.56		61	0.08		19	33.33		38	66.67
Terara	90	15.18		430	72.51		17	2.87		1	0.17		18	3.04		14	2.36		1	0.17		22	3.71		593	95.03		31	4.97		624	0.78		121	20.40		472	79.60
Tomerong	133	26.34		268	53.07		2	0.40		0	0.00		43	8.51		14	2.77		4	0.79		41	8.12		505	93.17		37	6.83		542	0.68		186	36.83		319	63.17
Ulladulla	967	28.51		1937	57.10		37	1.09		3	0.09		133	3.92		123	3.63		5	0.15		187	5.51		3392	95.82		148	4.18		3540	4.41		1216	35.85		2176	64.15			
Vincentia	442	26.89		917	55.78		22	1.34		1	0.06		92	5.60		79	4.81		6	0.36		85	5.17		1644	94.86		89	5.14		1733	2.16		590	35.89		1054	64.11			
Werri Beach	200	23.23		435	50.52		16	1.86		0	0.00		89	10.34		79	9.18		4	0.46		38	4.41		861	93.59		59	6.41		920	1.15		334	38.79		527	61.21			
Wingello	67	34.36		83	42.56		8	4.10		0	0.00		18	9.23		10	5.13		1	0.51		8	4.10		195	95.59		9	4.41		204	0.25		93	47.69		102	52.31			
Special Hospitals	78	28.16		184	66.43		4	1.44		0	0.00		2	0.72		5	1.81		1	0.36		3	1.08		277	96.18		11	3.82		288	0.36		82	29.60		195	70.40			
Total Ordinary	16195	26.29		34372	55.79		1037	1.68		90	0.15		3409	5.53		2640	4.29		283	0.46		3579	5.81		61605	95.24		3077	4.76		64682	80.57		21940	35.61		39665	64.39			
ABSENT	1171	26.80		2200	50.35		82	1.88		5	0.11		392	8.97		267	6.11		23	0.53		229	5.24		4369	96.19		173	3.81		4542	5.66		1749	40.03		2620	59.97			
POSTAL	716	23.00		1954	62.77		22	0.71		6	0.19		93	2.99		113	3.63		6	0.19		203	6.52		3113	99.27		23	0.73		3136	3.91		933	29.97		2180	70.03			
PRE_POLL	1745	24.44		4285	60.02		90	1.26		9	0.13		301	4.22		279	3.91		19	0.27		411	5.76		7139	97.54		180	2.46		7319	9.12		2306	32.30		4833	67.70			
PROVISIONAL	184	32.06		278	48.43		22	3.83		3	0.52		23	4.01		24	4.18		8	1.39		32	5.57		574	94.72		32	5.28		606	0.75		238	41.46		336	58.54			
Division Summary	20011	26.06		43089	56.11		1253	1.63		113	0.15		4218	5.49		3323	4.33		339	0.44		4454	5.80		76800	95.66		3485	4.34		80285	95.68		27166	35.37		49634	64.63			
																																									
																																									
																																									
																																									
																																									
