House of Representatives - 2001 Election: New South Wales																																										
First Preference Votes and TCP 																																										
By Candidate by Polling Place																																										

Cunningham (81540)																																										
	CURTIS			PINK			FIELDS			BERRY			MOTT			# MARTIN			NEWMAN			SKINNER			FORMAL			INFORMAL			TOTAL											
	John			J Edwin			Jeremy			Carol			Trevor			Stephen			Michael			Paul												Two Candidate Preferred								
	HAN			NGST			LP			GRN			IND			ALP			DEM			CTA												 FIELDS LP			# MARTIN ALP					
Polling Places	Vote	%		Vote	%		Vote	%		Vote	%		Vote	%		Vote	%		Vote	%		Vote	%		Vote	%		Vote	%		Vote	%		Vote	%		Vote	%				
Austinmer	30	3.02		2	0.20		249	25.03		180	18.09		58	5.83		369	37.09		93	9.35		14	1.41		995	96.60		35	3.40		1030	1.32		333	33.47		662	66.53				
Balgownie	40	3.19		3	0.24		445	35.51		68	5.43		73	5.83		488	38.95		107	8.54		29	2.31		1253	96.83		41	3.17		1294	1.66		577	46.05		676	53.95				
Balgownie Central	89	3.66		18	0.74		789	32.47		103	4.24		111	4.57		1136	46.75		141	5.80		43	1.77		2430	94.48		142	5.52		2572	3.31		1001	41.19		1429	58.81				
Bellambi	82	6.23		31	2.36		196	14.89		48	3.65		80	6.08		801	60.87		48	3.65		30	2.28		1316	95.16		67	4.84		1383	1.78		316	24.01		1000	75.99				
Bulli	55	7.02		8	1.02		160	20.43		44	5.62		91	11.62		360	45.98		59	7.54		6	0.77		783	96.43		29	3.57		812	1.04		261	33.33		522	66.67				
Bulli Central	133	5.44		26	1.06		525	21.47		114	4.66		405	16.56		1035	42.33		171	6.99		36	1.47		2445	95.62		112	4.38		2557	3.29		830	33.95		1615	66.05				
Bulli Hospital	6	4.17		1	0.69		40	27.78		11	7.64		13	9.03		61	42.36		10	6.94		2	1.39		144	98.63		2	1.37		146	0.19		53	36.81		91	63.19				
Coalcliff	11	10.48		0	0.00		25	23.81		4	3.81		8	7.62		47	44.76		9	8.57		1	0.95		105	97.22		3	2.78		108	0.14		43	40.95		62	59.05
Coledale	40	5.08		5	0.64		162	20.58		162	20.58		46	5.84		313	39.77		47	5.97		12	1.52		787	96.80		26	3.20		813	1.04		240	30.50		547	69.50
Coniston	94	5.51		32	1.88		346	20.29		90	5.28		57	3.34		934	54.78		125	7.33		27	1.58		1705	92.66		135	7.34		1840	2.36		531	31.14		1174	68.86
Cordeaux Heights	32	2.89		7	0.63		381	34.42		27	2.44		42	3.79		457	41.28		95	8.58		66	5.96		1107	96.51		40	3.49		1147	1.47		526	47.52		581	52.48
Corrimal	121	5.11		33	1.39		587	24.79		93	3.93		98	4.14		1271	53.67		87	3.67		78	3.29		2368	93.56		163	6.44		2531	3.25		832	35.14		1536	64.86
Corrimal East	161	5.32		37	1.22		690	22.79		142	4.69		162	5.35		1591	52.56		168	5.55		76	2.51		3027	94.21		186	5.79		3213	4.13		1014	33.50		2013	66.50
Fairy Meadow	83	4.43		19	1.01		448	23.93		97	5.18		67	3.58		1007	53.79		115	6.14		36	1.92		1872	93.09		139	6.91		2011	2.58		616	32.91		1256	67.09
Fairy Meadow South	8	4.06		2	1.02		44	22.34		20	10.15		6	3.05		97	49.24		16	8.12		4	2.03		197	95.63		9	4.37		206	0.26		64	32.49		133	67.51
Figtree	155	4.65		40	1.20		1075	32.22		155	4.65		130	3.90		1370	41.07		275	8.24		136	4.08		3336	94.45		196	5.55		3532	4.54		1517	45.47		1819	54.53
Figtree Heights	50	3.74		14	1.05		501	37.50		56	4.19		90	6.74		438	32.78		125	9.36		62	4.64		1336	96.05		55	3.95		1391	1.79		686	51.35		650	48.65
Gwynneville	50	3.41		8	0.54		338	23.02		106	7.22		66	4.50		686	46.73		163	11.10		51	3.47		1468	94.83		80	5.17		1548	1.99		503	34.26		965	65.74
Helensburgh	156	7.01		27	1.21		790	35.51		129	5.80		83	3.73		879	39.51		75	3.37		86	3.87		2225	95.37		108	4.63		2333	3.00		1043	46.88		1182	53.12
Helensburgh North	50	6.19		12	1.49		256	31.68		44	5.45		60	7.43		325	40.22		33	4.08		28	3.47		808	97.35		22	2.65		830	1.07		344	42.57		464	57.43
Keiraville	100	3.77		16	0.60		853	32.18		204	7.70		207	7.81		908	34.25		292	11.01		71	2.68		2651	95.19		134	4.81		2785	3.58		1216	45.87		1435	54.13
Lindsay Park	104	4.43		15	0.64		832	35.43		103	4.39		120	5.11		887	37.78		198	8.43		89	3.79		2348	96.43		87	3.57		2435	3.13		1159	49.36		1189	50.64
Mount Keira	26	4.41		0	0.00		206	34.97		42	7.13		37	6.28		212	35.99		40	6.79		26	4.41		589	96.56		21	3.44		610	0.78		294	49.92		295	50.08
Mount Kembla	26	4.51		3	0.52		171	29.69		49	8.51		48	8.33		212	36.81		53	9.20		14	2.43		576	94.74		32	5.26		608	0.78		246	42.71		330	57.29
Mount Ousley	54	2.94		18	0.98		641	34.89		117	6.37		84	4.57		732	39.85		142	7.73		49	2.67		1837	95.03		96	4.97		1933	2.48		842	45.84		995	54.16
Mount Saint Thomas	64	3.50		28	1.53		574	31.35		108	5.90		96	5.24		723	39.49		192	10.49		46	2.51		1831	94.77		101	5.23		1932	2.48		791	43.20		1040	56.80
Otford	16	8.70		1	0.54		52	28.26		26	14.13		2	1.09		60	32.61		18	9.78		9	4.89		184	95.83		8	4.17		192	0.25		79	42.93		105	57.07
Reidtown	39	4.34		17	1.89		225	25.06		32	3.56		55	6.12		457	50.89		38	4.23		35	3.90		898	96.46		33	3.54		931	1.20		334	37.19		564	62.81
Russell Vale	81	5.95		17	1.25		289	21.22		51	3.74		99	7.27		735	53.96		64	4.70		26	1.91		1362	94.71		76	5.29		1438	1.85		442	32.45		920	67.55
Scarborough	12	5.63		2	0.94		42	19.72		34	15.96		10	4.69		90	42.25		17	7.98		6	2.82		213	95.95		9	4.05		222	0.29		68	31.92		145	68.08
Smith's Hill	60	2.63		16	0.70		742	32.47		206	9.02		98	4.29		903	39.52		223	9.76		37	1.62		2285	93.80		151	6.20		2436	3.13		976	42.71		1309	57.29
Stanwell Park	23	3.37		7	1.03		188	27.57		103	15.10		73	10.70		210	30.79		55	8.06		23	3.37		682	96.60		24	3.40		706	0.91		292	42.82		390	57.18
Sydney (Cunningham)	2	1.98		0	0.00		34	33.66		12	11.88		4	3.96		37	36.63		10	9.90		2	1.98		101	97.12		3	2.88		104	0.13		42	41.58		59	58.42
Tarrawanna	93	5.18		47	2.62		506	28.16		68	3.78		68	3.78		910	50.64		78	4.34		27	1.50		1797	93.69		121	6.31		1918	2.47		667	37.12		1130	62.88
Thirroul	90	4.75		11	0.58		488	25.74		162	8.54		179	9.44		776	40.93		164	8.65		26	1.37		1896	96.49		69	3.51		1965	2.53		699	36.87		1197	63.13
Thirroul East	55	3.90		9	0.64		325	23.03		221	15.66		121	8.58		574	40.68		89	6.31		17	1.20		1411	95.99		59	4.01		1470	1.89		471	33.38		940	66.62
Towradgi	68	4.76		18	1.26		273	19.10		56	3.92		80	5.60		836	58.50		73	5.11		25	1.75		1429	93.22		104	6.78		1533	1.97		429	30.02		1000	69.98
Towradgi East	25	4.74		4	0.76		155	29.41		25	4.74		22	4.17		254	48.20		34	6.45		8	1.52		527	95.30		26	4.70		553	0.71		211	40.04		316	59.96
Unanderra (Cunningham)	13	3.28		6	1.52		110	27.78		13	3.28		22	5.56		190	47.98		27	6.82		15	3.79		396	94.29		24	5.71		420	0.54		151	38.13		245	61.87
Wollongong	106	4.14		29	1.13		699	27.27		273	10.65		100	3.90		1075	41.94		221	8.62		60	2.34		2563	92.43		210	7.57		2773	3.56		988	38.55		1575	61.45			
Wollongong Central	51	5.00		16	1.57		246	24.12		69	6.76		40	3.92		520	50.98		59	5.78		19	1.86		1020	91.97		89	8.03		1109	1.43		360	35.29		660	64.71			
Wollongong Hospital	15	5.42		8	2.89		56	20.22		27	9.75		3	1.08		152	54.87		13	4.69		3	1.08		277	95.19		14	4.81		291	0.37		81	29.24		196	70.76			
Wollongong West	56	3.58		19	1.21		429	27.39		97	6.19		91	5.81		685	43.74		136	8.68		53	3.38		1566	94.11		98	5.89		1664	2.14		628	40.10		938	59.90			
Wombarra	17	6.16		3	1.09		58	21.01		44	15.94		9	3.26		122	44.20		23	8.33		0	0.00		276	96.50		10	3.50		286	0.37		86	31.16		190	68.84			
Woonona	65	4.46		11	0.75		366	25.09		103	7.06		113	7.75		634	43.45		146	10.01		21	1.44		1459	95.92		62	4.08		1521	1.95		537	36.81		922	63.19			
Woonona Central	64	4.59		17	1.22		328	23.55		96	6.89		132	9.48		660	47.38		69	4.95		27	1.94		1393	94.19		86	5.81		1479	1.90		469	33.67		924	66.33			
Woonona East	71	3.80		16	0.86		501	26.85		89	4.77		109	5.84		924	49.52		116	6.22		40	2.14		1866	95.35		91	4.65		1957	2.52		684	36.66		1182	63.34			
Special Hospitals	7	3.85		3	1.65		62	34.07		1	0.55		6	3.30		98	53.85		5	2.75		0	0.00		182	96.81		6	3.19		188	0.24		75	41.21		107	58.79			
Total Ordinary	2849	4.50		682	1.08		17498	27.63		4124	6.51		3774	5.96		28241	44.60		4557	7.20		1597	2.52		63322	94.86		3434	5.14		66756	85.80		24647	38.92		38675	61.08			
ABSENT	220	5.59		62	1.57		1101	27.95		408	10.36		178	4.52		1550	39.35		317	8.05		103	2.61		3939	95.56		183	4.44		4122	5.30		1610	40.87		2329	59.13			
POSTAL	187	6.13		34	1.12		1058	34.70		124	4.07		124	4.07		1316	43.16		148	4.85		58	1.90		3049	98.71		40	1.29		3089	3.97		1373	45.03		1676	54.97			
PRE_POLL	153	4.49		48	1.41		1039	30.49		227	6.66		149	4.37		1458	42.78		261	7.66		73	2.14		3408	97.54		86	2.46		3494	4.49		1404	41.20		2004	58.80			
PROVISIONAL	16	4.91		14	4.29		64	19.63		31	9.51		10	3.07		157	48.16		24	7.36		10	3.07		326	94.22		20	5.78		346	0.44		106	32.52		220	67.48			
Division Summary	3425	4.63		840	1.13		20760	28.04		4914	6.64		4235	5.72		32722	44.19		5307	7.17		1841	2.49		74044	95.16		3763	4.84		77807	95.42		29140	39.35		44904	60.65			
																																									
																																						
																																						
																																						
																																						
