House of Representatives - 2001 Election: New South Wales																															
Distribution of Preferences																															
By Polling Place																															
																															
Cook																															
				FREW			POULOS			STRANG			PETERS-POWER			BAIRD			BAILEY			YOUNG			SMITH			JAMES			
				Andy			Patricia			Graeme			Cathy			Bruce			Alison			Peri			Malcolm			Peter			
				HAN						IND			GRN			LP			DEM			ALP			CTA			AFI			
	Count			Votes	%		Votes	%		Votes	%		Votes	%		Votes	%		Votes	%		Votes	%		Votes	%		Votes	%		Total
Bundeena                                                       																															
	FIRST			66	5.98		3	0.27		4	0.36		137	12.42		447	40.53		73	6.62		353	32.00		11	1.00		9	0.82		1103
	SECOND			0	0.00		0	0.00			Excluded		2	50.00		0	0.00		1	25.00		1	25.00		0	0.00		0	0.00		4
		TOTAL		66	5.98		3	0.27					139	12.60		447	40.53		74	6.71		354	32.09		11	1.00		9	0.82		1103
	THIRD			0	0.00			Excluded					2	66.67		0	0.00		1	33.33		0	0.00		0	0.00		0	0.00		3
		TOTAL		66	5.98								141	12.78		447	40.53		75	6.80		354	32.09		11	1.00		9	0.82		1103
	FOURTH			3	33.33								2	22.22		2	22.22		0	0.00		2	22.22		0	0.00			Excluded		9
		TOTAL		69	6.26								143	12.96		449	40.71		75	6.80		356	32.28		11	1.00					1103
	FIFTH			0	0.00								2	18.18		5	45.45		1	9.09		3	27.27			Excluded					11
		TOTAL		69	6.26								145	13.15		454	41.16		76	6.89		359	32.55								1103
	SIXTH			2	2.63								48	63.16		12	15.79			Excluded		14	18.42								76
		TOTAL		71	6.44								193	17.50		466	42.25					373	33.82								1103
	SEVENTH			11	5.70									Excluded		28	14.51					154	79.79								193
		TOTAL		82	7.43											494	44.79					527	47.78								1103
	EIGHTH				Excluded											36	43.90					46	56.10								82
		TOTAL														530	48.05					573	51.95								1103
																Elected															
																															
Burraneer Bay                                                  																															
	FIRST			152	4.54		14	0.42		14	0.42		84	2.51		2300	68.72		99	2.96		625	18.67		30	0.90		29	0.87		3347
	SECOND			2	14.29		1	7.14			Excluded		3	21.43		2	14.29		2	14.29		3	21.43		0	0.00		1	7.14		14
		TOTAL		154	4.60		15	0.45					87	2.60		2302	68.78		101	3.02		628	18.76		30	0.90		30	0.90		3347
	THIRD			6	40.00			Excluded					3	20.00		3	20.00		1	6.67		2	13.33		0	0.00		0	0.00		15
		TOTAL		160	4.78								90	2.69		2305	68.87		102	3.05		630	18.82		30	0.90		30	0.90		3347
	FOURTH			14	46.67								4	13.33		5	16.67		0	0.00		4	13.33		3	10.00			Excluded		30
		TOTAL		174	5.20								94	2.81		2310	69.02		102	3.05		634	18.94		33	0.99					3347
	FIFTH			0	0.00								1	3.03		21	63.64		2	6.06		9	27.27			Excluded					33
		TOTAL		174	5.20								95	2.84		2331	69.64		104	3.11		643	19.21								3347
	SIXTH			1	0.96								52	50.00		14	13.46			Excluded		37	35.58								104
		TOTAL		175	5.23								147	4.39		2345	70.06					680	20.32								3347
	SEVENTH			16	10.88									Excluded		42	28.57					89	60.54								147
		TOTAL		191	5.71											2387	71.32					769	22.98								3347
	EIGHTH				Excluded											103	53.93					88	46.07								191
		TOTAL														2490	74.39					857	25.61								3347
																Elected															
																															
Caringbah                                                      																															
	FIRST			191	5.74		20	0.60		18	0.54		81	2.43		1945	58.41		148	4.44		849	25.50		49	1.47		29	0.87		3330
	SECOND			2	11.11		2	11.11			Excluded		6	33.33		2	11.11		4	22.22		1	5.56		0	0.00		1	5.56		18
		TOTAL		193	5.80		22	0.66					87	2.61		1947	58.47		152	4.56		850	25.53		49	1.47		30	0.90		3330
	THIRD			5	22.73			Excluded					4	18.18		3	13.64		3	13.64		4	18.18		1	4.55		2	9.09		22
		TOTAL		198	5.95								91	2.73		1950	58.56		155	4.65		854	25.65		50	1.50		32	0.96		3330
	FOURTH			10	31.25								1	3.13		10	31.25		1	3.13		8	25.00		2	6.25			Excluded		32
		TOTAL		208	6.25								92	2.76		1960	58.86		156	4.68		862	25.89		52	1.56					3330
	FIFTH			3	5.77								3	5.77		33	63.46		7	13.46		6	11.54			Excluded					52
		TOTAL		211	6.34								95	2.85		1993	59.85		163	4.89		868	26.07								3330
	SIXTH			9	5.52								69	42.33		35	21.47			Excluded		50	30.67								163
		TOTAL		220	6.61								164	4.92		2028	60.90					918	27.57								3330
	SEVENTH			19	11.59									Excluded		36	21.95					109	66.46								164
		TOTAL		239	7.18											2064	61.98					1027	30.84								3330
	EIGHTH				Excluded											104	43.51					135	56.49								239
		TOTAL														2168	65.11					1162	34.89								3330
																Elected															
																															
Caringbah Central                                              																															
	FIRST			70	6.52		7	0.65		10	0.93		25	2.33		566	52.75		37	3.45		313	29.17		36	3.36		9	0.84		1073
	SECOND			3	30.00		2	20.00			Excluded		3	30.00		0	0.00		0	0.00		2	20.00		0	0.00		0	0.00		10
		TOTAL		73	6.80		9	0.84					28	2.61		566	52.75		37	3.45		315	29.36		36	3.36		9	0.84		1073
	THIRD			2	22.22			Excluded					2	22.22		1	11.11		0	0.00		3	33.33		1	11.11		0	0.00		9
		TOTAL		75	6.99								30	2.80		567	52.84		37	3.45		318	29.64		37	3.45		9	0.84		1073
	FOURTH			6	66.67								1	11.11		0	0.00		0	0.00		1	11.11		1	11.11			Excluded		9
		TOTAL		81	7.55								31	2.89		567	52.84		37	3.45		319	29.73		38	3.54					1073
	FIFTH			4	10.53								3	7.89		21	55.26		4	10.53		6	15.79			Excluded					38
		TOTAL		85	7.92								34	3.17		588	54.80		41	3.82		325	30.29								1073
	SIXTH			0	0.00								14	34.15		12	29.27			Excluded		15	36.59								41
		TOTAL		85	7.92								48	4.47		600	55.92					340	31.69								1073
	SEVENTH			5	10.42									Excluded		9	18.75					34	70.83								48
		TOTAL		90	8.39											609	56.76					374	34.86								1073
	EIGHTH				Excluded											39	43.33					51	56.67								90
		TOTAL														648	60.39					425	39.61								1073
																Elected															
																															
Caringbah North                                                																															
	FIRST			192	7.20		14	0.52		15	0.56		100	3.75		1346	50.47		101	3.79		821	30.78		40	1.50		38	1.42		2667
	SECOND			0	0.00		0	0.00			Excluded		8	53.33		3	20.00		2	13.33		1	6.67		0	0.00		1	6.67		15
		TOTAL		192	7.20		14	0.52					108	4.05		1349	50.58		103	3.86		822	30.82		40	1.50		39	1.46		2667
	THIRD			5	35.71			Excluded					2	14.29		3	21.43		0	0.00		1	7.14		1	7.14		2	14.29		14
		TOTAL		197	7.39								110	4.12		1352	50.69		103	3.86		823	30.86		41	1.54		41	1.54		2667
	FOURTH			8	19.51								7	17.07		14	34.15		1	2.44		7	17.07		4	9.76			Excluded		41
		TOTAL		205	7.69								117	4.39		1366	51.22		104	3.90		830	31.12		45	1.69					2667
	FIFTH			8	17.78								4	8.89		23	51.11		3	6.67		7	15.56			Excluded					45
		TOTAL		213	7.99								121	4.54		1389	52.08		107	4.01		837	31.38								2667
	SIXTH			5	4.67								39	36.45		25	23.36			Excluded		38	35.51								107
		TOTAL		218	8.17								160	6.00		1414	53.02					875	32.81								2667
	SEVENTH			21	13.13									Excluded		38	23.75					101	63.13								160
		TOTAL		239	8.96											1452	54.44					976	36.60								2667
	EIGHTH				Excluded											108	45.19					131	54.81								239
		TOTAL														1560	58.49					1107	41.51								2667
																Elected															
																															
Caringbah West                                                 																															
	FIRST			110	5.76		8	0.42		8	0.42		76	3.98		1063	55.63		56	2.93		545	28.52		34	1.78		11	0.58		1911
	SECOND			1	12.50		0	0.00			Excluded		4	50.00		1	12.50		0	0.00		2	25.00		0	0.00		0	0.00		8
		TOTAL		111	5.81		8	0.42					80	4.19		1064	55.68		56	2.93		547	28.62		34	1.78		11	0.58		1911
	THIRD			2	25.00			Excluded					1	12.50		2	25.00		0	0.00		1	12.50		1	12.50		1	12.50		8
		TOTAL		113	5.91								81	4.24		1066	55.78		56	2.93		548	28.68		35	1.83		12	0.63		1911
	FOURTH			7	58.33								1	8.33		2	16.67		1	8.33		1	8.33		0	0.00			Excluded		12
		TOTAL		120	6.28								82	4.29		1068	55.89		57	2.98		549	28.73		35	1.83					1911
	FIFTH			3	8.57								3	8.57		20	57.14		5	14.29		4	11.43			Excluded					35
		TOTAL		123	6.44								85	4.45		1088	56.93		62	3.24		553	28.94								1911
	SIXTH			34	54.84								0	0.00		10	16.13			Excluded		18	29.03								62
		TOTAL		157	8.22								85	4.45		1098	57.46					571	29.88								1911
	SEVENTH			12	14.12									Excluded		16	18.82					57	67.06								85
		TOTAL		169	8.84											1114	58.29					628	32.86								1911
	EIGHTH				Excluded											72	42.60					97	57.40								169
		TOTAL														1186	62.06					725	37.94								1911
																Elected															
																															
Cronulla                                                       																															
	FIRST			122	5.31		13	0.57		14	0.61		87	3.79		1426	62.11		104	4.53		476	20.73		29	1.26		25	1.09		2296
	SECOND			2	14.29		0	0.00			Excluded		4	28.57		3	21.43		4	28.57		1	7.14		0	0.00		0	0.00		14
		TOTAL		124	5.40		13	0.57					91	3.96		1429	62.24		108	4.70		477	20.78		29	1.26		25	1.09		2296
	THIRD			5	38.46			Excluded					1	7.69		3	23.08		2	15.38		2	15.38		0	0.00		0	0.00		13
		TOTAL		129	5.62								92	4.01		1432	62.37		110	4.79		479	20.86		29	1.26		25	1.09		2296
	FOURTH			5	20.00								7	28.00		4	16.00		3	12.00		4	16.00		2	8.00			Excluded		25
		TOTAL		134	5.84								99	4.31		1436	62.54		113	4.92		483	21.04		31	1.35					2296
	FIFTH			0	0.00								5	16.13		17	54.84		2	6.45		7	22.58			Excluded					31
		TOTAL		134	5.84								104	4.53		1453	63.28		115	5.01		490	21.34								2296
	SIXTH			8	6.96								57	49.57		22	19.13			Excluded		28	24.35								115
		TOTAL		142	6.18								161	7.01		1475	64.24					518	22.56								2296
	SEVENTH			20	12.42									Excluded		47	29.19					94	58.39								161
		TOTAL		162	7.06											1522	66.29					612	26.66								2296
	EIGHTH				Excluded											81	50.00					81	50.00								162
		TOTAL														1603	69.82					693	30.18								2296
																Elected															
																															
Cronulla Central                                               																															
	FIRST			117	6.21		9	0.48		9	0.48		95	5.04		1021	54.19		75	3.98		500	26.54		33	1.75		25	1.33		1884
	SECOND			0	0.00		2	22.22			Excluded		3	33.33		3	33.33		0	0.00		1	11.11		0	0.00		0	0.00		9
		TOTAL		117	6.21		11	0.58					98	5.20		1024	54.35		75	3.98		501	26.59		33	1.75		25	1.33		1884
	THIRD			3	27.27			Excluded					1	9.09		2	18.18		1	9.09		4	36.36		0	0.00		0	0.00		11
		TOTAL		120	6.37								99	5.25		1026	54.46		76	4.03		505	26.80		33	1.75		25	1.33		1884
	FOURTH			5	20.00								1	4.00		8	32.00		2	8.00		6	24.00		3	12.00			Excluded		25
		TOTAL		125	6.63								100	5.31		1034	54.88		78	4.14		511	27.12		36	1.91					1884
	FIFTH			3	8.33								3	8.33		20	55.56		6	16.67		4	11.11			Excluded					36
		TOTAL		128	6.79								103	5.47		1054	55.94		84	4.46		515	27.34								1884
	SIXTH			1	1.19								28	33.33		22	26.19			Excluded		33	39.29								84
		TOTAL		129	6.85								131	6.95		1076	57.11					548	29.09								1884
	SEVENTH			18	13.74									Excluded		35	26.72					78	59.54								131
		TOTAL		147	7.80											1111	58.97					626	33.23								1884
	EIGHTH				Excluded											70	47.62					77	52.38								147
		TOTAL														1181	62.69					703	37.31								1884
																Elected															
																															
Cronulla North                                                 																															
	FIRST			90	6.44		5	0.36		12	0.86		94	6.72		620	44.35		51	3.65		473	33.83		30	2.15		23	1.65		1398
	SECOND			1	8.33		2	16.67			Excluded		0	0.00		5	41.67		1	8.33		2	16.67		1	8.33		0	0.00		12
		TOTAL		91	6.51		7	0.50					94	6.72		625	44.71		52	3.72		475	33.98		31	2.22		23	1.65		1398
	THIRD			6	85.71			Excluded					0	0.00		0	0.00		0	0.00		1	14.29		0	0.00		0	0.00		7
		TOTAL		97	6.94								94	6.72		625	44.71		52	3.72		476	34.05		31	2.22		23	1.65		1398
	FOURTH			7	30.43								3	13.04		7	30.43		0	0.00		4	17.39		2	8.70			Excluded		23
		TOTAL		104	7.44								97	6.94		632	45.21		52	3.72		480	34.33		33	2.36					1398
	FIFTH			2	6.06								2	6.06		24	72.73		2	6.06		3	9.09			Excluded					33
		TOTAL		106	7.58								99	7.08		656	46.92		54	3.86		483	34.55								1398
	SIXTH			1	1.85								25	46.30		11	20.37			Excluded		17	31.48								54
		TOTAL		107	7.65								124	8.87		667	47.71					500	35.77								1398
	SEVENTH			11	8.87									Excluded		33	26.61					80	64.52								124
		TOTAL		118	8.44											700	50.07					580	41.49								1398
	EIGHTH				Excluded											56	47.46					62	52.54								118
		TOTAL														756	54.08					642	45.92								1398
																Elected															
																															
Cronulla South                                                 																															
	FIRST			123	5.01		16	0.65		14	0.57		99	4.04		1520	61.96		74	3.02		537	21.89		42	1.71		28	1.14		2453
	SECOND			3	21.43		1	7.14			Excluded		2	14.29		2	14.29		3	21.43		1	7.14		0	0.00		2	14.29		14
		TOTAL		126	5.14		17	0.69					101	4.12		1522	62.05		77	3.14		538	21.93		42	1.71		30	1.22		2453
	THIRD			5	29.41			Excluded					3	17.65		3	17.65		2	11.76		1	5.88		1	5.88		2	11.76		17
		TOTAL		131	5.34								104	4.24		1525	62.17		79	3.22		539	21.97		43	1.75		32	1.30		2453
	FOURTH			15	46.88								5	15.63		4	12.50		0	0.00		5	15.63		3	9.38			Excluded		32
		TOTAL		146	5.95								109	4.44		1529	62.33		79	3.22		544	22.18		46	1.88					2453
	FIFTH			7	15.22								3	6.52		32	69.57		0	0.00		4	8.70			Excluded					46
		TOTAL		153	6.24								112	4.57		1561	63.64		79	3.22		548	22.34								2453
	SIXTH			6	7.59								33	41.77		19	24.05			Excluded		21	26.58								79
		TOTAL		159	6.48								145	5.91		1580	64.41					569	23.20								2453
	SEVENTH			10	6.90									Excluded		28	19.31					107	73.79								145
		TOTAL		169	6.89											1608	65.55					676	27.56								2453
	EIGHTH				Excluded											96	56.80					73	43.20								169
		TOTAL														1704	69.47					749	30.53								2453
																Elected															
																															
Dolans Bay                                                     																															
	FIRST			44	4.19		3	0.29		4	0.38		28	2.66		664	63.18		28	2.66		259	24.64		15	1.43		6	0.57		1051
	SECOND			0	0.00		0	0.00			Excluded		1	25.00		1	25.00		0	0.00		2	50.00		0	0.00		0	0.00		4
		TOTAL		44	4.19		3	0.29					29	2.76		665	63.27		28	2.66		261	24.83		15	1.43		6	0.57		1051
	THIRD			0	0.00			Excluded					0	0.00		2	66.67		0	0.00		1	33.33		0	0.00		0	0.00		3
		TOTAL		44	4.19								29	2.76		667	63.46		28	2.66		262	24.93		15	1.43		6	0.57		1051
	FOURTH			0	0.00								1	16.67		3	50.00		1	16.67		0	0.00		1	16.67			Excluded		6
		TOTAL		44	4.19								30	2.85		670	63.75		29	2.76		262	24.93		16	1.52					1051
	FIFTH			0	0.00								3	18.75		11	68.75		2	12.50		0	0.00			Excluded					16
		TOTAL		44	4.19								33	3.14		681	64.80		31	2.95		262	24.93								1051
	SIXTH			2	6.45								12	38.71		10	32.26			Excluded		7	22.58								31
		TOTAL		46	4.38								45	4.28		691	65.75					269	25.59								1051
	SEVENTH			5	11.11									Excluded		7	15.56					33	73.33								45
		TOTAL		51	4.85											698	66.41					302	28.73								1051
	EIGHTH				Excluded											37	72.55					14	27.45								51
		TOTAL														735	69.93					316	30.07								1051
																Elected															
																															
Grays Point                                                    																															
	FIRST			92	6.01		2	0.13		9	0.59		67	4.37		788	51.44		61	3.98		448	29.24		49	3.20		16	1.04		1532
	SECOND			0	0.00		1	11.11			Excluded		2	22.22		2	22.22		2	22.22		1	11.11		0	0.00		1	11.11		9
		TOTAL		92	6.01		3	0.20					69	4.50		790	51.57		63	4.11		449	29.31		49	3.20		17	1.11		1532
	THIRD			1	33.33			Excluded					1	33.33		1	33.33		0	0.00		0	0.00		0	0.00		0	0.00		3
		TOTAL		93	6.07								70	4.57		791	51.63		63	4.11		449	29.31		49	3.20		17	1.11		1532
	FOURTH			5	29.41								5	29.41		4	23.53		1	5.88		2	11.76		0	0.00			Excluded		17
		TOTAL		98	6.40								75	4.90		795	51.89		64	4.18		451	29.44		49	3.20					1532
	FIFTH			3	6.12								0	0.00		40	81.63		4	8.16		2	4.08			Excluded					49
		TOTAL		101	6.59								75	4.90		835	54.50		68	4.44		453	29.57								1532
	SIXTH			2	2.94								23	33.82		18	26.47			Excluded		25	36.76								68
		TOTAL		103	6.72								98	6.40		853	55.68					478	31.20								1532
	SEVENTH			15	15.31									Excluded		15	15.31					68	69.39								98
		TOTAL		118	7.70											868	56.66					546	35.64								1532
	EIGHTH				Excluded											61	51.69					57	48.31								118
		TOTAL														929	60.64					603	39.36								1532
																Elected															
																															
Gymea                                                          																															
	FIRST			149	5.42		24	0.87		13	0.47		86	3.13		1348	49.00		102	3.71		935	33.99		68	2.47		26	0.95		2751
	SECOND			3	23.08		2	15.38			Excluded		1	7.69		2	15.38		2	15.38		3	23.08		0	0.00		0	0.00		13
		TOTAL		152	5.53		26	0.95					87	3.16		1350	49.07		104	3.78		938	34.10		68	2.47		26	0.95		2751
	THIRD			7	26.92			Excluded					2	7.69		8	30.77		2	7.69		2	7.69		2	7.69		3	11.54		26
		TOTAL		159	5.78								89	3.24		1358	49.36		106	3.85		940	34.17		70	2.54		29	1.05		2751
	FOURTH			10	34.48								6	20.69		3	10.34		1	3.45		6	20.69		3	10.34			Excluded		29
		TOTAL		169	6.14								95	3.45		1361	49.47		107	3.89		946	34.39		73	2.65					2751
	FIFTH			7	9.59								4	5.48		47	64.38		8	10.96		7	9.59			Excluded					73
		TOTAL		176	6.40								99	3.60		1408	51.18		115	4.18		953	34.64								2751
	SIXTH			2	1.74								61	53.04		19	16.52			Excluded		33	28.70								115
		TOTAL		178	6.47								160	5.82		1427	51.87					986	35.84								2751
	SEVENTH			25	15.63									Excluded		42	26.25					93	58.13								160
		TOTAL		203	7.38											1469	53.40					1079	39.22								2751
	EIGHTH				Excluded											96	47.29					107	52.71								203
		TOTAL														1565	56.89					1186	43.11								2751
																Elected															
																															
Gymea North                                                    																															
	FIRST			68	6.63		1	0.10		9	0.88		21	2.05		587	57.27		42	4.10		272	26.54		16	1.56		9	0.88		1025
	SECOND			2	22.22		2	22.22			Excluded		3	33.33		1	11.11		0	0.00		0	0.00		0	0.00		1	11.11		9
		TOTAL		70	6.83		3	0.29					24	2.34		588	57.37		42	4.10		272	26.54		16	1.56		10	0.98		1025
	THIRD			3	100.00			Excluded					0	0.00		0	0.00		0	0.00		0	0.00		0	0.00		0	0.00		3
		TOTAL		73	7.12								24	2.34		588	57.37		42	4.10		272	26.54		16	1.56		10	0.98		1025
	FOURTH			2	20.00								3	30.00		0	0.00		2	20.00		1	10.00		2	20.00			Excluded		10
		TOTAL		75	7.32								27	2.63		588	57.37		44	4.29		273	26.63		18	1.76					1025
	FIFTH			2	11.11								2	11.11		11	61.11		0	0.00		3	16.67			Excluded					18
		TOTAL		77	7.51								29	2.83		599	58.44		44	4.29		276	26.93								1025
	SIXTH			1	2.27								18	40.91		4	9.09			Excluded		21	47.73								44
		TOTAL		78	7.61								47	4.59		603	58.83					297	28.98								1025
	SEVENTH			2	4.26									Excluded		13	27.66					32	68.09								47
		TOTAL		80	7.80											616	60.10					329	32.10								1025
	EIGHTH				Excluded											31	38.75					49	61.25								80
		TOTAL														647	63.12					378	36.88								1025
																Elected															
																															
Gymea South                                                    																															
	FIRST			189	5.60		19	0.56		20	0.59		127	3.77		1888	55.99		164	4.86		872	25.86		52	1.54		41	1.22		3372
	SECOND			2	10.00		5	25.00			Excluded		2	10.00		2	10.00		4	20.00		4	20.00		0	0.00		1	5.00		20
		TOTAL		191	5.66		24	0.71					129	3.83		1890	56.05		168	4.98		876	25.98		52	1.54		42	1.25		3372
	THIRD			2	8.33			Excluded					7	29.17		7	29.17		2	8.33		2	8.33		0	0.00		4	16.67		24
		TOTAL		193	5.72								136	4.03		1897	56.26		170	5.04		878	26.04		52	1.54		46	1.36		3372
	FOURTH			12	26.09								3	6.52		14	30.43		2	4.35		11	23.91		4	8.70			Excluded		46
		TOTAL		205	6.08								139	4.12		1911	56.67		172	5.10		889	26.36		56	1.66					3372
	FIFTH			7	12.50								3	5.36		36	64.29		5	8.93		5	8.93			Excluded					56
		TOTAL		212	6.29								142	4.21		1947	57.74		177	5.25		894	26.51								3372
	SIXTH			9	5.08								93	52.54		32	18.08			Excluded		43	24.29								177
		TOTAL		221	6.55								235	6.97		1979	58.69					937	27.79								3372
	SEVENTH			19	8.09									Excluded		48	20.43					168	71.49								235
		TOTAL		240	7.12											2027	60.11					1105	32.77								3372
	EIGHTH				Excluded											107	44.58					133	55.42								240
		TOTAL														2134	63.29					1238	36.71								3372
																Elected															
																															
Kareela                                                        																															
	FIRST			98	4.40		15	0.67		7	0.31		67	3.01		1393	62.55		68	3.05		548	24.61		16	0.72		15	0.67		2227
	SECOND			2	28.57		1	14.29			Excluded		1	14.29		0	0.00		1	14.29		1	14.29		0	0.00		1	14.29		7
		TOTAL		100	4.49		16	0.72					68	3.05		1393	62.55		69	3.10		549	24.65		16	0.72		16	0.72		2227
	THIRD			2	12.50			Excluded					2	12.50		1	6.25		1	6.25		5	31.25		3	18.75		2	12.50		16
		TOTAL		102	4.58								70	3.14		1394	62.60		70	3.14		554	24.88		19	0.85		18	0.81		2227
	FOURTH			4	22.22								1	5.56		3	16.67		4	22.22		5	27.78		1	5.56			Excluded		18
		TOTAL		106	4.76								71	3.19		1397	62.73		74	3.32		559	25.10		20	0.90					2227
	FIFTH			3	15.00								2	10.00		12	60.00		1	5.00		2	10.00			Excluded					20
		TOTAL		109	4.89								73	3.28		1409	63.27		75	3.37		561	25.19								2227
	SIXTH			2	2.67								27	36.00		24	32.00			Excluded		22	29.33								75
		TOTAL		111	4.98								100	4.49		1433	64.35					583	26.18								2227
	SEVENTH			10	10.00									Excluded		30	30.00					60	60.00								100
		TOTAL		121	5.43											1463	65.69					643	28.87								2227
	EIGHTH				Excluded											63	52.07					58	47.93								121
		TOTAL														1526	68.52					701	31.48								2227
																Elected															
																															
Kirrawee                                                       																															
	FIRST			151	8.40		9	0.50		9	0.50		54	3.01		965	53.70		64	3.56		483	26.88		43	2.39		19	1.06		1797
	SECOND			2	22.22		0	0.00			Excluded		2	22.22		1	11.11		0	0.00		2	22.22		0	0.00		2	22.22		9
		TOTAL		153	8.51		9	0.50					56	3.12		966	53.76		64	3.56		485	26.99		43	2.39		21	1.17		1797
	THIRD			3	33.33			Excluded					2	22.22		1	11.11		1	11.11		1	11.11		1	11.11		0	0.00		9
		TOTAL		156	8.68								58	3.23		967	53.81		65	3.62		486	27.05		44	2.45		21	1.17		1797
	FOURTH			11	52.38								1	4.76		6	28.57		2	9.52		1	4.76		0	0.00			Excluded		21
		TOTAL		167	9.29								59	3.28		973	54.15		67	3.73		487	27.10		44	2.45					1797
	FIFTH			3	6.82								3	6.82		29	65.91		4	9.09		5	11.36			Excluded					44
		TOTAL		170	9.46								62	3.45		1002	55.76		71	3.95		492	27.38								1797
	SIXTH			3	4.23								38	53.52		13	18.31			Excluded		17	23.94								71
		TOTAL		173	9.63								100	5.56		1015	56.48					509	28.32								1797
	SEVENTH			13	13.00									Excluded		30	30.00					57	57.00								100
		TOTAL		186	10.35											1045	58.15					566	31.50								1797
	EIGHTH				Excluded											70	37.63					116	62.37								186
		TOTAL														1115	62.05					682	37.95								1797
																Elected															
																															
Kirrawee South                                                 																															
	FIRST			75	5.21		2	0.14		10	0.69		38	2.64		832	57.82		52	3.61		382	26.55		31	2.15		17	1.18		1439
	SECOND			1	10.00		1	10.00			Excluded		6	60.00		0	0.00		1	10.00		0	0.00		0	0.00		1	10.00		10
		TOTAL		76	5.28		3	0.21					44	3.06		832	57.82		53	3.68		382	26.55		31	2.15		18	1.25		1439
	THIRD			0	0.00			Excluded					1	33.33		2	66.67		0	0.00		0	0.00		0	0.00		0	0.00		3
		TOTAL		76	5.28								45	3.13		834	57.96		53	3.68		382	26.55		31	2.15		18	1.25		1439
	FOURTH			6	33.33								5	27.78		3	16.67		1	5.56		1	5.56		2	11.11			Excluded		18
		TOTAL		82	5.70								50	3.47		837	58.17		54	3.75		383	26.62		33	2.29					1439
	FIFTH			2	6.06								0	0.00		23	69.70		8	24.24		0	0.00			Excluded					33
		TOTAL		84	5.84								50	3.47		860	59.76		62	4.31		383	26.62								1439
	SIXTH			0	0.00								30	48.39		6	9.68			Excluded		26	41.94								62
		TOTAL		84	5.84								80	5.56		866	60.18					409	28.42								1439
	SEVENTH			8	10.00									Excluded		26	32.50					46	57.50								80
		TOTAL		92	6.39											892	61.99					455	31.62								1439
	EIGHTH				Excluded											49	53.26					43	46.74								92
		TOTAL														941	65.39					498	34.61								1439
																Elected															
																															
Kurnell                                                        																															
	FIRST			142	12.76		8	0.72		8	0.72		53	4.76		501	45.01		33	2.96		330	29.65		23	2.07		15	1.35		1113
	SECOND			1	12.50		0	0.00			Excluded		3	37.50		3	37.50		0	0.00		1	12.50		0	0.00		0	0.00		8
		TOTAL		143	12.85		8	0.72					56	5.03		504	45.28		33	2.96		331	29.74		23	2.07		15	1.35		1113
	THIRD			3	37.50			Excluded					3	37.50		0	0.00		0	0.00		1	12.50		0	0.00		1	12.50		8
		TOTAL		146	13.12								59	5.30		504	45.28		33	2.96		332	29.83		23	2.07		16	1.44		1113
	FOURTH			3	18.75								3	18.75		4	25.00		0	0.00		6	37.50		0	0.00			Excluded		16
		TOTAL		149	13.39								62	5.57		508	45.64		33	2.96		338	30.37		23	2.07					1113
	FIFTH			2	8.70								2	8.70		12	52.17		1	4.35		6	26.09			Excluded					23
		TOTAL		151	13.57								64	5.75		520	46.72		34	3.05		344	30.91								1113
	SIXTH			1	2.94								19	55.88		7	20.59			Excluded		7	20.59								34
		TOTAL		152	13.66								83	7.46		527	47.35					351	31.54								1113
	SEVENTH			9	10.84									Excluded		18	21.69					56	67.47								83
		TOTAL		161	14.47											545	48.97					407	36.57								1113
	EIGHTH				Excluded											65	40.37					96	59.63								161
		TOTAL														610	54.81					503	45.19								1113
																Elected															
																															
Lilli Pilli                                                    																															
	FIRST			45	3.63		2	0.16		5	0.40		27	2.18		865	69.70		39	3.14		248	19.98		4	0.32		6	0.48		1241
	SECOND			1	20.00		0	0.00			Excluded		2	40.00		0	0.00		2	40.00		0	0.00		0	0.00		0	0.00		5
		TOTAL		46	3.71		2	0.16					29	2.34		865	69.70		41	3.30		248	19.98		4	0.32		6	0.48		1241
	THIRD			1	50.00			Excluded					0	0.00		0	0.00		0	0.00		1	50.00		0	0.00		0	0.00		2
		TOTAL		47	3.79								29	2.34		865	69.70		41	3.30		249	20.06		4	0.32		6	0.48		1241
	FOURTH			3	50.00								0	0.00		2	33.33		0	0.00		1	16.67		0	0.00			Excluded		6
		TOTAL		50	4.03								29	2.34		867	69.86		41	3.30		250	20.15		4	0.32					1241
	FIFTH			0	0.00								0	0.00		2	50.00		1	25.00		1	25.00			Excluded					4
		TOTAL		50	4.03								29	2.34		869	70.02		42	3.38		251	20.23								1241
	SIXTH			0	0.00								20	47.62		5	11.90			Excluded		17	40.48								42
		TOTAL		50	4.03								49	3.95		874	70.43					268	21.60								1241
	SEVENTH			4	8.16									Excluded		12	24.49					33	67.35								49
		TOTAL		54	4.35											886	71.39					301	24.25								1241
	EIGHTH				Excluded											32	59.26					22	40.74								54
		TOTAL														918	73.97					323	26.03								1241
																Elected															
																															
Maianbar                                                       																															
	FIRST			17	6.91		0	0.00		3	1.22		28	11.38		97	39.43		16	6.50		83	33.74		1	0.41		1	0.41		246
	SECOND			0	0.00		0	0.00			Excluded		0	0.00		2	66.67		0	0.00		1	33.33		0	0.00		0	0.00		3
		TOTAL		17	6.91		0	0.00					28	11.38		99	40.24		16	6.50		84	34.15		1	0.41		1	0.41		246
	THIRD			0	0.00			Excluded					0	0.00		0	0.00		0	0.00		0	0.00		0	0.00		0	0.00		0
		TOTAL		17	6.91								28	11.38		99	40.24		16	6.50		84	34.15		1	0.41		1	0.41		246
	FOURTH			1	100.00								0	0.00		0	0.00		0	0.00		0	0.00		0	0.00			Excluded		1
		TOTAL		18	7.32								28	11.38		99	40.24		16	6.50		84	34.15		1	0.41					246
	FIFTH			0	0.00								0	0.00		0	0.00		0	0.00		1	100.00			Excluded					1
		TOTAL		18	7.32								28	11.38		99	40.24		16	6.50		85	34.55								246
	SIXTH			0	0.00								6	37.50		5	31.25			Excluded		5	31.25								16
		TOTAL		18	7.32								34	13.82		104	42.28					90	36.59								246
	SEVENTH			1	2.94									Excluded		8	23.53					25	73.53								34
		TOTAL		19	7.72											112	45.53					115	46.75								246
	EIGHTH				Excluded											14	73.68					5	26.32								19
		TOTAL														126	51.22					120	48.78								246
																Elected															
																															
Miranda                                                        																															
	FIRST			123	5.04		16	0.66		9	0.37		85	3.48		1223	50.12		101	4.14		821	33.65		28	1.15		34	1.39		2440
	SECOND			1	11.11		0	0.00			Excluded		4	44.44		1	11.11		2	22.22		1	11.11		0	0.00		0	0.00		9
		TOTAL		124	5.08		16	0.66					89	3.65		1224	50.16		103	4.22		822	33.69		28	1.15		34	1.39		2440
	THIRD			3	18.75			Excluded					4	25.00		4	25.00		0	0.00		1	6.25		3	18.75		1	6.25		16
		TOTAL		127	5.20								93	3.81		1228	50.33		103	4.22		823	33.73		31	1.27		35	1.43		2440
	FOURTH			6	17.14								5	14.29		10	28.57		3	8.57		9	25.71		2	5.71			Excluded		35
		TOTAL		133	5.45								98	4.02		1238	50.74		106	4.34		832	34.10		33	1.35					2440
	FIFTH			4	12.12								4	12.12		17	51.52		4	12.12		4	12.12			Excluded					33
		TOTAL		137	5.61								102	4.18		1255	51.43		110	4.51		836	34.26								2440
	SIXTH			3	2.73								51	46.36		17	15.45			Excluded		39	35.45								110
		TOTAL		140	5.74								153	6.27		1272	52.13					875	35.86								2440
	SEVENTH			17	11.11									Excluded		44	28.76					92	60.13								153
		TOTAL		157	6.43											1316	53.93					967	39.63								2440
	EIGHTH				Excluded											70	44.59					87	55.41								157
		TOTAL														1386	56.80					1054	43.20								2440
																Elected															
																															
Miranda Central                                                																															
	FIRST			107	7.77		5	0.36		10	0.73		44	3.20		630	45.75		48	3.49		494	35.88		28	2.03		11	0.80		1377
	SECOND			0	0.00		2	20.00			Excluded		4	40.00		1	10.00		2	20.00		0	0.00		0	0.00		1	10.00		10
		TOTAL		107	7.77		7	0.51					48	3.49		631	45.82		50	3.63		494	35.88		28	2.03		12	0.87		1377
	THIRD			4	57.14			Excluded					2	28.57		0	0.00		1	14.29		0	0.00		0	0.00		0	0.00		7
		TOTAL		111	8.06								50	3.63		631	45.82		51	3.70		494	35.88		28	2.03		12	0.87		1377
	FOURTH			3	25.00								0	0.00		6	50.00		1	8.33		2	16.67		0	0.00			Excluded		12
		TOTAL		114	8.28								50	3.63		637	46.26		52	3.78		496	36.02		28	2.03					1377
	FIFTH			2	7.14								6	21.43		15	53.57		2	7.14		3	10.71			Excluded					28
		TOTAL		116	8.42								56	4.07		652	47.35		54	3.92		499	36.24								1377
	SIXTH			4	7.41								20	37.04		12	22.22			Excluded		18	33.33								54
		TOTAL		120	8.71								76	5.52		664	48.22					517	37.55								1377
	SEVENTH			10	13.16									Excluded		16	21.05					50	65.79								76
		TOTAL		130	9.44											680	49.38					567	41.18								1377
	EIGHTH				Excluded											58	44.62					72	55.38								130
		TOTAL														738	53.59					639	46.41								1377
																Elected															
																															
Miranda North                                                  																															
	FIRST			146	7.45		13	0.66		6	0.31		53	2.70		1078	55.00		52	2.65		564	28.78		25	1.28		23	1.17		1960
	SECOND			2	33.33		0	0.00			Excluded		3	50.00		0	0.00		1	16.67		0	0.00		0	0.00		0	0.00		6
		TOTAL		148	7.55		13	0.66					56	2.86		1078	55.00		53	2.70		564	28.78		25	1.28		23	1.17		1960
	THIRD			5	38.46			Excluded					2	15.38		4	30.77		0	0.00		1	7.69		0	0.00		1	7.69		13
		TOTAL		153	7.81								58	2.96		1082	55.20		53	2.70		565	28.83		25	1.28		24	1.22		1960
	FOURTH			13	54.17								0	0.00		5	20.83		3	12.50		2	8.33		1	4.17			Excluded		24
		TOTAL		166	8.47								58	2.96		1087	55.46		56	2.86		567	28.93		26	1.33					1960
	FIFTH			5	19.23								3	11.54		14	53.85		3	11.54		1	3.85			Excluded					26
		TOTAL		171	8.72								61	3.11		1101	56.17		59	3.01		568	28.98								1960
	SIXTH			5	8.47								22	37.29		18	30.51			Excluded		14	23.73								59
		TOTAL		176	8.98								83	4.23		1119	57.09					582	29.69								1960
	SEVENTH			11	13.25									Excluded		25	30.12					47	56.63								83
		TOTAL		187	9.54											1144	58.37					629	32.09								1960
	EIGHTH				Excluded											92	49.20					95	50.80								187
		TOTAL														1236	63.06					724	36.94								1960
																Elected															
																															
Sutherland Hospital                                            																															
	FIRST			59	7.88		7	0.93		5	0.67		23	3.07		379	50.60		17	2.27		235	31.38		20	2.67		4	0.53		749
	SECOND			0	0.00		2	40.00			Excluded		2	40.00		1	20.00		0	0.00		0	0.00		0	0.00		0	0.00		5
		TOTAL		59	7.88		9	1.20					25	3.34		380	50.73		17	2.27		235	31.38		20	2.67		4	0.53		749
	THIRD			3	33.33			Excluded					0	0.00		3	33.33		1	11.11		1	11.11		1	11.11		0	0.00		9
		TOTAL		62	8.28								25	3.34		383	51.13		18	2.40		236	31.51		21	2.80		4	0.53		749
	FOURTH			0	0.00								1	25.00		1	25.00		0	0.00		0	0.00		2	50.00			Excluded		4
		TOTAL		62	8.28								26	3.47		384	51.27		18	2.40		236	31.51		23	3.07					749
	FIFTH			2	8.70								2	8.70		19	82.61		0	0.00		0	0.00			Excluded					23
		TOTAL		64	8.54								28	3.74		403	53.81		18	2.40		236	31.51								749
	SIXTH			1	5.56								6	33.33		2	11.11			Excluded		9	50.00								18
		TOTAL		65	8.68								34	4.54		405	54.07					245	32.71								749
	SEVENTH			8	23.53									Excluded		10	29.41					16	47.06								34
		TOTAL		73	9.75											415	55.41					261	34.85								749
	EIGHTH				Excluded											40	54.79					33	45.21								73
		TOTAL														455	60.75					294	39.25								749
																Elected															
																															
Sutherland North (Cook)                                        																															
	FIRST			76	5.19		8	0.55		12	0.82		52	3.55		776	53.04		47	3.21		447	30.55		20	1.37		25	1.71		1463
	SECOND			1	8.33		2	16.67			Excluded		3	25.00		1	8.33		1	8.33		1	8.33		1	8.33		2	16.67		12
		TOTAL		77	5.26		10	0.68					55	3.76		777	53.11		48	3.28		448	30.62		21	1.44		27	1.85		1463
	THIRD			3	30.00			Excluded					2	20.00		2	20.00		0	0.00		1	10.00		0	0.00		2	20.00		10
		TOTAL		80	5.47								57	3.90		779	53.25		48	3.28		449	30.69		21	1.44		29	1.98		1463
	FOURTH			10	34.48								8	27.59		4	13.79		4	13.79		2	6.90		1	3.45			Excluded		29
		TOTAL		90	6.15								65	4.44		783	53.52		52	3.55		451	30.83		22	1.50					1463
	FIFTH			1	4.55								2	9.09		13	59.09		3	13.64		3	13.64			Excluded					22
		TOTAL		91	6.22								67	4.58		796	54.41		55	3.76		454	31.03								1463
	SIXTH			4	7.27								23	41.82		12	21.82			Excluded		16	29.09								55
		TOTAL		95	6.49								90	6.15		808	55.23					470	32.13								1463
	SEVENTH			11	12.22									Excluded		24	26.67					55	61.11								90
		TOTAL		106	7.25											832	56.87					525	35.89								1463
	EIGHTH				Excluded											42	39.62					64	60.38								106
		TOTAL														874	59.74					589	40.26								1463
																Elected															
																															
Sydney (Cook)                                                  																															
	FIRST			3	3.33		1	1.11		1	1.11		6	6.67		50	55.56		3	3.33		25	27.78		1	1.11		0	0.00		90
	SECOND			0	0.00		1	100.00			Excluded		0	0.00		0	0.00		0	0.00		0	0.00		0	0.00		0	0.00		1
		TOTAL		3	3.33		2	2.22					6	6.67		50	55.56		3	3.33		25	27.78		1	1.11		0	0.00		90
	THIRD			1	50.00			Excluded					1	50.00		0	0.00		0	0.00		0	0.00		0	0.00		0	0.00		2
		TOTAL		4	4.44								7	7.78		50	55.56		3	3.33		25	27.78		1	1.11		0	0.00		90
	FOURTH			0	0.00								0	0.00		0	0.00		0	0.00		0	0.00		0	0.00			Excluded		0
		TOTAL		4	4.44								7	7.78		50	55.56		3	3.33		25	27.78		1	1.11					90
	FIFTH			1	100.00								0	0.00		0	0.00		0	0.00		0	0.00			Excluded					1
		TOTAL		5	5.56								7	7.78		50	55.56		3	3.33		25	27.78								90
	SIXTH			0	0.00								1	33.33		0	0.00			Excluded		2	66.67								3
		TOTAL		5	5.56								8	8.89		50	55.56					27	30.00								90
	SEVENTH			0	0.00									Excluded		3	37.50					5	62.50								8
		TOTAL		5	5.56											53	58.89					32	35.56								90
	EIGHTH				Excluded											5	100.00					0	0.00								5
		TOTAL														58	64.44					32	35.56								90
																Elected															
																															
Sylvania                                                       																															
	FIRST			88	6.16		11	0.77		6	0.42		32	2.24		870	60.92		62	4.34		320	22.41		27	1.89		12	0.84		1428
	SECOND			2	33.33		2	33.33			Excluded		1	16.67		0	0.00		1	16.67		0	0.00		0	0.00		0	0.00		6
		TOTAL		90	6.30		13	0.91					33	2.31		870	60.92		63	4.41		320	22.41		27	1.89		12	0.84		1428
	THIRD			3	23.08			Excluded					2	15.38		3	23.08		1	7.69		3	23.08		0	0.00		1	7.69		13
		TOTAL		93	6.51								35	2.45		873	61.13		64	4.48		323	22.62		27	1.89		13	0.91		1428
	FOURTH			5	38.46								2	15.38		0	0.00		1	7.69		5	38.46		0	0.00			Excluded		13
		TOTAL		98	6.86								37	2.59		873	61.13		65	4.55		328	22.97		27	1.89					1428
	FIFTH			0	0.00								0	0.00		20	74.07		1	3.70		6	22.22			Excluded					27
		TOTAL		98	6.86								37	2.59		893	62.54		66	4.62		334	23.39								1428
	SIXTH			1	1.52								26	39.39		13	19.70			Excluded		26	39.39								66
		TOTAL		99	6.93								63	4.41		906	63.45					360	25.21								1428
	SEVENTH			8	12.70									Excluded		14	22.22					41	65.08								63
		TOTAL		107	7.49											920	64.43					401	28.08								1428
	EIGHTH				Excluded											58	54.21					49	45.79								107
		TOTAL														978	68.49					450	31.51								1428
																Elected															
																															
Sylvania Central                                               																															
	FIRST			45	6.32		13	1.83		0	0.00		16	2.25		420	58.99		21	2.95		183	25.70		10	1.40		4	0.56		712
	SECOND			0	0.00		0	0.00			Excluded		0	0.00		0	0.00		0	0.00		0	0.00		0	0.00		0	0.00		0
		TOTAL		45	6.32		13	1.83					16	2.25		420	58.99		21	2.95		183	25.70		10	1.40		4	0.56		712
	THIRD			3	23.08			Excluded					2	15.38		2	15.38		0	0.00		3	23.08		1	7.69		2	15.38		13
		TOTAL		48	6.74								18	2.53		422	59.27		21	2.95		186	26.12		11	1.54		6	0.84		712
	FOURTH			0	0.00								1	16.67		2	33.33		0	0.00		2	33.33		1	16.67			Excluded		6
		TOTAL		48	6.74								19	2.67		424	59.55		21	2.95		188	26.40		12	1.69					712
	FIFTH			2	16.67								1	8.33		5	41.67		0	0.00		4	33.33			Excluded					12
		TOTAL		50	7.02								20	2.81		429	60.25		21	2.95		192	26.97								712
	SIXTH			0	0.00								10	47.62		8	38.10			Excluded		3	14.29								21
		TOTAL		50	7.02								30	4.21		437	61.38					195	27.39								712
	SEVENTH			3	10.00									Excluded		10	33.33					17	56.67								30
		TOTAL		53	7.44											447	62.78					212	29.78								712
	EIGHTH				Excluded											26	49.06					27	50.94								53
		TOTAL														473	66.43					239	33.57								712
																Elected															
																															
Sylvania Heights                                               																															
	FIRST			195	5.59		41	1.17		17	0.49		95	2.72		2029	58.14		137	3.93		884	25.33		63	1.81		29	0.83		3490
	SECOND			1	5.88		1	5.88			Excluded		4	23.53		4	23.53		3	17.65		3	17.65		1	5.88		0	0.00		17
		TOTAL		196	5.62		42	1.20					99	2.84		2033	58.25		140	4.01		887	25.42		64	1.83		29	0.83		3490
	THIRD			14	33.33			Excluded					5	11.90		5	11.90		5	11.90		4	9.52		6	14.29		3	7.14		42
		TOTAL		210	6.02								104	2.98		2038	58.40		145	4.15		891	25.53		70	2.01		32	0.92		3490
	FOURTH			11	34.38								2	6.25		1	3.13		1	3.13		5	15.63		12	37.50			Excluded		32
		TOTAL		221	6.33								106	3.04		2039	58.42		146	4.18		896	25.67		82	2.35					3490
	FIFTH			4	4.88								7	8.54		51	62.20		4	4.88		16	19.51			Excluded					82
		TOTAL		225	6.45								113	3.24		2090	59.89		150	4.30		912	26.13								3490
	SIXTH			8	5.33								71	47.33		31	20.67			Excluded		40	26.67								150
		TOTAL		233	6.68								184	5.27		2121	60.77					952	27.28								3490
	SEVENTH			17	9.24									Excluded		57	30.98					110	59.78								184
		TOTAL		250	7.16											2178	62.41					1062	30.43								3490
	EIGHTH				Excluded											122	48.80					128	51.20								250
		TOTAL														2300	65.90					1190	34.10								3490
																Elected															
																															
Sylvania South                                                 																															
	FIRST			87	6.32		12	0.87		7	0.51		20	1.45		885	64.27		27	1.96		303	22.00		28	2.03		8	0.58		1377
	SECOND			2	28.57		1	14.29			Excluded		0	0.00		0	0.00		2	28.57		1	14.29		0	0.00		1	14.29		7
		TOTAL		89	6.46		13	0.94					20	1.45		885	64.27		29	2.11		304	22.08		28	2.03		9	0.65		1377
	THIRD			4	30.77			Excluded					0	0.00		4	30.77		0	0.00		1	7.69		3	23.08		1	7.69		13
		TOTAL		93	6.75								20	1.45		889	64.56		29	2.11		305	22.15		31	2.25		10	0.73		1377
	FOURTH			2	20.00								1	10.00		3	30.00		1	10.00		2	20.00		1	10.00			Excluded		10
		TOTAL		95	6.90								21	1.53		892	64.78		30	2.18		307	22.29		32	2.32					1377
	FIFTH			3	9.38								3	9.38		21	65.63		2	6.25		3	9.38			Excluded					32
		TOTAL		98	7.12								24	1.74		913	66.30		32	2.32		310	22.51								1377
	SIXTH			0	0.00								15	46.88		7	21.88			Excluded		10	31.25								32
		TOTAL		98	7.12								39	2.83		920	66.81					320	23.24								1377
	SEVENTH			9	23.08									Excluded		11	28.21					19	48.72								39
		TOTAL		107	7.77											931	67.61					339	24.62								1377
	EIGHTH				Excluded											60	56.07					47	43.93								107
		TOTAL														991	71.97					386	28.03								1377
																Elected															
																															
Sylvania Waters                                                																															
	FIRST			67	5.76		13	1.12		6	0.52		23	1.98		761	65.38		24	2.06		248	21.31		13	1.12		9	0.77		1164
	SECOND			1	16.67		1	16.67			Excluded		1	16.67		2	33.33		0	0.00		0	0.00		0	0.00		1	16.67		6
		TOTAL		68	5.84		14	1.20					24	2.06		763	65.55		24	2.06		248	21.31		13	1.12		10	0.86		1164
	THIRD			2	14.29			Excluded					7	50.00		2	14.29		0	0.00		2	14.29		0	0.00		1	7.14		14
		TOTAL		70	6.01								31	2.66		765	65.72		24	2.06		250	21.48		13	1.12		11	0.95		1164
	FOURTH			6	54.55								0	0.00		2	18.18		1	9.09		0	0.00		2	18.18			Excluded		11
		TOTAL		76	6.53								31	2.66		767	65.89		25	2.15		250	21.48		15	1.29					1164
	FIFTH			0	0.00								0	0.00		6	40.00		2	13.33		7	46.67			Excluded					15
		TOTAL		76	6.53								31	2.66		773	66.41		27	2.32		257	22.08								1164
	SIXTH			2	7.41								12	44.44		5	18.52			Excluded		8	29.63								27
		TOTAL		78	6.70								43	3.69		778	66.84					265	22.77								1164
	SEVENTH			1	2.33									Excluded		25	58.14					17	39.53								43
		TOTAL		79	6.79											803	68.99					282	24.23								1164
	EIGHTH				Excluded											38	48.10					41	51.90								79
		TOTAL														841	72.25					323	27.75								1164
																Elected															
																															
Taren Point                                                    																															
	FIRST			69	7.48		11	1.19		4	0.43		24	2.60		555	60.13		21	2.28		218	23.62		18	1.95		3	0.33		923
	SECOND			0	0.00		1	25.00			Excluded		2	50.00		1	25.00		0	0.00		0	0.00		0	0.00		0	0.00		4
		TOTAL		69	7.48		12	1.30					26	2.82		556	60.24		21	2.28		218	23.62		18	1.95		3	0.33		923
	THIRD			3	25.00			Excluded					2	16.67		4	33.33		0	0.00		2	16.67		1	8.33		0	0.00		12
		TOTAL		72	7.80								28	3.03		560	60.67		21	2.28		220	23.84		19	2.06		3	0.33		923
	FOURTH			2	66.67								0	0.00		1	33.33		0	0.00		0	0.00		0	0.00			Excluded		3
		TOTAL		74	8.02								28	3.03		561	60.78		21	2.28		220	23.84		19	2.06					923
	FIFTH			1	5.26								3	15.79		8	42.11		2	10.53		5	26.32			Excluded					19
		TOTAL		75	8.13								31	3.36		569	61.65		23	2.49		225	24.38								923
	SIXTH			2	8.70								12	52.17		3	13.04			Excluded		6	26.09								23
		TOTAL		77	8.34								43	4.66		572	61.97					231	25.03								923
	SEVENTH			5	11.63									Excluded		13	30.23					25	58.14								43
		TOTAL		82	8.88											585	63.38					256	27.74								923
	EIGHTH				Excluded											44	53.66					38	46.34								82
		TOTAL														629	68.15					294	31.85								923
																Elected															
																															
Wanda Beach                                                    																															
	FIRST			79	7.21		4	0.36		7	0.64		54	4.93		604	55.11		37	3.38		274	25.00		18	1.64		19	1.73		1096
	SECOND			2	28.57		2	28.57			Excluded		2	28.57		0	0.00		0	0.00		1	14.29		0	0.00		0	0.00		7
		TOTAL		81	7.39		6	0.55					56	5.11		604	55.11		37	3.38		275	25.09		18	1.64		19	1.73		1096
	THIRD			2	33.33			Excluded					3	50.00		1	16.67		0	0.00		0	0.00		0	0.00		0	0.00		6
		TOTAL		83	7.57								59	5.38		605	55.20		37	3.38		275	25.09		18	1.64		19	1.73		1096
	FOURTH			6	31.58								2	10.53		7	36.84		0	0.00		4	21.05		0	0.00			Excluded		19
		TOTAL		89	8.12								61	5.57		612	55.84		37	3.38		279	25.46		18	1.64					1096
	FIFTH			0	0.00								2	11.11		14	77.78		1	5.56		1	5.56			Excluded					18
		TOTAL		89	8.12								63	5.75		626	57.12		38	3.47		280	25.55								1096
	SIXTH			0	0.00								22	57.89		6	15.79			Excluded		10	26.32								38
		TOTAL		89	8.12								85	7.76		632	57.66					290	26.46								1096
	SEVENTH			8	9.41									Excluded		22	25.88					55	64.71								85
		TOTAL		97	8.85											654	59.67					345	31.48								1096
	EIGHTH				Excluded											49	50.52					48	49.48								97
		TOTAL														703	64.14					393	35.86								1096
																Elected															
																															
Woolooware                                                     																															
	FIRST			122	6.30		9	0.47		10	0.52		82	4.24		1034	53.44		86	4.44		517	26.72		57	2.95		18	0.93		1935
	SECOND			0	0.00		1	10.00			Excluded		4	40.00		1	10.00		1	10.00		1	10.00		1	10.00		1	10.00		10
		TOTAL		122	6.30		10	0.52					86	4.44		1035	53.49		87	4.50		518	26.77		58	3.00		19	0.98		1935
	THIRD			1	10.00			Excluded					5	50.00		2	20.00		2	20.00		0	0.00		0	0.00		0	0.00		10
		TOTAL		123	6.36								91	4.70		1037	53.59		89	4.60		518	26.77		58	3.00		19	0.98		1935
	FOURTH			8	42.11								3	15.79		6	31.58		1	5.26		1	5.26		0	0.00			Excluded		19
		TOTAL		131	6.77								94	4.86		1043	53.90		90	4.65		519	26.82		58	3.00					1935
	FIFTH			10	17.24								6	10.34		34	58.62		5	8.62		3	5.17			Excluded					58
		TOTAL		141	7.29								100	5.17		1077	55.66		95	4.91		522	26.98								1935
	SIXTH			2	2.11								52	54.74		10	10.53			Excluded		31	32.63								95
		TOTAL		143	7.39								152	7.86		1087	56.18					553	28.58								1935
	SEVENTH			15	9.87									Excluded		34	22.37					103	67.76								152
		TOTAL		158	8.17											1121	57.93					656	33.90								1935
	EIGHTH				Excluded											82	51.90					76	48.10								158
		TOTAL														1203	62.17					732	37.83								1935
																Elected															
																															
Yowie Bay                                                      																															
	FIRST			143	5.74		15	0.60		10	0.40		67	2.69		1541	61.81		95	3.81		554	22.22		45	1.81		23	0.92		2493
	SECOND			3	30.00		1	10.00			Excluded		1	10.00		1	10.00		2	20.00		0	0.00		0	0.00		2	20.00		10
		TOTAL		146	5.86		16	0.64					68	2.73		1542	61.85		97	3.89		554	22.22		45	1.81		25	1.00		2493
	THIRD			4	25.00			Excluded					3	18.75		1	6.25		3	18.75		2	12.50		3	18.75		0	0.00		16
		TOTAL		150	6.02								71	2.85		1543	61.89		100	4.01		556	22.30		48	1.93		25	1.00		2493
	FOURTH			6	24.00								5	20.00		5	20.00		1	4.00		3	12.00		5	20.00			Excluded		25
		TOTAL		156	6.26								76	3.05		1548	62.09		101	4.05		559	22.42		53	2.13					2493
	FIFTH			6	11.32								2	3.77		35	66.04		4	7.55		6	11.32			Excluded					53
		TOTAL		162	6.50								78	3.13		1583	63.50		105	4.21		565	22.66								2493
	SIXTH			0	0.00								63	60.00		16	15.24			Excluded		26	24.76								105
		TOTAL		162	6.50								141	5.66		1599	64.14					591	23.71								2493
	SEVENTH			18	12.77									Excluded		42	29.79					81	57.45								141
		TOTAL		180	7.22											1641	65.82					672	26.96								2493
	EIGHTH				Excluded											103	57.22					77	42.78								180
		TOTAL														1744	69.96					749	30.04								2493
																Elected															
																															
Special Hospital Team 1                                        																															
	FIRST			0	0.00		0	0.00		0	0.00		0	0.00		74	63.79		2	1.72		40	34.48		0	0.00		0	0.00		116
	SECOND			0	0.00		0	0.00			Excluded		0	0.00		0	0.00		0	0.00		0	0.00		0	0.00		0	0.00		0
		TOTAL		0	0.00		0	0.00					0	0.00		74	63.79		2	1.72		40	34.48		0	0.00		0	0.00		116
	THIRD			0	0.00			Excluded					0	0.00		0	0.00		0	0.00		0	0.00		0	0.00		0	0.00		0
		TOTAL		0	0.00								0	0.00		74	63.79		2	1.72		40	34.48		0	0.00		0	0.00		116
	FOURTH			0	0.00								0	0.00		0	0.00		0	0.00		0	0.00		0	0.00			Excluded		0
		TOTAL		0	0.00								0	0.00		74	63.79		2	1.72		40	34.48		0	0.00					116
	FIFTH			0	0.00								0	0.00		0	0.00		0	0.00		0	0.00			Excluded					0
		TOTAL		0	0.00								0	0.00		74	63.79		2	1.72		40	34.48								116
	SIXTH			0	0.00								1	50.00		1	50.00			Excluded		0	0.00								2
		TOTAL		0	0.00								1	0.86		75	64.66					40	34.48								116
	SEVENTH			0	0.00									Excluded		1	100.00					0	0.00								1
		TOTAL		0	0.00											76	65.52					40	34.48								116
	EIGHTH				Excluded											0	0.00					0	0.00								0
		TOTAL														76	65.52					40	34.48								116
																Elected															
																															
Special Hospital Team 2                                        																															
	FIRST			9	5.36		1	0.60		0	0.00		1	0.60		110	65.48		0	0.00		46	27.38		0	0.00		1	0.60		168
	SECOND			0	0.00		0	0.00			Excluded		0	0.00		0	0.00		0	0.00		0	0.00		0	0.00		0	0.00		0
		TOTAL		9	5.36		1	0.60					1	0.60		110	65.48		0	0.00		46	27.38		0	0.00		1	0.60		168
	THIRD			1	100.00			Excluded					0	0.00		0	0.00		0	0.00		0	0.00		0	0.00		0	0.00		1
		TOTAL		10	5.95								1	0.60		110	65.48		0	0.00		46	27.38		0	0.00		1	0.60		168
	FOURTH			0	0.00								0	0.00		0	0.00		0	0.00		0	0.00		1	100.00			Excluded		1
		TOTAL		10	5.95								1	0.60		110	65.48		0	0.00		46	27.38		1	0.60					168
	FIFTH			0	0.00								0	0.00		0	0.00		0	0.00		1	100.00			Excluded					1
		TOTAL		10	5.95								1	0.60		110	65.48		0	0.00		47	27.98								168
	SIXTH			0	0.00								0	0.00		0	0.00			Excluded		0	0.00								0
		TOTAL		10	5.95								1	0.60		110	65.48					47	27.98								168
	SEVENTH			0	0.00									Excluded		0	0.00					1	100.00								1
		TOTAL		10	5.95											110	65.48					48	28.57								168
	EIGHTH				Excluded											5	50.00					5	50.00								10
		TOTAL														115	68.45					53	31.55								168
																Elected															
																															
ABSENT																															
	FIRST			269	5.98		45	1.00		44	0.98		273	6.07		2249	49.97		255	5.67		1156	25.68		83	1.84		127	2.82		4501
	SECOND			4	9.09		10	22.73			Excluded		13	29.55		7	15.91		3	6.82		5	11.36		1	2.27		1	2.27		44
		TOTAL		273	6.07		55	1.22					286	6.35		2256	50.12		258	5.73		1161	25.79		84	1.87		128	2.84		4501
	THIRD			9	16.36			Excluded					18	32.73		14	25.45		6	10.91		6	10.91		1	1.82		1	1.82		55
		TOTAL		282	6.27								304	6.75		2270	50.43		264	5.87		1167	25.93		85	1.89		129	2.87		4501
	FOURTH			40	31.01								14	10.85		29	22.48		9	6.98		25	19.38		12	9.30			Excluded		129
		TOTAL		322	7.15								318	7.07		2299	51.08		273	6.07		1192	26.48		97	2.16					4501
	FIFTH			2	2.06								12	12.37		46	47.42		14	14.43		23	23.71			Excluded					97
		TOTAL		324	7.20								330	7.33		2345	52.10		287	6.38		1215	26.99								4501
	SIXTH			13	4.53								111	38.68		68	23.69			Excluded		95	33.10								287
		TOTAL		337	7.49								441	9.80		2413	53.61					1310	29.10								4501
	SEVENTH			50	11.34									Excluded		117	26.53					274	62.13								441
		TOTAL		387	8.60											2530	56.21					1584	35.19								4501
	EIGHTH				Excluded											234	60.47					153	39.53								387
		TOTAL														2764	61.41					1737	38.59								4501
																Elected															
																															
POSTAL																															
	FIRST			174	5.76		8	0.26		18	0.60		59	1.95		1854	61.35		99	3.28		721	23.86		51	1.69		38	1.26		3022
	SECOND			1	5.56		0	0.00			Excluded		4	22.22		6	33.33		1	5.56		3	16.67		1	5.56		2	11.11		18
		TOTAL		175	5.79		8	0.26					63	2.08		1860	61.55		100	3.31		724	23.96		52	1.72		40	1.32		3022
	THIRD			1	12.50			Excluded					2	25.00		0	0.00		2	25.00		2	25.00		1	12.50		0	0.00		8
		TOTAL		176	5.82								65	2.15		1860	61.55		102	3.38		726	24.02		53	1.75		40	1.32		3022
	FOURTH			12	30.00								7	17.50		12	30.00		2	5.00		5	12.50		2	5.00			Excluded		40
		TOTAL		188	6.22								72	2.38		1872	61.95		104	3.44		731	24.19		55	1.82					3022
	FIFTH			7	12.73								3	5.45		32	58.18		7	12.73		6	10.91			Excluded					55
		TOTAL		195	6.45								75	2.48		1904	63.00		111	3.67		737	24.39								3022
	SIXTH			7	6.31								38	34.23		18	16.22			Excluded		48	43.24								111
		TOTAL		202	6.68								113	3.74		1922	63.60					785	25.98								3022
	SEVENTH			7	6.19									Excluded		39	34.51					67	59.29								113
		TOTAL		209	6.92											1961	64.89					852	28.19								3022
	EIGHTH				Excluded											135	64.59					74	35.41								209
		TOTAL														2096	69.36					926	30.64								3022
																Elected															
																															
PRE POLL																															
	FIRST			243	5.67		18	0.42		28	0.65		140	3.27		2350	54.82		174	4.06		1216	28.36		62	1.45		56	1.31		4287
	SECOND			4	14.29		1	3.57			Excluded		6	21.43		7	25.00		6	21.43		2	7.14		1	3.57		1	3.57		28
		TOTAL		247	5.76		19	0.44					146	3.41		2357	54.98		180	4.20		1218	28.41		63	1.47		57	1.33		4287
	THIRD			8	42.11			Excluded					3	15.79		3	15.79		2	10.53		1	5.26		1	5.26		1	5.26		19
		TOTAL		255	5.95								149	3.48		2360	55.05		182	4.25		1219	28.43		64	1.49		58	1.35		4287
	FOURTH			14	24.14								8	13.79		8	13.79		8	13.79		14	24.14		6	10.34			Excluded		58
		TOTAL		269	6.27								157	3.66		2368	55.24		190	4.43		1233	28.76		70	1.63					4287
	FIFTH			7	10.00								4	5.71		32	45.71		8	11.43		19	27.14			Excluded					70
		TOTAL		276	6.44								161	3.76		2400	55.98		198	4.62		1252	29.20								4287
	SIXTH			12	6.06								78	39.39		39	19.70			Excluded		69	34.85								198
		TOTAL		288	6.72								239	5.57		2439	56.89					1321	30.81								4287
	SEVENTH			41	17.15									Excluded		54	22.59					144	60.25								239
		TOTAL		329	7.67											2493	58.15					1465	34.17								4287
	EIGHTH				Excluded											175	53.19					154	46.81								329
		TOTAL														2668	62.23					1619	37.77								4287
																Elected															
																															
PROVISIONAL																															
	FIRST			46	7.84		8	1.36		8	1.36		32	5.45		305	51.96		20	3.41		150	25.55		7	1.19		11	1.87		587
	SECOND			1	12.50		0	0.00			Excluded		3	37.50		2	25.00		0	0.00		1	12.50		0	0.00		1	12.50		8
		TOTAL		47	8.01		8	1.36					35	5.96		307	52.30		20	3.41		151	25.72		7	1.19		12	2.04		587
	THIRD			1	12.50			Excluded					2	25.00		3	37.50		1	12.50		0	0.00		0	0.00		1	12.50		8
		TOTAL		48	8.18								37	6.30		310	52.81		21	3.58		151	25.72		7	1.19		13	2.21		587
	FOURTH			1	7.69								4	30.77		4	30.77		1	7.69		1	7.69		2	15.38			Excluded		13
		TOTAL		49	8.35								41	6.98		314	53.49		22	3.75		152	25.89		9	1.53					587
	FIFTH			1	11.11								1	11.11		4	44.44		0	0.00		3	33.33			Excluded					9
		TOTAL		50	8.52								42	7.16		318	54.17		22	3.75		155	26.41								587
	SIXTH			0	0.00								9	40.91		7	31.82			Excluded		6	27.27								22
		TOTAL		50	8.52								51	8.69		325	55.37					161	27.43								587
	SEVENTH			10	19.61									Excluded		16	31.37					25	49.02								51
		TOTAL		60	10.22											341	58.09					186	31.69								587
	EIGHTH				Excluded											27	45.00					33	55.00								60
		TOTAL														368	62.69					219	37.31								587
																Elected															
																															
																															
																															
																															
																															
																															
																															
																															
																															
																															
																															
																															
																															
																															
																															
																															
																															
																															
																															
																															
																															
																															
																															
																															
																															
																															
																															
																															
																															
																															
																															
																															
																															
																															
																															
																															
																															
																															
																															
																															
																															
																															
																															
																															
																															
																															
																															
																															
																															
																															
																															
																															
																															
																															
																															
																															
																															
																															
																															
																															
																															
																															
																															
																															
																															
																															
																															
																															
																															
																															
																															
																															
																															
																															
																															
																															
																															
																															
																															
																															
																															
																															
																															
																															
																															
																															
																															
																															
																															
																															
																															
																															
																															
																															
																															
																															
																															
																															
																															
																															
																															
																															
																															
																															
																															
																															
																															
																															
																															
																															
																															
																															
																															
																															
																															
																															
																															
																															
																															
																															
																															
																															
																															
																															
																															
																															
																															
																															
																															
																															
																															
																															
																															
																															
																															
																															
																															
																															
																															
																															
																															
																															
																															
																															
																															
																															
																															
																															
																															
																															
																															
																															
																															
																															
																															
																															
																															
																															
																															
																															
																															
																															
																															
																															
