House of Representatives - 2001 Election: New South Wales																							
Distribution of Preferences																							
By Polling Place																							
																							
New England																							
				REINER			MCCARTHY			WINDSOR			BOUNDS			REARDON			ST. CLAIR				
				Michelle			Annette			Tony			Kayleen			Chris			Stuart				
				GRN			CLR			IND			HAN			DEM			NP				
	Count			Votes	%		Votes	%		Votes	%		Votes	%		Votes	%		Votes	%		Total	
Arding                                                         																							
	FIRST			15	5.68		44	16.67		95	35.98		5	1.89		4	1.52		101	38.26		264	
	SECOND			1	25.00		1	25.00		1	25.00		1	25.00			Excluded		0	0.00		4	
		TOTAL		16	6.06		45	17.05		96	36.36		6	2.27					101	38.26		264	
	THIRD				Excluded		5	31.25		10	62.50		1	6.25					0	0.00		16	
		TOTAL					50	18.94		106	40.15		7	2.65					101	38.26		264	
	FOURTH						0	0.00		5	71.43			Excluded					2	28.57		7	
		TOTAL					50	18.94		111	42.05								103	39.02		264	
	FIFTH							Excluded		45	90.00								5	10.00		50	
		TOTAL								156	59.09								108	40.91		264	
										Elected													
																							
Armidale                                                       																							
	FIRST			175	6.74		417	16.06		968	37.29		46	1.77		71	2.73		919	35.40		2596	
	SECOND			40	56.34		8	11.27		16	22.54		0	0.00			Excluded		7	9.86		71	
		TOTAL		215	8.28		425	16.37		984	37.90		46	1.77					926	35.67		2596	
	THIRD				Excluded		109	50.70		94	43.72		3	1.40					9	4.19		215	
		TOTAL					534	20.57		1078	41.53		49	1.89					935	36.02		2596	
	FOURTH						14	28.57		28	57.14			Excluded					7	14.29		49	
		TOTAL					548	21.11		1106	42.60								942	36.29		2596	
	FIFTH							Excluded		483	88.14								65	11.86		548	
		TOTAL								1589	61.21								1007	38.79		2596	
										Elected													
																							
Armidale East                                                  																							
	FIRST			51	4.12		279	22.52		432	34.87		20	1.61		21	1.69		436	35.19		1239	
	SECOND			14	66.67		1	4.76		1	4.76		1	4.76			Excluded		4	19.05		21	
		TOTAL		65	5.25		280	22.60		433	34.95		21	1.69					440	35.51		1239	
	THIRD				Excluded		32	49.23		28	43.08		2	3.08					3	4.62		65	
		TOTAL					312	25.18		461	37.21		23	1.86					443	35.75		1239	
	FOURTH						4	17.39		10	43.48			Excluded					9	39.13		23	
		TOTAL					316	25.50		471	38.01								452	36.48		1239	
	FIFTH							Excluded		269	85.13								47	14.87		316	
		TOTAL								740	59.73								499	40.27		1239	
										Elected													
																							
Armidale Hospital                                              																							
	FIRST			53	6.24		157	18.49		352	41.46		9	1.06		16	1.88		262	30.86		849	
	SECOND			7	43.75		3	18.75		3	18.75		0	0.00			Excluded		3	18.75		16	
		TOTAL		60	7.07		160	18.85		355	41.81		9	1.06					265	31.21		849	
	THIRD				Excluded		33	55.00		26	43.33		1	1.67					0	0.00		60	
		TOTAL					193	22.73		381	44.88		10	1.18					265	31.21		849	
	FOURTH						0	0.00		7	70.00			Excluded					3	30.00		10	
		TOTAL					193	22.73		388	45.70								268	31.57		849	
	FIFTH							Excluded		173	89.64								20	10.36		193	
		TOTAL								561	66.08								288	33.92		849	
										Elected													
																							
Armidale South                                                 																							
	FIRST			55	5.10		159	14.75		406	37.66		13	1.21		37	3.43		408	37.85		1078	
	SECOND			23	62.16		6	16.22		5	13.51		0	0.00			Excluded		3	8.11		37	
		TOTAL		78	7.24		165	15.31		411	38.13		13	1.21					411	38.13		1078	
	THIRD				Excluded		37	47.44		35	44.87		2	2.56					4	5.13		78	
		TOTAL					202	18.74		446	41.37		15	1.39					415	38.50		1078	
	FOURTH						0	0.00		9	60.00			Excluded					6	40.00		15	
		TOTAL					202	18.74		455	42.21								421	39.05		1078	
	FIFTH							Excluded		182	90.10								20	9.90		202	
		TOTAL								637	59.09								441	40.91		1078	
										Elected													
																							
Armidale University                                            																							
	FIRST			24	5.30		67	14.79		158	34.88		8	1.77		48	10.60		148	32.67		453	
	SECOND			23	47.92		5	10.42		14	29.17		0	0.00			Excluded		6	12.50		48	
		TOTAL		47	10.38		72	15.89		172	37.97		8	1.77					154	34.00		453	
	THIRD				Excluded		16	34.04		24	51.06		1	2.13					6	12.77		47	
		TOTAL					88	19.43		196	43.27		9	1.99					160	35.32		453	
	FOURTH						1	11.11		4	44.44			Excluded					4	44.44		9	
		TOTAL					89	19.65		200	44.15								164	36.20		453	
	FIFTH							Excluded		77	86.52								12	13.48		89	
		TOTAL								277	61.15								176	38.85		453	
										Elected													
																							
Armidale West                                                  																							
	FIRST			97	4.25		366	16.05		898	39.39		43	1.89		53	2.32		823	36.10		2280	
	SECOND			30	56.60		11	20.75		9	16.98		1	1.89			Excluded		2	3.77		53	
		TOTAL		127	5.57		377	16.54		907	39.78		44	1.93					825	36.18		2280	
	THIRD				Excluded		65	51.18		46	36.22		6	4.72					10	7.87		127	
		TOTAL					442	19.39		953	41.80		50	2.19					835	36.62		2280	
	FOURTH						8	16.00		23	46.00			Excluded					19	38.00		50	
		TOTAL					450	19.74		976	42.81								854	37.46		2280	
	FIFTH							Excluded		405	90.00								45	10.00		450	
		TOTAL								1381	60.57								899	39.43		2280	
										Elected													
																							
Ashford                                                        																							
	FIRST			9	1.95		47	10.17		219	47.40		32	6.93		1	0.22		154	33.33		462	
	SECOND			0	0.00		0	0.00		0	0.00		1	100.00			Excluded		0	0.00		1	
		TOTAL		9	1.95		47	10.17		219	47.40		33	7.14					154	33.33		462	
	THIRD				Excluded		6	66.67		2	22.22		0	0.00					1	11.11		9	
		TOTAL					53	11.47		221	47.84		33	7.14					155	33.55		462	
	FOURTH						6	18.18		21	63.64			Excluded					6	18.18		33	
		TOTAL					59	12.77		242	52.38								161	34.85		462	
	FIFTH							Excluded		45	76.27								14	23.73		59	
		TOTAL								287	62.12								175	37.88		462	
										Elected													
																							
Attunga                                                        																							
	FIRST			7	1.52		36	7.83		233	50.65		18	3.91		2	0.43		164	35.65		460	
	SECOND			0	0.00		0	0.00		0	0.00		1	50.00			Excluded		1	50.00		2	
		TOTAL		7	1.52		36	7.83		233	50.65		19	4.13					165	35.87		460	
	THIRD				Excluded		5	71.43		1	14.29		0	0.00					1	14.29		7	
		TOTAL					41	8.91		234	50.87		19	4.13					166	36.09		460	
	FOURTH						4	21.05		14	73.68			Excluded					1	5.26		19	
		TOTAL					45	9.78		248	53.91								167	36.30		460	
	FIFTH							Excluded		43	95.56								2	4.44		45	
		TOTAL								291	63.26								169	36.74		460	
										Elected													
																							
Barraba                                                        																							
	FIRST			16	1.34		165	13.84		526	44.13		28	2.35		4	0.34		453	38.00		1192	
	SECOND			1	25.00		0	0.00		2	50.00		1	25.00			Excluded		0	0.00		4	
		TOTAL		17	1.43		165	13.84		528	44.30		29	2.43					453	38.00		1192	
	THIRD				Excluded		8	47.06		5	29.41		1	5.88					3	17.65		17	
		TOTAL					173	14.51		533	44.71		30	2.52					456	38.26		1192	
	FOURTH						5	16.67		17	56.67			Excluded					8	26.67		30	
		TOTAL					178	14.93		550	46.14								464	38.93		1192	
	FIFTH							Excluded		160	89.89								18	10.11		178	
		TOTAL								710	59.56								482	40.44		1192	
										Elected													
																							
Ben Lomond                                                     																							
	FIRST			0	0.00		4	3.51		27	23.68		2	1.75		1	0.88		80	70.18		114	
	SECOND			1	100.00		0	0.00		0	0.00		0	0.00			Excluded		0	0.00		1	
		TOTAL		1	0.88		4	3.51		27	23.68		2	1.75					80	70.18		114	
	THIRD				Excluded		0	0.00		1	100.00		0	0.00					0	0.00		1	
		TOTAL					4	3.51		28	24.56		2	1.75					80	70.18		114	
	FOURTH						1	50.00		1	50.00			Excluded					0	0.00		2	
		TOTAL					5	4.39		29	25.44								80	70.18		114	
	FIFTH							Excluded		4	80.00								1	20.00		5	
		TOTAL								33	28.95								81	71.05		114	
										Elected													
																							
Ben Venue                                                      																							
	FIRST			110	4.42		320	12.86		986	39.61		44	1.77		66	2.65		963	38.69		2489	
	SECOND			28	42.42		12	18.18		19	28.79		0	0.00			Excluded		7	10.61		66	
		TOTAL		138	5.54		332	13.34		1005	40.38		44	1.77					970	38.97		2489	
	THIRD				Excluded		71	51.45		58	42.03		4	2.90					5	3.62		138	
		TOTAL					403	16.19		1063	42.71		48	1.93					975	39.17		2489	
	FOURTH						12	25.00		24	50.00			Excluded					12	25.00		48	
		TOTAL					415	16.67		1087	43.67								987	39.65		2489	
	FIFTH							Excluded		365	87.95								50	12.05		415	
		TOTAL								1452	58.34								1037	41.66		2489	
										Elected													
																							
Bendemeer                                                      																							
	FIRST			6	1.92		21	6.73		159	50.96		13	4.17		0	0.00		113	36.22		312	
	SECOND			0	0.00		0	0.00		0	0.00		0	0.00			Excluded		0	0.00		0	
		TOTAL		6	1.92		21	6.73		159	50.96		13	4.17					113	36.22		312	
	THIRD				Excluded		2	33.33		4	66.67		0	0.00					0	0.00		6	
		TOTAL					23	7.37		163	52.24		13	4.17					113	36.22		312	
	FOURTH						1	7.69		8	61.54			Excluded					4	30.77		13	
		TOTAL					24	7.69		171	54.81								117	37.50		312	
	FIFTH							Excluded		21	87.50								3	12.50		24	
		TOTAL								192	61.54								120	38.46		312	
										Elected													
																							
Bingara                                                        																							
	FIRST			14	1.23		148	12.98		447	39.21		52	4.56		5	0.44		474	41.58		1140	
	SECOND			0	0.00		1	20.00		1	20.00		1	20.00			Excluded		2	40.00		5	
		TOTAL		14	1.23		149	13.07		448	39.30		53	4.65					476	41.75		1140	
	THIRD				Excluded		7	50.00		4	28.57		0	0.00					3	21.43		14	
		TOTAL					156	13.68		452	39.65		53	4.65					479	42.02		1140	
	FOURTH						11	20.75		34	64.15			Excluded					8	15.09		53	
		TOTAL					167	14.65		486	42.63								487	42.72		1140	
	FIFTH							Excluded		147	88.02								20	11.98		167	
		TOTAL								633	55.53								507	44.47		1140	
										Elected													
																							
Black Mountain                                                 																							
	FIRST			2	1.39		9	6.25		60	41.67		8	5.56		3	2.08		62	43.06		144	
	SECOND			1	33.33		0	0.00		1	33.33		0	0.00			Excluded		1	33.33		3	
		TOTAL		3	2.08		9	6.25		61	42.36		8	5.56					63	43.75		144	
	THIRD				Excluded		3	100.00		0	0.00		0	0.00					0	0.00		3	
		TOTAL					12	8.33		61	42.36		8	5.56					63	43.75		144	
	FOURTH						1	12.50		7	87.50			Excluded					0	0.00		8	
		TOTAL					13	9.03		68	47.22								63	43.75		144	
	FIFTH							Excluded		11	84.62								2	15.38		13	
		TOTAL								79	54.86								65	45.14		144	
										Elected													
																							
Bonshaw                                                        																							
	FIRST			0	0.00		9	10.71		13	15.48		7	8.33		0	0.00		55	65.48		84	
	SECOND			0	0.00		0	0.00		0	0.00		0	0.00			Excluded		0	0.00		0	
		TOTAL		0	0.00		9	10.71		13	15.48		7	8.33					55	65.48		84	
	THIRD				Excluded		0	0.00		0	0.00		0	0.00					0	0.00		0	
		TOTAL					9	10.71		13	15.48		7	8.33					55	65.48		84	
	FOURTH						1	14.29		6	85.71			Excluded					0	0.00		7	
		TOTAL					10	11.90		19	22.62								55	65.48		84	
	FIFTH							Excluded		9	90.00								1	10.00		10	
		TOTAL								28	33.33								56	66.67		84	
										Elected													
																							
Bundarra                                                       																							
	FIRST			7	1.79		33	8.46		143	36.67		12	3.08		3	0.77		192	49.23		390	
	SECOND			0	0.00		1	33.33		2	66.67		0	0.00			Excluded		0	0.00		3	
		TOTAL		7	1.79		34	8.72		145	37.18		12	3.08					192	49.23		390	
	THIRD				Excluded		3	42.86		2	28.57		2	28.57					0	0.00		7	
		TOTAL					37	9.49		147	37.69		14	3.59					192	49.23		390	
	FOURTH						3	21.43		9	64.29			Excluded					2	14.29		14	
		TOTAL					40	10.26		156	40.00								194	49.74		390	
	FIFTH							Excluded		36	90.00								4	10.00		40	
		TOTAL								192	49.23								198	50.77		390	
										Elected													
																							
Calala                                                         																							
	FIRST			6	0.53		41	3.61		593	52.20		16	1.41		5	0.44		475	41.81		1136	
	SECOND			0	0.00		1	20.00		4	80.00		0	0.00			Excluded		0	0.00		5	
		TOTAL		6	0.53		42	3.70		597	52.55		16	1.41					475	41.81		1136	
	THIRD				Excluded		4	66.67		1	16.67		0	0.00					1	16.67		6	
		TOTAL					46	4.05		598	52.64		16	1.41					476	41.90		1136	
	FOURTH						3	18.75		7	43.75			Excluded					6	37.50		16	
		TOTAL					49	4.31		605	53.26								482	42.43		1136	
	FIFTH							Excluded		42	85.71								7	14.29		49	
		TOTAL								647	56.95								489	43.05		1136	
										Elected													
																							
Currabubula                                                    																							
	FIRST			1	0.50		8	4.00		123	61.50		13	6.50		1	0.50		54	27.00		200	
	SECOND			1	100.00		0	0.00		0	0.00		0	0.00			Excluded		0	0.00		1	
		TOTAL		2	1.00		8	4.00		123	61.50		13	6.50					54	27.00		200	
	THIRD				Excluded		1	50.00		1	50.00		0	0.00					0	0.00		2	
		TOTAL					9	4.50		124	62.00		13	6.50					54	27.00		200	
	FOURTH						1	7.69		9	69.23			Excluded					3	23.08		13	
		TOTAL					10	5.00		133	66.50								57	28.50		200	
	FIFTH							Excluded		9	90.00								1	10.00		10	
		TOTAL								142	71.00								58	29.00		200	
										Elected													
																							
Dangarsleigh                                                   																							
	FIRST			0	0.00		6	3.33		71	39.44		6	3.33		2	1.11		95	52.78		180	
	SECOND			2	100.00		0	0.00		0	0.00		0	0.00			Excluded		0	0.00		2	
		TOTAL		2	1.11		6	3.33		71	39.44		6	3.33					95	52.78		180	
	THIRD				Excluded		2	100.00		0	0.00		0	0.00					0	0.00		2	
		TOTAL					8	4.44		71	39.44		6	3.33					95	52.78		180	
	FOURTH						0	0.00		5	83.33			Excluded					1	16.67		6	
		TOTAL					8	4.44		76	42.22								96	53.33		180	
	FIFTH							Excluded		7	87.50								1	12.50		8	
		TOTAL								83	46.11								97	53.89		180	
										Elected													
																							
Deepwater                                                      																							
	FIRST			9	2.37		26	6.84		107	28.16		19	5.00		2	0.53		217	57.11		380	
	SECOND			1	50.00		0	0.00		0	0.00		0	0.00			Excluded		1	50.00		2	
		TOTAL		10	2.63		26	6.84		107	28.16		19	5.00					218	57.37		380	
	THIRD				Excluded		6	60.00		4	40.00		0	0.00					0	0.00		10	
		TOTAL					32	8.42		111	29.21		19	5.00					218	57.37		380	
	FOURTH						5	26.32		8	42.11			Excluded					6	31.58		19	
		TOTAL					37	9.74		119	31.32								224	58.95		380	
	FIFTH							Excluded		31	83.78								6	16.22		37	
		TOTAL								150	39.47								230	60.53		380	
										Elected													
																							
Delungra                                                       																							
	FIRST			5	1.45		15	4.36		119	34.59		17	4.94		1	0.29		187	54.36		344	
	SECOND			0	0.00		0	0.00		0	0.00		1	100.00			Excluded		0	0.00		1	
		TOTAL		5	1.45		15	4.36		119	34.59		18	5.23					187	54.36		344	
	THIRD				Excluded		3	60.00		0	0.00		1	20.00					1	20.00		5	
		TOTAL					18	5.23		119	34.59		19	5.52					188	54.65		344	
	FOURTH						8	42.11		6	31.58			Excluded					5	26.32		19	
		TOTAL					26	7.56		125	36.34								193	56.10		344	
	FIFTH							Excluded		21	80.77								5	19.23		26	
		TOTAL								146	42.44								198	57.56		344	
										Elected													
																							
Drake                                                          																							
	FIRST			32	19.16		26	15.57		26	15.57		15	8.98		8	4.79		60	35.93		167	
	SECOND			6	75.00		0	0.00		1	12.50		0	0.00			Excluded		1	12.50		8	
		TOTAL		38	22.75		26	15.57		27	16.17		15	8.98					61	36.53		167	
	THIRD				Excluded		19	50.00		15	39.47		1	2.63					3	7.89		38	
		TOTAL					45	26.95		42	25.15		16	9.58					64	38.32		167	
	FOURTH						4	25.00		9	56.25			Excluded					3	18.75		16	
		TOTAL					49	29.34		51	30.54								67	40.12		167	
	FIFTH							Excluded		40	81.63								9	18.37		49	
		TOTAL								91	54.49								76	45.51		167	
										Elected													
																							
Dungowan                                                       																							
	FIRST			3	1.04		8	2.78		147	51.04		6	2.08		1	0.35		123	42.71		288	
	SECOND			0	0.00		1	100.00		0	0.00		0	0.00			Excluded		0	0.00		1	
		TOTAL		3	1.04		9	3.13		147	51.04		6	2.08					123	42.71		288	
	THIRD				Excluded		3	100.00		0	0.00		0	0.00					0	0.00		3	
		TOTAL					12	4.17		147	51.04		6	2.08					123	42.71		288	
	FOURTH						0	0.00		2	33.33			Excluded					4	66.67		6	
		TOTAL					12	4.17		149	51.74								127	44.10		288	
	FIFTH							Excluded		9	75.00								3	25.00		12	
		TOTAL								158	54.86								130	45.14		288	
										Elected													
																							
Duri                                                           																							
	FIRST			6	1.92		7	2.24		172	54.95		4	1.28		4	1.28		120	38.34		313	
	SECOND			1	25.00		0	0.00		2	50.00		0	0.00			Excluded		1	25.00		4	
		TOTAL		7	2.24		7	2.24		174	55.59		4	1.28					121	38.66		313	
	THIRD				Excluded		5	71.43		2	28.57		0	0.00					0	0.00		7	
		TOTAL					12	3.83		176	56.23		4	1.28					121	38.66		313	
	FOURTH						2	50.00		2	50.00			Excluded					0	0.00		4	
		TOTAL					14	4.47		178	56.87								121	38.66		313	
	FIFTH							Excluded		12	85.71								2	14.29		14	
		TOTAL								190	60.70								123	39.30		313	
										Elected													
																							
Ebor                                                           																							
	FIRST			4	2.82		14	9.86		40	28.17		7	4.93		0	0.00		77	54.23		142	
	SECOND			0	0.00		0	0.00		0	0.00		0	0.00			Excluded		0	0.00		0	
		TOTAL		4	2.82		14	9.86		40	28.17		7	4.93					77	54.23		142	
	THIRD				Excluded		2	50.00		1	25.00		0	0.00					1	25.00		4	
		TOTAL					16	11.27		41	28.87		7	4.93					78	54.93		142	
	FOURTH						3	42.86		3	42.86			Excluded					1	14.29		7	
		TOTAL					19	13.38		44	30.99								79	55.63		142	
	FIFTH							Excluded		14	73.68								5	26.32		19	
		TOTAL								58	40.85								84	59.15		142	
										Elected													
																							
Elsmore                                                        																							
	FIRST			2	1.63		6	4.88		57	46.34		9	7.32		0	0.00		49	39.84		123	
	SECOND			0	0.00		0	0.00		0	0.00		0	0.00			Excluded		0	0.00		0	
		TOTAL		2	1.63		6	4.88		57	46.34		9	7.32					49	39.84		123	
	THIRD				Excluded		0	0.00		1	50.00		0	0.00					1	50.00		2	
		TOTAL					6	4.88		58	47.15		9	7.32					50	40.65		123	
	FOURTH						3	33.33		6	66.67			Excluded					0	0.00		9	
		TOTAL					9	7.32		64	52.03								50	40.65		123	
	FIFTH							Excluded		8	88.89								1	11.11		9	
		TOTAL								72	58.54								51	41.46		123	
										Elected													
																							
Emmaville                                                      																							
	FIRST			8	2.12		35	9.26		173	45.77		29	7.67		1	0.26		132	34.92		378	
	SECOND			0	0.00		0	0.00		0	0.00		0	0.00			Excluded		1	100.00		1	
		TOTAL		8	2.12		35	9.26		173	45.77		29	7.67					133	35.19		378	
	THIRD				Excluded		6	75.00		0	0.00		1	12.50					1	12.50		8	
		TOTAL					41	10.85		173	45.77		30	7.94					134	35.45		378	
	FOURTH						4	13.33		21	70.00			Excluded					5	16.67		30	
		TOTAL					45	11.90		194	51.32								139	36.77		378	
	FIFTH							Excluded		41	91.11								4	8.89		45	
		TOTAL								235	62.17								143	37.83		378	
										Elected													
																							
Gilgai                                                         																							
	FIRST			4	1.04		24	6.23		197	51.17		31	8.05		3	0.78		126	32.73		385	
	SECOND			0	0.00		1	33.33		0	0.00		0	0.00			Excluded		2	66.67		3	
		TOTAL		4	1.04		25	6.49		197	51.17		31	8.05					128	33.25		385	
	THIRD				Excluded		2	50.00		2	50.00		0	0.00					0	0.00		4	
		TOTAL					27	7.01		199	51.69		31	8.05					128	33.25		385	
	FOURTH						7	22.58		18	58.06			Excluded					6	19.35		31	
		TOTAL					34	8.83		217	56.36								134	34.81		385	
	FIFTH							Excluded		27	79.41								7	20.59		34	
		TOTAL								244	63.38								141	36.62		385	
										Elected													
																							
Glen Innes                                                     																							
	FIRST			72	3.65		184	9.33		740	37.53		63	3.19		10	0.51		903	45.79		1972	
	SECOND			4	40.00		1	10.00		2	20.00		0	0.00			Excluded		3	30.00		10	
		TOTAL		76	3.85		185	9.38		742	37.63		63	3.19					906	45.94		1972	
	THIRD				Excluded		46	60.53		24	31.58		1	1.32					5	6.58		76	
		TOTAL					231	11.71		766	38.84		64	3.25					911	46.20		1972	
	FOURTH						12	18.75		35	54.69			Excluded					17	26.56		64	
		TOTAL					243	12.32		801	40.62								928	47.06		1972	
	FIFTH							Excluded		220	90.53								23	9.47		243	
		TOTAL								1021	51.77								951	48.23		1972	
										Elected													
																							
Glen Innes Hospital                                            																							
	FIRST			15	2.32		70	10.82		244	37.71		20	3.09		1	0.15		297	45.90		647	
	SECOND			1	100.00		0	0.00		0	0.00		0	0.00			Excluded		0	0.00		1	
		TOTAL		16	2.47		70	10.82		244	37.71		20	3.09					297	45.90		647	
	THIRD				Excluded		9	56.25		6	37.50		0	0.00					1	6.25		16	
		TOTAL					79	12.21		250	38.64		20	3.09					298	46.06		647	
	FOURTH						6	30.00		6	30.00			Excluded					8	40.00		20	
		TOTAL					85	13.14		256	39.57								306	47.30		647	
	FIFTH							Excluded		72	84.71								13	15.29		85	
		TOTAL								328	50.70								319	49.30		647	
										Elected													
																							
Glen Innes West                                                																							
	FIRST			28	1.98		123	8.69		584	41.24		39	2.75		5	0.35		637	44.99		1416	
	SECOND			1	20.00		0	0.00		3	60.00		1	20.00			Excluded		0	0.00		5	
		TOTAL		29	2.05		123	8.69		587	41.45		40	2.82					637	44.99		1416	
	THIRD				Excluded		20	68.97		4	13.79		0	0.00					5	17.24		29	
		TOTAL					143	10.10		591	41.74		40	2.82					642	45.34		1416	
	FOURTH						10	25.00		17	42.50			Excluded					13	32.50		40	
		TOTAL					153	10.81		608	42.94								655	46.26		1416	
	FIFTH							Excluded		132	86.27								21	13.73		153	
		TOTAL								740	52.26								676	47.74		1416	
										Elected													
																							
Glencoe                                                        																							
	FIRST			6	5.04		7	5.88		37	31.09		5	4.20		0	0.00		64	53.78		119	
	SECOND			0	0.00		0	0.00		0	0.00		0	0.00			Excluded		0	0.00		0	
		TOTAL		6	5.04		7	5.88		37	31.09		5	4.20					64	53.78		119	
	THIRD				Excluded		1	16.67		4	66.67		0	0.00					1	16.67		6	
		TOTAL					8	6.72		41	34.45		5	4.20					65	54.62		119	
	FOURTH						0	0.00		4	80.00			Excluded					1	20.00		5	
		TOTAL					8	6.72		45	37.82								66	55.46		119	
	FIFTH							Excluded		7	87.50								1	12.50		8	
		TOTAL								52	43.70								67	56.30		119	
										Elected													
																							
Graman                                                         																							
	FIRST			0	0.00		4	4.94		33	40.74		4	4.94		2	2.47		38	46.91		81	
	SECOND			1	50.00		0	0.00		0	0.00		0	0.00			Excluded		1	50.00		2	
		TOTAL		1	1.23		4	4.94		33	40.74		4	4.94					39	48.15		81	
	THIRD				Excluded		0	0.00		1	100.00		0	0.00					0	0.00		1	
		TOTAL					4	4.94		34	41.98		4	4.94					39	48.15		81	
	FOURTH						0	0.00		3	75.00			Excluded					1	25.00		4	
		TOTAL					4	4.94		37	45.68								40	49.38		81	
	FIFTH							Excluded		4	100.00								0	0.00		4	
		TOTAL								41	50.62								40	49.38		81	
										Elected													
																							
Gum Flat                                                       																							
	FIRST			1	0.85		4	3.39		35	29.66		1	0.85		0	0.00		77	65.25		118	
	SECOND			0	0.00		0	0.00		0	0.00		0	0.00			Excluded		0	0.00		0	
		TOTAL		1	0.85		4	3.39		35	29.66		1	0.85					77	65.25		118	
	THIRD				Excluded		0	0.00		1	100.00		0	0.00					0	0.00		1	
		TOTAL					4	3.39		36	30.51		1	0.85					77	65.25		118	
	FOURTH						0	0.00		1	100.00			Excluded					0	0.00		1	
		TOTAL					4	3.39		37	31.36								77	65.25		118	
	FIFTH							Excluded		4	100.00								0	0.00		4	
		TOTAL								41	34.75								77	65.25		118	
										Elected													
																							
Guyra                                                          																							
	FIRST			13	0.86		64	4.22		501	33.05		15	0.99		6	0.40		917	60.49		1516	
	SECOND			2	33.33		0	0.00		2	33.33		0	0.00			Excluded		2	33.33		6	
		TOTAL		15	0.99		64	4.22		503	33.18		15	0.99					919	60.62		1516	
	THIRD				Excluded		8	53.33		4	26.67		2	13.33					1	6.67		15	
		TOTAL					72	4.75		507	33.44		17	1.12					920	60.69		1516	
	FOURTH						4	23.53		10	58.82			Excluded					3	17.65		17	
		TOTAL					76	5.01		517	34.10								923	60.88		1516	
	FIFTH							Excluded		66	86.84								10	13.16		76	
		TOTAL								583	38.46								933	61.54		1516	
										Elected													
																							
Hallsville                                                     																							
	FIRST			1	0.32		5	1.60		173	55.27		4	1.28		0	0.00		130	41.53		313	
	SECOND			0	0.00		0	0.00		0	0.00		0	0.00			Excluded		0	0.00		0	
		TOTAL		1	0.32		5	1.60		173	55.27		4	1.28					130	41.53		313	
	THIRD				Excluded		1	100.00		0	0.00		0	0.00					0	0.00		1	
		TOTAL					6	1.92		173	55.27		4	1.28					130	41.53		313	
	FOURTH						1	25.00		2	50.00			Excluded					1	25.00		4	
		TOTAL					7	2.24		175	55.91								131	41.85		313	
	FIFTH							Excluded		6	85.71								1	14.29		7	
		TOTAL								181	57.83								132	42.17		313	
										Elected													
																							
Hillgrove                                                      																							
	FIRST			2	2.33		10	11.63		30	34.88		9	10.47		1	1.16		34	39.53		86	
	SECOND			0	0.00		0	0.00		1	100.00		0	0.00			Excluded		0	0.00		1	
		TOTAL		2	2.33		10	11.63		31	36.05		9	10.47					34	39.53		86	
	THIRD				Excluded		1	50.00		1	50.00		0	0.00					0	0.00		2	
		TOTAL					11	12.79		32	37.21		9	10.47					34	39.53		86	
	FOURTH						0	0.00		4	44.44			Excluded					5	55.56		9	
		TOTAL					11	12.79		36	41.86								39	45.35		86	
	FIFTH							Excluded		9	81.82								2	18.18		11	
		TOTAL								45	52.33								41	47.67		86	
										Elected													
																							
Hillvue                                                        																							
	FIRST			14	0.57		70	2.87		1379	56.52		34	1.39		9	0.37		934	38.28		2440	
	SECOND			2	22.22		3	33.33		2	22.22		0	0.00			Excluded		2	22.22		9	
		TOTAL		16	0.66		73	2.99		1381	56.60		34	1.39					936	38.36		2440	
	THIRD				Excluded		10	62.50		5	31.25		0	0.00					1	6.25		16	
		TOTAL					83	3.40		1386	56.80		34	1.39					937	38.40		2440	
	FOURTH						6	17.65		19	55.88			Excluded					9	26.47		34	
		TOTAL					89	3.65		1405	57.58								946	38.77		2440	
	FIFTH							Excluded		82	92.13								7	7.87		89	
		TOTAL								1487	60.94								953	39.06		2440	
										Elected													
																							
Inverell                                                       																							
	FIRST			38	1.61		280	11.87		909	38.53		68	2.88		13	0.55		1051	44.55		2359	
	SECOND			4	30.77		1	7.69		4	30.77		3	23.08			Excluded		1	7.69		13	
		TOTAL		42	1.78		281	11.91		913	38.70		71	3.01					1052	44.60		2359	
	THIRD				Excluded		21	50.00		7	16.67		9	21.43					5	11.90		42	
		TOTAL					302	12.80		920	39.00		80	3.39					1057	44.81		2359	
	FOURTH						19	23.75		43	53.75			Excluded					18	22.50		80	
		TOTAL					321	13.61		963	40.82								1075	45.57		2359	
	FIFTH							Excluded		267	83.18								54	16.82		321	
		TOTAL								1230	52.14								1129	47.86		2359	
										Elected													
																							
Inverell East                                                  																							
	FIRST			20	1.20		157	9.44		686	41.23		57	3.43		14	0.84		730	43.87		1664	
	SECOND			2	14.29		1	7.14		7	50.00		1	7.14			Excluded		3	21.43		14	
		TOTAL		22	1.32		158	9.50		693	41.65		58	3.49					733	44.05		1664	
	THIRD				Excluded		13	59.09		3	13.64		1	4.55					5	22.73		22	
		TOTAL					171	10.28		696	41.83		59	3.55					738	44.35		1664	
	FOURTH						13	22.03		26	44.07			Excluded					20	33.90		59	
		TOTAL					184	11.06		722	43.39								758	45.55		1664	
	FIFTH							Excluded		169	91.85								15	8.15		184	
		TOTAL								891	53.55								773	46.45		1664	
										Elected													
																							
Jennings                                                       																							
	FIRST			6	5.94		31	30.69		12	11.88		14	13.86		0	0.00		38	37.62		101	
	SECOND			0	0.00		0	0.00		0	0.00		0	0.00			Excluded		0	0.00		0	
		TOTAL		6	5.94		31	30.69		12	11.88		14	13.86					38	37.62		101	
	THIRD				Excluded		3	50.00		2	33.33		1	16.67					0	0.00		6	
		TOTAL					34	33.66		14	13.86		15	14.85					38	37.62		101	
	FOURTH						4	26.67		3	20.00			Excluded					8	53.33		15	
		TOTAL					38	37.62		17	16.83								46	45.54		101	
	FIFTH							Excluded		28	73.68								10	26.32		38	
		TOTAL								45	44.55								56	55.45		101	
										Elected													
																							
Jubullum                                                       																							
	FIRST			2	4.76		34	80.95		1	2.38		1	2.38		1	2.38		3	7.14		42	
	SECOND			0	0.00		0	0.00		1	100.00		0	0.00			Excluded		0	0.00		1	
		TOTAL		2	4.76		34	80.95		2	4.76		1	2.38					3	7.14		42	
	THIRD				Excluded		2	100.00		0	0.00		0	0.00					0	0.00		2	
		TOTAL					36	85.71		2	4.76		1	2.38					3	7.14		42	
	FOURTH						1	100.00		0	0.00			Excluded					0	0.00		1	
		TOTAL					37	88.10		2	4.76								3	7.14		42	
	FIFTH							Excluded		23	62.16								14	37.84		37	
		TOTAL								25	59.52								17	40.48		42	
										Elected													
																							
Kentucky                                                       																							
	FIRST			4	2.07		13	6.74		92	47.67		3	1.55		0	0.00		81	41.97		193	
	SECOND			0	0.00		0	0.00		0	0.00		0	0.00			Excluded		0	0.00		0	
		TOTAL		4	2.07		13	6.74		92	47.67		3	1.55					81	41.97		193	
	THIRD				Excluded		1	25.00		3	75.00		0	0.00					0	0.00		4	
		TOTAL					14	7.25		95	49.22		3	1.55					81	41.97		193	
	FOURTH						0	0.00		2	66.67			Excluded					1	33.33		3	
		TOTAL					14	7.25		97	50.26								82	42.49		193	
	FIFTH							Excluded		10	71.43								4	28.57		14	
		TOTAL								107	55.44								86	44.56		193	
										Elected													
																							
Kingstown                                                      																							
	FIRST			0	0.00		5	5.10		30	30.61		5	5.10		0	0.00		58	59.18		98	
	SECOND			0	0.00		0	0.00		0	0.00		0	0.00			Excluded		0	0.00		0	
		TOTAL		0	0.00		5	5.10		30	30.61		5	5.10					58	59.18		98	
	THIRD				Excluded		0	0.00		0	0.00		0	0.00					0	0.00		0	
		TOTAL					5	5.10		30	30.61		5	5.10					58	59.18		98	
	FOURTH						2	40.00		3	60.00			Excluded					0	0.00		5	
		TOTAL					7	7.14		33	33.67								58	59.18		98	
	FIFTH							Excluded		7	100.00								0	0.00		7	
		TOTAL								40	40.82								58	59.18		98	
										Elected													
																							
Kootingal                                                      																							
	FIRST			10	0.78		85	6.64		742	57.92		29	2.26		3	0.23		412	32.16		1281	
	SECOND			2	66.67		0	0.00		0	0.00		1	33.33			Excluded		0	0.00		3	
		TOTAL		12	0.94		85	6.64		742	57.92		30	2.34					412	32.16		1281	
	THIRD				Excluded		7	58.33		5	41.67		0	0.00					0	0.00		12	
		TOTAL					92	7.18		747	58.31		30	2.34					412	32.16		1281	
	FOURTH						7	23.33		17	56.67			Excluded					6	20.00		30	
		TOTAL					99	7.73		764	59.64								418	32.63		1281	
	FIFTH							Excluded		90	90.91								9	9.09		99	
		TOTAL								854	66.67								427	33.33		1281	
										Elected													
																							
Legume                                                         																							
	FIRST			1	0.66		15	9.87		9	5.92		17	11.18		1	0.66		109	71.71		152	
	SECOND			1	100.00		0	0.00		0	0.00		0	0.00			Excluded		0	0.00		1	
		TOTAL		2	1.32		15	9.87		9	5.92		17	11.18					109	71.71		152	
	THIRD				Excluded		0	0.00		1	50.00		1	50.00					0	0.00		2	
		TOTAL					15	9.87		10	6.58		18	11.84					109	71.71		152	
	FOURTH						4	22.22		7	38.89			Excluded					7	38.89		18	
		TOTAL					19	12.50		17	11.18								116	76.32		152	
	FIFTH							Excluded		16	84.21								3	15.79		19	
		TOTAL								33	21.71								119	78.29		152	
										Elected													
																							
Liston                                                         																							
	FIRST			7	4.96		18	12.77		19	13.48		4	2.84		9	6.38		84	59.57		141	
	SECOND			2	22.22		2	22.22		3	33.33		0	0.00			Excluded		2	22.22		9	
		TOTAL		9	6.38		20	14.18		22	15.60		4	2.84					86	60.99		141	
	THIRD				Excluded		5	55.56		2	22.22		0	0.00					2	22.22		9	
		TOTAL					25	17.73		24	17.02		4	2.84					88	62.41		141	
	FOURTH						1	25.00		1	25.00			Excluded					2	50.00		4	
		TOTAL					26	18.44		25	17.73								90	63.83		141	
	FIFTH							Excluded		20	76.92								6	23.08		26	
		TOTAL								45	31.91								96	68.09		141	
										Elected													
																							
Loomberah                                                      																							
	FIRST			1	0.57		5	2.86		78	44.57		5	2.86		2	1.14		84	48.00		175	
	SECOND			1	50.00		0	0.00		1	50.00		0	0.00			Excluded		0	0.00		2	
		TOTAL		2	1.14		5	2.86		79	45.14		5	2.86					84	48.00		175	
	THIRD				Excluded		1	50.00		1	50.00		0	0.00					0	0.00		2	
		TOTAL					6	3.43		80	45.71		5	2.86					84	48.00		175	
	FOURTH						0	0.00		4	80.00			Excluded					1	20.00		5	
		TOTAL					6	3.43		84	48.00								85	48.57		175	
	FIFTH							Excluded		6	100.00								0	0.00		6	
		TOTAL								90	51.43								85	48.57		175	
										Elected													
																							
Manilla                                                        																							
	FIRST			21	1.17		208	11.55		930	51.64		71	3.94		8	0.44		563	31.26		1801	
	SECOND			2	25.00		3	37.50		2	25.00		0	0.00			Excluded		1	12.50		8	
		TOTAL		23	1.28		211	11.72		932	51.75		71	3.94					564	31.32		1801	
	THIRD				Excluded		9	39.13		11	47.83		1	4.35					2	8.70		23	
		TOTAL					220	12.22		943	52.36		72	4.00					566	31.43		1801	
	FOURTH						12	16.67		50	69.44			Excluded					10	13.89		72	
		TOTAL					232	12.88		993	55.14								576	31.98		1801	
	FIFTH							Excluded		219	94.40								13	5.60		232	
		TOTAL								1212	67.30								589	32.70		1801	
										Elected													
																							
Martins Gully                                                  																							
	FIRST			29	4.37		48	7.23		297	44.73		6	0.90		6	0.90		278	41.87		664	
	SECOND			3	50.00		2	33.33		1	16.67		0	0.00			Excluded		0	0.00		6	
		TOTAL		32	4.82		50	7.53		298	44.88		6	0.90					278	41.87		664	
	THIRD				Excluded		16	50.00		15	46.88		1	3.13					0	0.00		32	
		TOTAL					66	9.94		313	47.14		7	1.05					278	41.87		664	
	FOURTH						2	28.57		4	57.14			Excluded					1	14.29		7	
		TOTAL					68	10.24		317	47.74								279	42.02		664	
	FIFTH							Excluded		62	91.18								6	8.82		68	
		TOTAL								379	57.08								285	42.92		664	
										Elected													
																							
Mole Crossing                                                  																							
	FIRST			3	3.33		3	3.33		7	7.78		19	21.11		0	0.00		58	64.44		90	
	SECOND			0	0.00		0	0.00		0	0.00		0	0.00			Excluded		0	0.00		0	
		TOTAL		3	3.33		3	3.33		7	7.78		19	21.11					58	64.44		90	
	THIRD				Excluded		1	33.33		2	66.67		0	0.00					0	0.00		3	
		TOTAL					4	4.44		9	10.00		19	21.11					58	64.44		90	
	FOURTH						3	15.79		7	36.84			Excluded					9	47.37		19	
		TOTAL					7	7.78		16	17.78								67	74.44		90	
	FIFTH							Excluded		7	100.00								0	0.00		7	
		TOTAL								23	25.56								67	74.44		90	
										Elected													
																							
Moonbi                                                         																							
	FIRST			6	1.14		18	3.43		288	54.86		13	2.48		3	0.57		197	37.52		525	
	SECOND			1	33.33		0	0.00		2	66.67		0	0.00			Excluded		0	0.00		3	
		TOTAL		7	1.33		18	3.43		290	55.24		13	2.48					197	37.52		525	
	THIRD				Excluded		3	42.86		3	42.86		0	0.00					1	14.29		7	
		TOTAL					21	4.00		293	55.81		13	2.48					198	37.71		525	
	FOURTH						0	0.00		7	53.85			Excluded					6	46.15		13	
		TOTAL					21	4.00		300	57.14								204	38.86		525	
	FIFTH							Excluded		19	90.48								2	9.52		21	
		TOTAL								319	60.76								206	39.24		525	
										Elected													
																							
Moor Creek                                                     																							
	FIRST			4	0.87		12	2.61		238	51.85		8	1.74		2	0.44		195	42.48		459	
	SECOND			1	50.00		0	0.00		1	50.00		0	0.00			Excluded		0	0.00		2	
		TOTAL		5	1.09		12	2.61		239	52.07		8	1.74					195	42.48		459	
	THIRD				Excluded		2	40.00		3	60.00		0	0.00					0	0.00		5	
		TOTAL					14	3.05		242	52.72		8	1.74					195	42.48		459	
	FOURTH						0	0.00		7	87.50			Excluded					1	12.50		8	
		TOTAL					14	3.05		249	54.25								196	42.70		459	
	FIFTH							Excluded		13	92.86								1	7.14		14	
		TOTAL								262	57.08								197	42.92		459	
										Elected													
																							
Nazareth House                                                 																							
	FIRST			1	0.53		15	7.89		74	38.95		5	2.63		2	1.05		93	48.95		190	
	SECOND			2	100.00		0	0.00		0	0.00		0	0.00			Excluded		0	0.00		2	
		TOTAL		3	1.58		15	7.89		74	38.95		5	2.63					93	48.95		190	
	THIRD				Excluded		3	100.00		0	0.00		0	0.00					0	0.00		3	
		TOTAL					18	9.47		74	38.95		5	2.63					93	48.95		190	
	FOURTH						0	0.00		2	40.00			Excluded					3	60.00		5	
		TOTAL					18	9.47		76	40.00								96	50.53		190	
	FIFTH							Excluded		13	72.22								5	27.78		18	
		TOTAL								89	46.84								101	53.16		190	
										Elected													
																							
Nemingha                                                       																							
	FIRST			7	0.99		28	3.98		401	56.96		16	2.27		3	0.43		249	35.37		704	
	SECOND			0	0.00		1	33.33		1	33.33		0	0.00			Excluded		1	33.33		3	
		TOTAL		7	0.99		29	4.12		402	57.10		16	2.27					250	35.51		704	
	THIRD				Excluded		5	71.43		1	14.29		0	0.00					1	14.29		7	
		TOTAL					34	4.83		403	57.24		16	2.27					251	35.65		704	
	FOURTH						4	25.00		9	56.25			Excluded					3	18.75		16	
		TOTAL					38	5.40		412	58.52								254	36.08		704	
	FIFTH							Excluded		33	86.84								5	13.16		38	
		TOTAL								445	63.21								259	36.79		704	
										Elected													
																							
Niangala                                                       																							
	FIRST			0	0.00		4	3.54		59	52.21		3	2.65		1	0.88		46	40.71		113	
	SECOND			1	100.00		0	0.00		0	0.00		0	0.00			Excluded		0	0.00		1	
		TOTAL		1	0.88		4	3.54		59	52.21		3	2.65					46	40.71		113	
	THIRD				Excluded		1	100.00		0	0.00		0	0.00					0	0.00		1	
		TOTAL					5	4.42		59	52.21		3	2.65					46	40.71		113	
	FOURTH						0	0.00		2	66.67			Excluded					1	33.33		3	
		TOTAL					5	4.42		61	53.98								47	41.59		113	
	FIFTH							Excluded		4	80.00								1	20.00		5	
		TOTAL								65	57.52								48	42.48		113	
										Elected													
																							
Nowendoc                                                       																							
	FIRST			2	2.33		5	5.81		39	45.35		2	2.33		0	0.00		38	44.19		86	
	SECOND			0	0.00		0	0.00		0	0.00		0	0.00			Excluded		0	0.00		0	
		TOTAL		2	2.33		5	5.81		39	45.35		2	2.33					38	44.19		86	
	THIRD				Excluded		1	50.00		0	0.00		0	0.00					1	50.00		2	
		TOTAL					6	6.98		39	45.35		2	2.33					39	45.35		86	
	FOURTH						0	0.00		0	0.00			Excluded					2	100.00		2	
		TOTAL					6	6.98		39	45.35								41	47.67		86	
	FIFTH							Excluded		5	83.33								1	16.67		6	
		TOTAL								44	51.16								42	48.84		86	
										Elected													
																							
Nundle                                                         																							
	FIRST			3	0.75		29	7.21		219	54.48		13	3.23		4	1.00		134	33.33		402	
	SECOND			0	0.00		0	0.00		3	75.00		0	0.00			Excluded		1	25.00		4	
		TOTAL		3	0.75		29	7.21		222	55.22		13	3.23					135	33.58		402	
	THIRD				Excluded		2	66.67		1	33.33		0	0.00					0	0.00		3	
		TOTAL					31	7.71		223	55.47		13	3.23					135	33.58		402	
	FOURTH						2	15.38		7	53.85			Excluded					4	30.77		13	
		TOTAL					33	8.21		230	57.21								139	34.58		402	
	FIFTH							Excluded		30	90.91								3	9.09		33	
		TOTAL								260	64.68								142	35.32		402	
										Elected													
																							
Oxley Vale                                                     																							
	FIRST			10	0.64		99	6.33		907	58.03		38	2.43		3	0.19		506	32.37		1563	
	SECOND			1	33.33		0	0.00		2	66.67		0	0.00			Excluded		0	0.00		3	
		TOTAL		11	0.70		99	6.33		909	58.16		38	2.43					506	32.37		1563	
	THIRD				Excluded		6	54.55		3	27.27		1	9.09					1	9.09		11	
		TOTAL					105	6.72		912	58.35		39	2.50					507	32.44		1563	
	FOURTH						8	20.51		25	64.10			Excluded					6	15.38		39	
		TOTAL					113	7.23		937	59.95								513	32.82		1563	
	FIFTH							Excluded		101	89.38								12	10.62		113	
		TOTAL								1038	66.41								525	33.59		1563	
										Elected													
																							
Peel High                                                      																							
	FIRST			14	0.86		166	10.25		1027	63.40		39	2.41		6	0.37		368	22.72		1620	
	SECOND			2	33.33		0	0.00		1	16.67		1	16.67			Excluded		2	33.33		6	
		TOTAL		16	0.99		166	10.25		1028	63.46		40	2.47					370	22.84		1620	
	THIRD				Excluded		7	43.75		4	25.00		2	12.50					3	18.75		16	
		TOTAL					173	10.68		1032	63.70		42	2.59					373	23.02		1620	
	FOURTH						8	19.05		25	59.52			Excluded					9	21.43		42	
		TOTAL					181	11.17		1057	65.25								382	23.58		1620	
	FIFTH							Excluded		164	90.61								17	9.39		181	
		TOTAL								1221	75.37								399	24.63		1620	
										Elected													
																							
Red Range                                                      																							
	FIRST			0	0.00		12	8.39		32	22.38		3	2.10		0	0.00		96	67.13		143	
	SECOND			0	0.00		0	0.00		0	0.00		0	0.00			Excluded		0	0.00		0	
		TOTAL		0	0.00		12	8.39		32	22.38		3	2.10					96	67.13		143	
	THIRD				Excluded		0	0.00		0	0.00		0	0.00					0	0.00		0	
		TOTAL					12	8.39		32	22.38		3	2.10					96	67.13		143	
	FOURTH						0	0.00		2	66.67			Excluded					1	33.33		3	
		TOTAL					12	8.39		34	23.78								97	67.83		143	
	FIFTH							Excluded		10	83.33								2	16.67		12	
		TOTAL								44	30.77								99	69.23		143	
										Elected													
																							
Rocky River                                                    																							
	FIRST			9	4.15		31	14.29		106	48.85		3	1.38		6	2.76		62	28.57		217	
	SECOND			2	33.33		2	33.33		1	16.67		0	0.00			Excluded		1	16.67		6	
		TOTAL		11	5.07		33	15.21		107	49.31		3	1.38					63	29.03		217	
	THIRD				Excluded		8	72.73		2	18.18		0	0.00					1	9.09		11	
		TOTAL					41	18.89		109	50.23		3	1.38					64	29.49		217	
	FOURTH						0	0.00		3	100.00			Excluded					0	0.00		3	
		TOTAL					41	18.89		112	51.61								64	29.49		217	
	FIFTH							Excluded		39	95.12								2	4.88		41	
		TOTAL								151	69.59								66	30.41		217	
										Elected													
																							
Ross Hill                                                      																							
	FIRST			16	0.86		179	9.57		735	39.28		41	2.19		8	0.43		892	47.68		1871	
	SECOND			1	12.50		0	0.00		4	50.00		3	37.50			Excluded		0	0.00		8	
		TOTAL		17	0.91		179	9.57		739	39.50		44	2.35					892	47.68		1871	
	THIRD				Excluded		7	41.18		6	35.29		4	23.53					0	0.00		17	
		TOTAL					186	9.94		745	39.82		48	2.57					892	47.68		1871	
	FOURTH						9	18.75		24	50.00			Excluded					15	31.25		48	
		TOTAL					195	10.42		769	41.10								907	48.48		1871	
	FIFTH							Excluded		167	85.64								28	14.36		195	
		TOTAL								936	50.03								935	49.97		1871	
										Elected													
																							
Somerton                                                       																							
	FIRST			1	0.51		13	6.63		86	43.88		6	3.06		0	0.00		90	45.92		196	
	SECOND			0	0.00		0	0.00		0	0.00		0	0.00			Excluded		0	0.00		0	
		TOTAL		1	0.51		13	6.63		86	43.88		6	3.06					90	45.92		196	
	THIRD				Excluded		1	100.00		0	0.00		0	0.00					0	0.00		1	
		TOTAL					14	7.14		86	43.88		6	3.06					90	45.92		196	
	FOURTH						1	16.67		3	50.00			Excluded					2	33.33		6	
		TOTAL					15	7.65		89	45.41								92	46.94		196	
	FIFTH							Excluded		8	53.33								7	46.67		15	
		TOTAL								97	49.49								99	50.51		196	
										Elected													
																							
Sunnyside                                                      																							
	FIRST			5	3.18		5	3.18		23	14.65		7	4.46		3	1.91		114	72.61		157	
	SECOND			3	100.00		0	0.00		0	0.00		0	0.00			Excluded		0	0.00		3	
		TOTAL		8	5.10		5	3.18		23	14.65		7	4.46					114	72.61		157	
	THIRD				Excluded		3	37.50		4	50.00		0	0.00					1	12.50		8	
		TOTAL					8	5.10		27	17.20		7	4.46					115	73.25		157	
	FOURTH						3	42.86		3	42.86			Excluded					1	14.29		7	
		TOTAL					11	7.01		30	19.11								116	73.89		157	
	FIFTH							Excluded		8	72.73								3	27.27		11	
		TOTAL								38	24.20								119	75.80		157	
										Elected													
																							
Sydney (New England)                                           																							
	FIRST			3	6.82		6	13.64		21	47.73		0	0.00		1	2.27		13	29.55		44	
	SECOND			1	100.00		0	0.00		0	0.00		0	0.00			Excluded		0	0.00		1	
		TOTAL		4	9.09		6	13.64		21	47.73		0	0.00					13	29.55		44	
	THIRD				Excluded		2	50.00		1	25.00		0	0.00					1	25.00		4	
		TOTAL					8	18.18		22	50.00		0	0.00					14	31.82		44	
	FOURTH						0	0.00		0	0.00			Excluded					0	0.00		0	
		TOTAL					8	18.18		22	50.00								14	31.82		44	
	FIFTH							Excluded		7	87.50								1	12.50		8	
		TOTAL								29	65.91								15	34.09		44	
										Elected													
																							
Tamworth                                                       																							
	FIRST			22	1.39		132	8.33		877	55.37		22	1.39		22	1.39		509	32.13		1584	
	SECOND			7	31.82		6	27.27		2	9.09		1	4.55			Excluded		6	27.27		22	
		TOTAL		29	1.83		138	8.71		879	55.49		23	1.45					515	32.51		1584	
	THIRD				Excluded		11	37.93		14	48.28		2	6.90					2	6.90		29	
		TOTAL					149	9.41		893	56.38		25	1.58					517	32.64		1584	
	FOURTH						7	28.00		15	60.00			Excluded					3	12.00		25	
		TOTAL					156	9.85		908	57.32								520	32.83		1584	
	FIFTH							Excluded		140	89.74								16	10.26		156	
		TOTAL								1048	66.16								536	33.84		1584	
										Elected													
																							
Tamworth High                                                  																							
	FIRST			30	0.69		367	8.49		2508	58.00		94	2.17		20	0.46		1305	30.18		4324	
	SECOND			6	30.00		4	20.00		7	35.00		1	5.00			Excluded		2	10.00		20	
		TOTAL		36	0.83		371	8.58		2515	58.16		95	2.20					1307	30.23		4324	
	THIRD				Excluded		17	47.22		12	33.33		5	13.89					2	5.56		36	
		TOTAL					388	8.97		2527	58.44		100	2.31					1309	30.27		4324	
	FOURTH						24	24.00		57	57.00			Excluded					19	19.00		100	
		TOTAL					412	9.53		2584	59.76								1328	30.71		4324	
	FIFTH							Excluded		362	87.86								50	12.14		412	
		TOTAL								2946	68.13								1378	31.87		4324	
										Elected													
																							
Tamworth Primary                                               																							
	FIRST			46	1.33		204	5.89		1818	52.47		52	1.50		33	0.95		1312	37.86		3465	
	SECOND			17	51.52		5	15.15		8	24.24		0	0.00			Excluded		3	9.09		33	
		TOTAL		63	1.82		209	6.03		1826	52.70		52	1.50					1315	37.95		3465	
	THIRD				Excluded		28	44.44		27	42.86		2	3.17					6	9.52		63	
		TOTAL					237	6.84		1853	53.48		54	1.56					1321	38.12		3465	
	FOURTH						6	11.11		34	62.96			Excluded					14	25.93		54	
		TOTAL					243	7.01		1887	54.46								1335	38.53		3465	
	FIFTH							Excluded		222	91.36								21	8.64		243	
		TOTAL								2109	60.87								1356	39.13		3465	
										Elected													
																							
Tamworth West                                                  																							
	FIRST			13	0.67		137	7.07		1127	58.18		23	1.19		10	0.52		627	32.37		1937	
	SECOND			1	10.00		3	30.00		5	50.00		0	0.00			Excluded		1	10.00		10	
		TOTAL		14	0.72		140	7.23		1132	58.44		23	1.19					628	32.42		1937	
	THIRD				Excluded		4	28.57		8	57.14		1	7.14					1	7.14		14	
		TOTAL					144	7.43		1140	58.85		24	1.24					629	32.47		1937	
	FOURTH						5	20.83		10	41.67			Excluded					9	37.50		24	
		TOTAL					149	7.69		1150	59.37								638	32.94		1937	
	FIFTH							Excluded		132	88.59								17	11.41		149	
		TOTAL								1282	66.18								655	33.82		1937	
										Elected													
																							
Tenterfield                                                    																							
	FIRST			63	2.91		404	18.64		483	22.29		100	4.61		30	1.38		1087	50.16		2167	
	SECOND			7	23.33		4	13.33		9	30.00		2	6.67			Excluded		8	26.67		30	
		TOTAL		70	3.23		408	18.83		492	22.70		102	4.71					1095	50.53		2167	
	THIRD				Excluded		32	45.71		30	42.86		5	7.14					3	4.29		70	
		TOTAL					440	20.30		522	24.09		107	4.94					1098	50.67		2167	
	FOURTH						28	26.17		46	42.99			Excluded					33	30.84		107	
		TOTAL					468	21.60		568	26.21								1131	52.19		2167	
	FIFTH							Excluded		393	83.97								75	16.03		468	
		TOTAL								961	44.35								1206	55.65		2167	
										Elected													
																							
Timbumburi                                                     																							
	FIRST			0	0.00		12	2.78		209	48.38		13	3.01		2	0.46		196	45.37		432	
	SECOND			0	0.00		2	100.00		0	0.00		0	0.00			Excluded		0	0.00		2	
		TOTAL		0	0.00		14	3.24		209	48.38		13	3.01					196	45.37		432	
	THIRD				Excluded		0	0.00		0	0.00		0	0.00					0	0.00		0	
		TOTAL					14	3.24		209	48.38		13	3.01					196	45.37		432	
	FOURTH						2	15.38		9	69.23			Excluded					2	15.38		13	
		TOTAL					16	3.70		218	50.46								198	45.83		432	
	FIFTH							Excluded		14	87.50								2	12.50		16	
		TOTAL								232	53.70								200	46.30		432	
										Elected													
																							
Tingha                                                         																							
	FIRST			6	1.22		67	13.67		191	38.98		50	10.20		3	0.61		173	35.31		490	
	SECOND			0	0.00		1	33.33		1	33.33		0	0.00			Excluded		1	33.33		3	
		TOTAL		6	1.22		68	13.88		192	39.18		50	10.20					174	35.51		490	
	THIRD				Excluded		3	50.00		2	33.33		0	0.00					1	16.67		6	
		TOTAL					71	14.49		194	39.59		50	10.20					175	35.71		490	
	FOURTH						14	28.00		22	44.00			Excluded					14	28.00		50	
		TOTAL					85	17.35		216	44.08								189	38.57		490	
	FIFTH							Excluded		69	81.18								16	18.82		85	
		TOTAL								285	58.16								205	41.84		490	
										Elected													
																							
Upper Horton                                                   																							
	FIRST			0	0.00		6	5.61		30	28.04		8	7.48		0	0.00		63	58.88		107	
	SECOND			0	0.00		0	0.00		0	0.00		0	0.00			Excluded		0	0.00		0	
		TOTAL		0	0.00		6	5.61		30	28.04		8	7.48					63	58.88		107	
	THIRD				Excluded		0	0.00		0	0.00		0	0.00					0	0.00		0	
		TOTAL					6	5.61		30	28.04		8	7.48					63	58.88		107	
	FOURTH						2	25.00		1	12.50			Excluded					5	62.50		8	
		TOTAL					8	7.48		31	28.97								68	63.55		107	
	FIFTH							Excluded		5	62.50								3	37.50		8	
		TOTAL								36	33.64								71	66.36		107	
										Elected													
																							
Uralla                                                         																							
	FIRST			51	2.95		277	16.05		783	45.37		28	1.62		19	1.10		568	32.91		1726	
	SECOND			7	36.84		4	21.05		5	26.32		1	5.26			Excluded		2	10.53		19	
		TOTAL		58	3.36		281	16.28		788	45.65		29	1.68					570	33.02		1726	
	THIRD				Excluded		35	60.34		18	31.03		2	3.45					3	5.17		58	
		TOTAL					316	18.31		806	46.70		31	1.80					573	33.20		1726	
	FOURTH						12	38.71		12	38.71			Excluded					7	22.58		31	
		TOTAL					328	19.00		818	47.39								580	33.60		1726	
	FIFTH							Excluded		292	89.02								36	10.98		328	
		TOTAL								1110	64.31								616	35.69		1726	
										Elected													
																							
Urbenville                                                     																							
	FIRST			8	5.03		32	20.13		12	7.55		8	5.03		1	0.63		98	61.64		159	
	SECOND			0	0.00		0	0.00		1	100.00		0	0.00			Excluded		0	0.00		1	
		TOTAL		8	5.03		32	20.13		13	8.18		8	5.03					98	61.64		159	
	THIRD				Excluded		5	62.50		2	25.00		1	12.50					0	0.00		8	
		TOTAL					37	23.27		15	9.43		9	5.66					98	61.64		159	
	FOURTH						1	11.11		3	33.33			Excluded					5	55.56		9	
		TOTAL					38	23.90		18	11.32								103	64.78		159	
	FIFTH							Excluded		32	84.21								6	15.79		38	
		TOTAL								50	31.45								109	68.55		159	
										Elected													
																							
Walcha                                                         																							
	FIRST			15	0.98		115	7.53		738	48.33		32	2.10		3	0.20		624	40.86		1527	
	SECOND			1	33.33		0	0.00		0	0.00		0	0.00			Excluded		2	66.67		3	
		TOTAL		16	1.05		115	7.53		738	48.33		32	2.10					626	41.00		1527	
	THIRD				Excluded		10	62.50		4	25.00		0	0.00					2	12.50		16	
		TOTAL					125	8.19		742	48.59		32	2.10					628	41.13		1527	
	FOURTH						3	9.38		24	75.00			Excluded					5	15.63		32	
		TOTAL					128	8.38		766	50.16								633	41.45		1527	
	FIFTH							Excluded		116	90.63								12	9.38		128	
		TOTAL								882	57.76								645	42.24		1527	
										Elected													
																							
Werris Creek                                                   																							
	FIRST			3	0.32		92	9.80		732	77.96		35	3.73		0	0.00		77	8.20		939	
	SECOND			0	0.00		0	0.00		0	0.00		0	0.00			Excluded		0	0.00		0	
		TOTAL		3	0.32		92	9.80		732	77.96		35	3.73					77	8.20		939	
	THIRD				Excluded		1	33.33		2	66.67		0	0.00					0	0.00		3	
		TOTAL					93	9.90		734	78.17		35	3.73					77	8.20		939	
	FOURTH						5	14.29		23	65.71			Excluded					7	20.00		35	
		TOTAL					98	10.44		757	80.62								84	8.95		939	
	FIFTH							Excluded		82	83.67								16	16.33		98	
		TOTAL								839	89.35								100	10.65		939	
										Elected													
																							
Westdale                                                       																							
	FIRST			6	0.58		45	4.32		589	56.53		26	2.50		4	0.38		372	35.70		1042	
	SECOND			0	0.00		0	0.00		3	75.00		0	0.00			Excluded		1	25.00		4	
		TOTAL		6	0.58		45	4.32		592	56.81		26	2.50					373	35.80		1042	
	THIRD				Excluded		0	0.00		4	66.67		1	16.67					1	16.67		6	
		TOTAL					45	4.32		596	57.20		27	2.59					374	35.89		1042	
	FOURTH						9	33.33		16	59.26			Excluded					2	7.41		27	
		TOTAL					54	5.18		612	58.73								376	36.08		1042	
	FIFTH							Excluded		45	83.33								9	16.67		54	
		TOTAL								657	63.05								385	36.95		1042	
										Elected													
																							
Wollomombi                                                     																							
	FIRST			2	1.92		6	5.77		36	34.62		1	0.96		0	0.00		59	56.73		104	
	SECOND			0	0.00		0	0.00		0	0.00		0	0.00			Excluded		0	0.00		0	
		TOTAL		2	1.92		6	5.77		36	34.62		1	0.96					59	56.73		104	
	THIRD				Excluded		1	50.00		0	0.00		0	0.00					1	50.00		2	
		TOTAL					7	6.73		36	34.62		1	0.96					60	57.69		104	
	FOURTH						0	0.00		0	0.00			Excluded					1	100.00		1	
		TOTAL					7	6.73		36	34.62								61	58.65		104	
	FIFTH							Excluded		4	57.14								3	42.86		7	
		TOTAL								40	38.46								64	61.54		104	
										Elected													
																							
Woolbrook                                                      																							
	FIRST			2	1.64		5	4.10		54	44.26		5	4.10		0	0.00		56	45.90		122	
	SECOND			0	0.00		0	0.00		0	0.00		0	0.00			Excluded		0	0.00		0	
		TOTAL		2	1.64		5	4.10		54	44.26		5	4.10					56	45.90		122	
	THIRD				Excluded		1	50.00		1	50.00		0	0.00					0	0.00		2	
		TOTAL					6	4.92		55	45.08		5	4.10					56	45.90		122	
	FOURTH						2	40.00		1	20.00			Excluded					2	40.00		5	
		TOTAL					8	6.56		56	45.90								58	47.54		122	
	FIFTH							Excluded		7	87.50								1	12.50		8	
		TOTAL								63	51.64								59	48.36		122	
										Elected													
																							
Woolomin                                                       																							
	FIRST			2	1.09		25	13.59		97	52.72		3	1.63		0	0.00		57	30.98		184	
	SECOND			0	0.00		0	0.00		0	0.00		0	0.00			Excluded		0	0.00		0	
		TOTAL		2	1.09		25	13.59		97	52.72		3	1.63					57	30.98		184	
	THIRD				Excluded		1	50.00		0	0.00		1	50.00					0	0.00		2	
		TOTAL					26	14.13		97	52.72		4	2.17					57	30.98		184	
	FOURTH						3	75.00		0	0.00			Excluded					1	25.00		4	
		TOTAL					29	15.76		97	52.72								58	31.52		184	
	FIFTH							Excluded		24	82.76								5	17.24		29	
		TOTAL								121	65.76								63	34.24		184	
										Elected													
																							
Yarrowitch                                                     																							
	FIRST			1	0.96		3	2.88		24	23.08		5	4.81		0	0.00		71	68.27		104	
	SECOND			0	0.00		0	0.00		0	0.00		0	0.00			Excluded		0	0.00		0	
		TOTAL		1	0.96		3	2.88		24	23.08		5	4.81					71	68.27		104	
	THIRD				Excluded		0	0.00		0	0.00		0	0.00					1	100.00		1	
		TOTAL					3	2.88		24	23.08		5	4.81					72	69.23		104	
	FOURTH						0	0.00		3	60.00			Excluded					2	40.00		5	
		TOTAL					3	2.88		27	25.96								74	71.15		104	
	FIFTH							Excluded		2	66.67								1	33.33		3	
		TOTAL								29	27.88								75	72.12		104	
										Elected													
																							
Yetman                                                         																							
	FIRST			2	1.47		22	16.18		44	32.35		14	10.29		2	1.47		52	38.24		136	
	SECOND			0	0.00		1	50.00		0	0.00		0	0.00			Excluded		1	50.00		2	
		TOTAL		2	1.47		23	16.91		44	32.35		14	10.29					53	38.97		136	
	THIRD				Excluded		0	0.00		1	50.00		1	50.00					0	0.00		2	
		TOTAL					23	16.91		45	33.09		15	11.03					53	38.97		136	
	FOURTH						3	20.00		10	66.67			Excluded					2	13.33		15	
		TOTAL					26	19.12		55	40.44								55	40.44		136	
	FIFTH							Excluded		20	76.92								6	23.08		26	
		TOTAL								75	55.15								61	44.85		136	
										Elected													
																							
Special Hospital Team 1                                        																							
	FIRST			2	2.15		18	19.35		28	30.11		2	2.15		4	4.30		39	41.94		93	
	SECOND			1	25.00		1	25.00		0	0.00		0	0.00			Excluded		2	50.00		4	
		TOTAL		3	3.23		19	20.43		28	30.11		2	2.15					41	44.09		93	
	THIRD				Excluded		3	100.00		0	0.00		0	0.00					0	0.00		3	
		TOTAL					22	23.66		28	30.11		2	2.15					41	44.09		93	
	FOURTH						0	0.00		0	0.00			Excluded					2	100.00		2	
		TOTAL					22	23.66		28	30.11								43	46.24		93	
	FIFTH							Excluded		19	86.36								3	13.64		22	
		TOTAL								47	50.54								46	49.46		93	
										Elected													
																							
Special Hospital Team 2                                        																							
	FIRST			2	2.82		10	14.08		20	28.17		0	0.00		2	2.82		37	52.11		71	
	SECOND			0	0.00		0	0.00		0	0.00		0	0.00			Excluded		2	100.00		2	
		TOTAL		2	2.82		10	14.08		20	28.17		0	0.00					39	54.93		71	
	THIRD				Excluded		2	100.00		0	0.00		0	0.00					0	0.00		2	
		TOTAL					12	16.90		20	28.17		0	0.00					39	54.93		71	
	FOURTH						0	0.00		0	0.00			Excluded					0	0.00		0	
		TOTAL					12	16.90		20	28.17								39	54.93		71	
	FIFTH							Excluded		9	75.00								3	25.00		12	
		TOTAL								29	40.85								42	59.15		71	
										Elected													
																							
Special Hospital Team 3                                        																							
	FIRST			2	1.17		11	6.43		100	58.48		2	1.17		2	1.17		54	31.58		171	
	SECOND			0	0.00		0	0.00		1	50.00		1	50.00			Excluded		0	0.00		2	
		TOTAL		2	1.17		11	6.43		101	59.06		3	1.75					54	31.58		171	
	THIRD				Excluded		1	50.00		0	0.00		0	0.00					1	50.00		2	
		TOTAL					12	7.02		101	59.06		3	1.75					55	32.16		171	
	FOURTH						2	66.67		1	33.33			Excluded					0	0.00		3	
		TOTAL					14	8.19		102	59.65								55	32.16		171	
	FIFTH							Excluded		13	92.86								1	7.14		14	
		TOTAL								115	67.25								56	32.75		171	
										Elected													
																							
ABSENT																							
	FIRST			199	4.71		540	12.79		1722	40.80		146	3.46		110	2.61		1504	35.63		4221	
	SECOND			41	37.27		16	14.55		24	21.82		3	2.73			Excluded		26	23.64		110	
		TOTAL		240	5.69		556	13.17		1746	41.36		149	3.53					1530	36.25		4221	
	THIRD				Excluded		114	47.50		92	38.33		13	5.42					21	8.75		240	
		TOTAL					670	15.87		1838	43.54		162	3.84					1551	36.74		4221	
	FOURTH						48	29.63		63	38.89			Excluded					51	31.48		162	
		TOTAL					718	17.01		1901	45.04								1602	37.95		4221	
	FIFTH							Excluded		566	78.83								152	21.17		718	
		TOTAL								2467	58.45								1754	41.55		4221	
										Elected													
																							
POSTAL																							
	FIRST			59	1.98		257	8.64		1151	38.68		128	4.30		27	0.91		1354	45.50		2976	
	SECOND			7	25.93		6	22.22		8	29.63		2	7.41			Excluded		4	14.81		27	
		TOTAL		66	2.22		263	8.84		1159	38.94		130	4.37					1358	45.63		2976	
	THIRD				Excluded		22	33.33		30	45.45		3	4.55					11	16.67		66	
		TOTAL					285	9.58		1189	39.95		133	4.47					1369	46.00		2976	
	FOURTH						23	17.29		74	55.64			Excluded					36	27.07		133	
		TOTAL					308	10.35		1263	42.44								1405	47.21		2976	
	FIFTH							Excluded		261	84.74								47	15.26		308	
		TOTAL								1524	51.21								1452	48.79		2976	
										Elected													
																							
PRE POLL																							
	FIRST			145	2.54		476	8.33		2496	43.70		155	2.71		73	1.28		2367	41.44		5712	
	SECOND			25	34.25		16	21.92		18	24.66		4	5.48			Excluded		10	13.70		73	
		TOTAL		170	2.98		492	8.61		2514	44.01		159	2.78					2377	41.61		5712	
	THIRD				Excluded		70	41.18		72	42.35		10	5.88					18	10.59		170	
		TOTAL					562	9.84		2586	45.27		169	2.96					2395	41.93		5712	
	FOURTH						26	15.38		92	54.44			Excluded					51	30.18		169	
		TOTAL					588	10.29		2678	46.88								2446	42.82		5712	
	FIFTH							Excluded		466	79.25								122	20.75		588	
		TOTAL								3144	55.04								2568	44.96		5712	
										Elected													
																							
PROVISIONAL																							
	FIRST			30	3.90		122	15.86		353	45.90		28	3.64		13	1.69		223	29.00		769	
	SECOND			6	46.15		1	7.69		3	23.08		1	7.69			Excluded		2	15.38		13	
		TOTAL		36	4.68		123	15.99		356	46.29		29	3.77					225	29.26		769	
	THIRD				Excluded		12	33.33		13	36.11		3	8.33					8	22.22		36	
		TOTAL					135	17.56		369	47.98		32	4.16					233	30.30		769	
	FOURTH						8	25.00		15	46.88			Excluded					9	28.13		32	
		TOTAL					143	18.60		384	49.93								242	31.47		769	
	FIFTH							Excluded		120	83.92								23	16.08		143	
		TOTAL								504	65.54								265	34.46		769	
										Elected													
																							
																							
																							
																							
																							
																							
																							
																							
																							
																							
																							
																							
																							
																							
																							
																							
																							
																							
																							
																							
																							
																							
																							
																							
																							
																							
																							
																							
																							
																							
																							
																							
																							
																							
																							
																							
																							
																							
																							
																							
																							
																							
																							
																							
																							
																							
																							
																							
																							
																							
																							
																							
																							
																							
																							
																							
																							
																							
																							
																							
																							
																							
																							
																							
																							
																							
																							
																							
																							
																							
																							
																							
																							
																							
																							
																							
																							
																							
																							
																							
																							
																							
																							
																							
																							
																							
																							
																							
																							
																							
																							
																							
																							
																							
																							
																							
																							
																							
																							
																							
																							
																							
																							
																							
																							
																							
																							
																							
																							
																							
																							
																							
																							
																							
																							
																							
																							
																							
																							
																							
																							
																							
																							
																							
																							
																							
																							
																							
																							
																							
																							
																							
																							
																							
																							
																							
																							
																							
																							
																							
																							
																							
																							
																							
																							
																							
																							
																							
																							
																							
																							
																							
																							
																							
																							
																							
																							
																							
																							
																							
																							
																							
																							
																							
																							
																							
																							
																							
																							
																							
																							
																							
																							
																							
																							
																							
																							
																							
																							
																							
																							
																							
																							
																							
																							
																							
																							
																							
																							
																							
																							
																							
																							
																							
																							
																							
																							
																							
																							
																							
																							
																							
																							
																							
																							
																							
																							
																							
																							
																							
																							
																							
																							
																							
																							
																							
																							
																							
																							
																							
																							
																							
																							
																							
																							
																							
																							
																							
																							
																							
																							
																							
																							
																							
																							
																							
																							
																							
																							
																							
																							
																							
																							
																							
																							
																							
																							
																							
																							
																							
																							
																							
																							
																							
																							
																							
																							
																							
																							
																							
																							
																							
																							
																							
																							
																							
																							
																							
																							
																							
																							
																							
																							
																							
																							
																							
																							
																							
																							
																							
																							
																							
																							
																							
																							
																							
																							
																							
																							
																							
																							
																							
																							
																							
																							
																							
																							
																							
																							
																							
																							
																							
																							
																							
																							
																							
																							
																							
																							
																							
																							
																							
																							
																							
																							
																							
																							
																							
																							
																							
																							
																							
																							
																							
																							
																							
																							
																							
																							
																							
																							
																							
																							
																							
																							
																							
																							
																							
																							
																							
																							
																							
																							
																							
																							
																							
																							
																							
																							
																							
																							
																							
																							
																							
																							
																							
																							
																							
																							
																							
																							
																							
																							
																							
