House of Representatives - 2001 Election: New South Wales																									
Distribution of Preferences 																									
By Polling Place																									
																									
Calare																									
				MARSHALL			WATTS			ANDREN			SIMPSON			SHEARING			NIXON			KNOWLES			
				Don			Ian			Peter			David			Dave			Terry			Kath			
				DEM			GRN			IND			CEC			NP			HAN			CLR			
	Count			Votes	%		Votes	%		Votes	%		Votes	%		Votes	%		Votes	%		Votes	%		Total
Barry                                                          																									
	FIRST			1	0.93		1	0.93		56	52.34		1	0.93		31	28.97		2	1.87		15	14.02		107
	SECOND			0	0.00		0	0.00		1	100.00			Excluded		0	0.00		0	0.00		0	0.00		1
		TOTAL		1	0.93		1	0.93		57	53.27					31	28.97		2	1.87		15	14.02		107
	THIRD				Excluded		1	100.00		0	0.00					0	0.00		0	0.00		0	0.00		1
		TOTAL					2	1.87		57	53.27					31	28.97		2	1.87		15	14.02		107
	FOURTH							Excluded		2	100.00					0	0.00		0	0.00		0	0.00		2
		TOTAL								59	55.14					31	28.97		2	1.87		15	14.02		107
	FIFTH									1	50.00					1	50.00			Excluded		0	0.00		2
		TOTAL								60	56.07					32	29.91					15	14.02		107
	SIXTH									13	86.67					2	13.33						Excluded		15
		TOTAL								73	68.22					34	31.78								107
										Elected															
																									
Bathurst                                                       																									
	FIRST			42	1.70		52	2.10		1267	51.23		8	0.32		405	16.38		60	2.43		639	25.84		2473
	SECOND			0	0.00		0	0.00		4	50.00			Excluded		3	37.50		1	12.50		0	0.00		8
		TOTAL		42	1.70		52	2.10		1271	51.40					408	16.50		61	2.47		639	25.84		2473
	THIRD				Excluded		15	35.71		14	33.33					3	7.14		3	7.14		7	16.67		42
		TOTAL					67	2.71		1285	51.96					411	16.62		64	2.59		646	26.12		2473
	FOURTH							Excluded		42	62.69					8	11.94		1	1.49		16	23.88		67
		TOTAL								1327	53.66					419	16.94		65	2.63		662	26.77		2473
	FIFTH									29	44.62					22	33.85			Excluded		14	21.54		65
		TOTAL								1356	54.83					441	17.83					676	27.34		2473
	SIXTH									608	89.94					68	10.06						Excluded		676
		TOTAL								1964	79.42					509	20.58								2473
										Elected															
																									
Bathurst Central                                               																									
	FIRST			25	2.15		27	2.33		594	51.16		5	0.43		178	15.33		28	2.41		304	26.18		1161
	SECOND			0	0.00		0	0.00		3	60.00			Excluded		1	20.00		1	20.00		0	0.00		5
		TOTAL		25	2.15		27	2.33		597	51.42					179	15.42		29	2.50		304	26.18		1161
	THIRD				Excluded		10	40.00		10	40.00					0	0.00		1	4.00		4	16.00		25
		TOTAL					37	3.19		607	52.28					179	15.42		30	2.58		308	26.53		1161
	FOURTH							Excluded		23	62.16					5	13.51		1	2.70		8	21.62		37
		TOTAL								630	54.26					184	15.85		31	2.67		316	27.22		1161
	FIFTH									11	35.48					9	29.03			Excluded		11	35.48		31
		TOTAL								641	55.21					193	16.62					327	28.17		1161
	SIXTH									288	88.07					39	11.93						Excluded		327
		TOTAL								929	80.02					232	19.98								1161
										Elected															
																									
Bathurst City                                                  																									
	FIRST			20	1.47		37	2.73		697	51.36		6	0.44		248	18.28		31	2.28		318	23.43		1357
	SECOND			1	16.67		0	0.00		2	33.33			Excluded		1	16.67		2	33.33		0	0.00		6
		TOTAL		21	1.55		37	2.73		699	51.51					249	18.35		33	2.43		318	23.43		1357
	THIRD				Excluded		13	61.90		6	28.57					1	4.76		0	0.00		1	4.76		21
		TOTAL					50	3.68		705	51.95					250	18.42		33	2.43		319	23.51		1357
	FOURTH							Excluded		41	82.00					1	2.00		1	2.00		7	14.00		50
		TOTAL								746	54.97					251	18.50		34	2.51		326	24.02		1357
	FIFTH									19	55.88					8	23.53			Excluded		7	20.59		34
		TOTAL								765	56.37					259	19.09					333	24.54		1357
	SIXTH									291	87.39					42	12.61						Excluded		333
		TOTAL								1056	77.82					301	22.18								1357
										Elected															
																									
Bathurst High                                                  																									
	FIRST			14	1.31		15	1.40		584	54.53		4	0.37		177	16.53		23	2.15		254	23.72		1071
	SECOND			0	0.00		0	0.00		0	0.00			Excluded		0	0.00		3	75.00		1	25.00		4
		TOTAL		14	1.31		15	1.40		584	54.53					177	16.53		26	2.43		255	23.81		1071
	THIRD				Excluded		7	50.00		4	28.57					0	0.00		0	0.00		3	21.43		14
		TOTAL					22	2.05		588	54.90					177	16.53		26	2.43		258	24.09		1071
	FOURTH							Excluded		18	81.82					0	0.00		1	4.55		3	13.64		22
		TOTAL								606	56.58					177	16.53		27	2.52		261	24.37		1071
	FIFTH									15	55.56					7	25.93			Excluded		5	18.52		27
		TOTAL								621	57.98					184	17.18					266	24.84		1071
	SIXTH									240	90.23					26	9.77						Excluded		266
		TOTAL								861	80.39					210	19.61								1071
										Elected															
																									
Bathurst Hospital                                              																									
	FIRST			9	1.25		9	1.25		387	53.75		2	0.28		114	15.83		15	2.08		184	25.56		720
	SECOND			0	0.00		0	0.00		0	0.00			Excluded		1	50.00		0	0.00		1	50.00		2
		TOTAL		9	1.25		9	1.25		387	53.75					115	15.97		15	2.08		185	25.69		720
	THIRD				Excluded		7	77.78		1	11.11					0	0.00		1	11.11		0	0.00		9
		TOTAL					16	2.22		388	53.89					115	15.97		16	2.22		185	25.69		720
	FOURTH							Excluded		7	43.75					3	18.75		4	25.00		2	12.50		16
		TOTAL								395	54.86					118	16.39		20	2.78		187	25.97		720
	FIFTH									9	45.00					3	15.00			Excluded		8	40.00		20
		TOTAL								404	56.11					121	16.81					195	27.08		720
	SIXTH									170	87.18					25	12.82						Excluded		195
		TOTAL								574	79.72					146	20.28								720
										Elected															
																									
Bathurst South                                                 																									
	FIRST			12	0.98		18	1.47		682	55.86		4	0.33		147	12.04		33	2.70		325	26.62		1221
	SECOND			1	25.00		0	0.00		1	25.00			Excluded		2	50.00		0	0.00		0	0.00		4
		TOTAL		13	1.06		18	1.47		683	55.94					149	12.20		33	2.70		325	26.62		1221
	THIRD				Excluded		8	61.54		4	30.77					1	7.69		0	0.00		0	0.00		13
		TOTAL					26	2.13		687	56.27					150	12.29		33	2.70		325	26.62		1221
	FOURTH							Excluded		17	65.38					3	11.54		1	3.85		5	19.23		26
		TOTAL								704	57.66					153	12.53		34	2.78		330	27.03		1221
	FIFTH									23	67.65					6	17.65			Excluded		5	14.71		34
		TOTAL								727	59.54					159	13.02					335	27.44		1221
	SIXTH									303	90.45					32	9.55						Excluded		335
		TOTAL								1030	84.36					191	15.64								1221
										Elected															
																									
Bathurst St Vincents                                           																									
	FIRST			1	0.36		4	1.44		120	43.32		2	0.72		47	16.97		10	3.61		93	33.57		277
	SECOND			2	100.00		0	0.00		0	0.00			Excluded		0	0.00		0	0.00		0	0.00		2
		TOTAL		3	1.08		4	1.44		120	43.32					47	16.97		10	3.61		93	33.57		277
	THIRD				Excluded		2	66.67		1	33.33					0	0.00		0	0.00		0	0.00		3
		TOTAL					6	2.17		121	43.68					47	16.97		10	3.61		93	33.57		277
	FOURTH							Excluded		3	50.00					0	0.00		0	0.00		3	50.00		6
		TOTAL								124	44.77					47	16.97		10	3.61		96	34.66		277
	FIFTH									6	60.00					3	30.00			Excluded		1	10.00		10
		TOTAL								130	46.93					50	18.05					97	35.02		277
	SIXTH									87	89.69					10	10.31						Excluded		97
		TOTAL								217	78.34					60	21.66								277
										Elected															
																									
Bathurst West                                                  																									
	FIRST			27	1.12		30	1.25		1275	52.99		8	0.33		450	18.70		70	2.91		546	22.69		2406
	SECOND			2	25.00		1	12.50		2	25.00			Excluded		3	37.50		0	0.00		0	0.00		8
		TOTAL		29	1.21		31	1.29		1277	53.08					453	18.83		70	2.91		546	22.69		2406
	THIRD				Excluded		11	37.93		9	31.03					2	6.90		1	3.45		6	20.69		29
		TOTAL					42	1.75		1286	53.45					455	18.91		71	2.95		552	22.94		2406
	FOURTH							Excluded		23	54.76					2	4.76		6	14.29		11	26.19		42
		TOTAL								1309	54.41					457	18.99		77	3.20		563	23.40		2406
	FIFTH									43	55.84					21	27.27			Excluded		13	16.88		77
		TOTAL								1352	56.19					478	19.87					576	23.94		2406
	SIXTH									513	89.06					63	10.94						Excluded		576
		TOTAL								1865	77.51					541	22.49								2406
										Elected															
																									
Billimari                                                      																									
	FIRST			2	1.41		0	0.00		89	62.68		1	0.70		31	21.83		5	3.52		14	9.86		142
	SECOND			0	0.00		0	0.00		0	0.00			Excluded		0	0.00		1	100.00		0	0.00		1
		TOTAL		2	1.41		0	0.00		89	62.68					31	21.83		6	4.23		14	9.86		142
	THIRD				Excluded		1	50.00		1	50.00					0	0.00		0	0.00		0	0.00		2
		TOTAL					1	0.70		90	63.38					31	21.83		6	4.23		14	9.86		142
	FOURTH							Excluded		1	100.00					0	0.00		0	0.00		0	0.00		1
		TOTAL								91	64.08					31	21.83		6	4.23		14	9.86		142
	FIFTH									3	50.00					2	33.33			Excluded		1	16.67		6
		TOTAL								94	66.20					33	23.24					15	10.56		142
	SIXTH									14	93.33					1	6.67						Excluded		15
		TOTAL								108	76.06					34	23.94								142
										Elected															
																									
Black Springs                                                  																									
	FIRST			0	0.00		2	0.93		114	52.78		1	0.46		45	20.83		16	7.41		38	17.59		216
	SECOND			1	100.00		0	0.00		0	0.00			Excluded		0	0.00		0	0.00		0	0.00		1
		TOTAL		1	0.46		2	0.93		114	52.78					45	20.83		16	7.41		38	17.59		216
	THIRD				Excluded		1	100.00		0	0.00					0	0.00		0	0.00		0	0.00		1
		TOTAL					3	1.39		114	52.78					45	20.83		16	7.41		38	17.59		216
	FOURTH							Excluded		1	33.33					0	0.00		2	66.67		0	0.00		3
		TOTAL								115	53.24					45	20.83		18	8.33		38	17.59		216
	FIFTH									6	33.33					6	33.33			Excluded		6	33.33		18
		TOTAL								121	56.02					51	23.61					44	20.37		216
	SIXTH									39	88.64					5	11.36						Excluded		44
		TOTAL								160	74.07					56	25.93								216
										Elected															
																									
Blayney                                                        																									
	FIRST			18	1.00		15	0.83		949	52.46		3	0.17		369	20.40		96	5.31		359	19.85		1809
	SECOND			0	0.00		0	0.00		1	33.33			Excluded		2	66.67		0	0.00		0	0.00		3
		TOTAL		18	1.00		15	0.83		950	52.52					371	20.51		96	5.31		359	19.85		1809
	THIRD				Excluded		10	55.56		4	22.22					1	5.56		1	5.56		2	11.11		18
		TOTAL					25	1.38		954	52.74					372	20.56		97	5.36		361	19.96		1809
	FOURTH							Excluded		17	68.00					2	8.00		2	8.00		4	16.00		25
		TOTAL								971	53.68					374	20.67		99	5.47		365	20.18		1809
	FIFTH									58	58.59					22	22.22			Excluded		19	19.19		99
		TOTAL								1029	56.88					396	21.89					384	21.23		1809
	SIXTH									325	84.64					59	15.36						Excluded		384
		TOTAL								1354	74.85					455	25.15								1809
										Elected															
																									
Bletchington                                                   																									
	FIRST			35	1.25		47	1.68		1467	52.36		8	0.29		696	24.84		89	3.18		460	16.42		2802
	SECOND			1	12.50		0	0.00		4	50.00			Excluded		2	25.00		1	12.50		0	0.00		8
		TOTAL		36	1.28		47	1.68		1471	52.50					698	24.91		90	3.21		460	16.42		2802
	THIRD				Excluded		13	36.11		12	33.33					4	11.11		2	5.56		5	13.89		36
		TOTAL					60	2.14		1483	52.93					702	25.05		92	3.28		465	16.60		2802
	FOURTH							Excluded		41	68.33					7	11.67		1	1.67		11	18.33		60
		TOTAL								1524	54.39					709	25.30		93	3.32		476	16.99		2802
	FIFTH									53	56.99					23	24.73			Excluded		17	18.28		93
		TOTAL								1577	56.28					732	26.12					493	17.59		2802
	SIXTH									419	84.99					74	15.01						Excluded		493
		TOTAL								1996	71.23					806	28.77								2802
										Elected															
																									
Bloomfield Hospital                                            																									
	FIRST			4	2.53		3	1.90		86	54.43		0	0.00		33	20.89		6	3.80		26	16.46		158
	SECOND			0	0.00		0	0.00		0	0.00			Excluded		0	0.00		0	0.00		0	0.00		0
		TOTAL		4	2.53		3	1.90		86	54.43					33	20.89		6	3.80		26	16.46		158
	THIRD				Excluded		1	25.00		1	25.00					2	50.00		0	0.00		0	0.00		4
		TOTAL					4	2.53		87	55.06					35	22.15		6	3.80		26	16.46		158
	FOURTH							Excluded		4	100.00					0	0.00		0	0.00		0	0.00		4
		TOTAL								91	57.59					35	22.15		6	3.80		26	16.46		158
	FIFTH									0	0.00					4	66.67			Excluded		2	33.33		6
		TOTAL								91	57.59					39	24.68					28	17.72		158
	SIXTH									24	85.71					4	14.29						Excluded		28
		TOTAL								115	72.78					43	27.22								158
										Elected															
																									
Borenore                                                       																									
	FIRST			0	0.00		3	1.16		142	54.83		1	0.39		85	32.82		9	3.47		19	7.34		259
	SECOND			0	0.00		0	0.00		1	100.00			Excluded		0	0.00		0	0.00		0	0.00		1
		TOTAL		0	0.00		3	1.16		143	55.21					85	32.82		9	3.47		19	7.34		259
	THIRD				Excluded		0	0.00		0	0.00					0	0.00		0	0.00		0	0.00		0
		TOTAL					3	1.16		143	55.21					85	32.82		9	3.47		19	7.34		259
	FOURTH							Excluded		2	66.67					1	33.33		0	0.00		0	0.00		3
		TOTAL								145	55.98					86	33.20		9	3.47		19	7.34		259
	FIFTH									4	44.44					4	44.44			Excluded		1	11.11		9
		TOTAL								149	57.53					90	34.75					20	7.72		259
	SIXTH									17	85.00					3	15.00						Excluded		20
		TOTAL								166	64.09					93	35.91								259
										Elected															
																									
Bowen                                                          																									
	FIRST			31	1.32		47	2.00		1225	52.19		2	0.09		473	20.15		125	5.33		444	18.92		2347
	SECOND			1	50.00		0	0.00		1	50.00			Excluded		0	0.00		0	0.00		0	0.00		2
		TOTAL		32	1.36		47	2.00		1226	52.24					473	20.15		125	5.33		444	18.92		2347
	THIRD				Excluded		15	46.88		10	31.25					2	6.25		1	3.13		4	12.50		32
		TOTAL					62	2.64		1236	52.66					475	20.24		126	5.37		448	19.09		2347
	FOURTH							Excluded		42	67.74					10	16.13		4	6.45		6	9.68		62
		TOTAL								1278	54.45					485	20.66		130	5.54		454	19.34		2347
	FIFTH									74	56.92					31	23.85			Excluded		25	19.23		130
		TOTAL								1352	57.61					516	21.99					479	20.41		2347
	SIXTH									422	88.10					57	11.90						Excluded		479
		TOTAL								1774	75.59					573	24.41								2347
										Elected															
																									
Bowenfels South                                                																									
	FIRST			1	0.46		1	0.46		126	58.06		0	0.00		36	16.59		5	2.30		48	22.12		217
	SECOND			0	0.00		0	0.00		0	0.00			Excluded		0	0.00		0	0.00		0	0.00		0
		TOTAL		1	0.46		1	0.46		126	58.06					36	16.59		5	2.30		48	22.12		217
	THIRD				Excluded		1	100.00		0	0.00					0	0.00		0	0.00		0	0.00		1
		TOTAL					2	0.92		126	58.06					36	16.59		5	2.30		48	22.12		217
	FOURTH							Excluded		0	0.00					0	0.00		0	0.00		2	100.00		2
		TOTAL								126	58.06					36	16.59		5	2.30		50	23.04		217
	FIFTH									2	40.00					3	60.00			Excluded		0	0.00		5
		TOTAL								128	58.99					39	17.97					50	23.04		217
	SIXTH									45	90.00					5	10.00						Excluded		50
		TOTAL								173	79.72					44	20.28								217
										Elected															
																									
Burraga                                                        																									
	FIRST			0	0.00		1	1.45		46	66.67		0	0.00		8	11.59		4	5.80		10	14.49		69
	SECOND			0	0.00		0	0.00		0	0.00			Excluded		0	0.00		0	0.00		0	0.00		0
		TOTAL		0	0.00		1	1.45		46	66.67					8	11.59		4	5.80		10	14.49		69
	THIRD				Excluded		0	0.00		0	0.00					0	0.00		0	0.00		0	0.00		0
		TOTAL					1	1.45		46	66.67					8	11.59		4	5.80		10	14.49		69
	FOURTH							Excluded		1	100.00					0	0.00		0	0.00		0	0.00		1
		TOTAL								47	68.12					8	11.59		4	5.80		10	14.49		69
	FIFTH									3	75.00					1	25.00			Excluded		0	0.00		4
		TOTAL								50	72.46					9	13.04					10	14.49		69
	SIXTH									10	100.00					0	0.00						Excluded		10
		TOTAL								60	86.96					9	13.04								69
										Elected															
																									
Calare School                                                  																									
	FIRST			23	1.36		24	1.42		923	54.42		5	0.29		434	25.59		42	2.48		245	14.45		1696
	SECOND			0	0.00		1	20.00		1	20.00			Excluded		1	20.00		1	20.00		1	20.00		5
		TOTAL		23	1.36		25	1.47		924	54.48					435	25.65		43	2.54		246	14.50		1696
	THIRD				Excluded		8	34.78		11	47.83					1	4.35		1	4.35		2	8.70		23
		TOTAL					33	1.95		935	55.13					436	25.71		44	2.59		248	14.62		1696
	FOURTH							Excluded		16	48.48					8	24.24		3	9.09		6	18.18		33
		TOTAL								951	56.07					444	26.18		47	2.77		254	14.98		1696
	FIFTH									26	55.32					7	14.89			Excluded		14	29.79		47
		TOTAL								977	57.61					451	26.59					268	15.80		1696
	SIXTH									226	84.33					42	15.67						Excluded		268
		TOTAL								1203	70.93					493	29.07								1696
										Elected															
																									
Canobolas                                                      																									
	FIRST			0	0.00		4	2.45		103	63.19		1	0.61		48	29.45		3	1.84		4	2.45		163
	SECOND			0	0.00		0	0.00		1	100.00			Excluded		0	0.00		0	0.00		0	0.00		1
		TOTAL		0	0.00		4	2.45		104	63.80					48	29.45		3	1.84		4	2.45		163
	THIRD				Excluded		0	0.00		0	0.00					0	0.00		0	0.00		0	0.00		0
		TOTAL					4	2.45		104	63.80					48	29.45		3	1.84		4	2.45		163
	FOURTH							Excluded		2	50.00					0	0.00		0	0.00		2	50.00		4
		TOTAL								106	65.03					48	29.45		3	1.84		6	3.68		163
	FIFTH									1	33.33					2	66.67			Excluded		0	0.00		3
		TOTAL								107	65.64					50	30.67					6	3.68		163
	SIXTH									3	50.00					3	50.00						Excluded		6
		TOTAL								110	67.48					53	32.52								163
										Elected															
																									
Canowindra                                                     																									
	FIRST			21	1.50		15	1.07		732	52.29		4	0.29		342	24.43		100	7.14		186	13.29		1400
	SECOND			0	0.00		0	0.00		1	25.00			Excluded		2	50.00		1	25.00		0	0.00		4
		TOTAL		21	1.50		15	1.07		733	52.36					344	24.57		101	7.21		186	13.29		1400
	THIRD				Excluded		14	66.67		2	9.52					2	9.52		1	4.76		2	9.52		21
		TOTAL					29	2.07		735	52.50					346	24.71		102	7.29		188	13.43		1400
	FOURTH							Excluded		22	75.86					2	6.90		1	3.45		4	13.79		29
		TOTAL								757	54.07					348	24.86		103	7.36		192	13.71		1400
	FIFTH									72	69.90					24	23.30			Excluded		7	6.80		103
		TOTAL								829	59.21					372	26.57					199	14.21		1400
	SIXTH									178	89.45					21	10.55						Excluded		199
		TOTAL								1007	71.93					393	28.07								1400
										Elected															
																									
Capertee                                                       																									
	FIRST			2	1.52		3	2.27		66	50.00		1	0.76		15	11.36		16	12.12		29	21.97		132
	SECOND			0	0.00		0	0.00		0	0.00			Excluded		1	100.00		0	0.00		0	0.00		1
		TOTAL		2	1.52		3	2.27		66	50.00					16	12.12		16	12.12		29	21.97		132
	THIRD				Excluded		1	50.00		1	50.00					0	0.00		0	0.00		0	0.00		2
		TOTAL					4	3.03		67	50.76					16	12.12		16	12.12		29	21.97		132
	FOURTH							Excluded		4	100.00					0	0.00		0	0.00		0	0.00		4
		TOTAL								71	53.79					16	12.12		16	12.12		29	21.97		132
	FIFTH									14	87.50					1	6.25			Excluded		1	6.25		16
		TOTAL								85	64.39					17	12.88					30	22.73		132
	SIXTH									23	76.67					7	23.33						Excluded		30
		TOTAL								108	81.82					24	18.18								132
										Elected															
																									
Carcoar                                                        																									
	FIRST			0	0.00		1	0.49		107	51.94		1	0.49		39	18.93		13	6.31		45	21.84		206
	SECOND			0	0.00		0	0.00		1	100.00			Excluded		0	0.00		0	0.00		0	0.00		1
		TOTAL		0	0.00		1	0.49		108	52.43					39	18.93		13	6.31		45	21.84		206
	THIRD				Excluded		0	0.00		0	0.00					0	0.00		0	0.00		0	0.00		0
		TOTAL					1	0.49		108	52.43					39	18.93		13	6.31		45	21.84		206
	FOURTH							Excluded		1	100.00					0	0.00		0	0.00		0	0.00		1
		TOTAL								109	52.91					39	18.93		13	6.31		45	21.84		206
	FIFTH									9	69.23					1	7.69			Excluded		3	23.08		13
		TOTAL								118	57.28					40	19.42					48	23.30		206
	SIXTH									46	95.83					2	4.17						Excluded		48
		TOTAL								164	79.61					42	20.39								206
										Elected															
																									
Cargo                                                          																									
	FIRST			3	1.07		5	1.79		124	44.29		0	0.00		76	27.14		12	4.29		60	21.43		280
	SECOND			0	0.00		0	0.00		0	0.00			Excluded		0	0.00		0	0.00		0	0.00		0
		TOTAL		3	1.07		5	1.79		124	44.29					76	27.14		12	4.29		60	21.43		280
	THIRD				Excluded		1	33.33		1	33.33					0	0.00		0	0.00		1	33.33		3
		TOTAL					6	2.14		125	44.64					76	27.14		12	4.29		61	21.79		280
	FOURTH							Excluded		3	50.00					2	33.33		0	0.00		1	16.67		6
		TOTAL								128	45.71					78	27.86		12	4.29		62	22.14		280
	FIFTH									9	75.00					2	16.67			Excluded		1	8.33		12
		TOTAL								137	48.93					80	28.57					63	22.50		280
	SIXTH									57	90.48					6	9.52						Excluded		63
		TOTAL								194	69.29					86	30.71								280
										Elected															
																									
Cooerwull                                                      																									
	FIRST			21	1.09		19	0.98		1067	55.17		9	0.47		178	9.20		48	2.48		592	30.61		1934
	SECOND			3	33.33		3	33.33		1	11.11			Excluded		1	11.11		1	11.11		0	0.00		9
		TOTAL		24	1.24		22	1.14		1068	55.22					179	9.26		49	2.53		592	30.61		1934
	THIRD				Excluded		7	29.17		13	54.17					1	4.17		1	4.17		2	8.33		24
		TOTAL					29	1.50		1081	55.89					180	9.31		50	2.59		594	30.71		1934
	FOURTH							Excluded		22	75.86					2	6.90		2	6.90		3	10.34		29
		TOTAL								1103	57.03					182	9.41		52	2.69		597	30.87		1934
	FIFTH									24	46.15					14	26.92			Excluded		14	26.92		52
		TOTAL								1127	58.27					196	10.13					611	31.59		1934
	SIXTH									559	91.49					52	8.51						Excluded		611
		TOTAL								1686	87.18					248	12.82								1934
										Elected															
																									
Cowra                                                          																									
	FIRST			33	1.46		33	1.46		1027	45.40		11	0.49		530	23.43		117	5.17		511	22.59		2262
	SECOND			2	18.18		2	18.18		4	36.36			Excluded		2	18.18		1	9.09		0	0.00		11
		TOTAL		35	1.55		35	1.55		1031	45.58					532	23.52		118	5.22		511	22.59		2262
	THIRD				Excluded		13	37.14		6	17.14					2	5.71		7	20.00		7	20.00		35
		TOTAL					48	2.12		1037	45.84					534	23.61		125	5.53		518	22.90		2262
	FOURTH							Excluded		28	58.33					7	14.58		6	12.50		7	14.58		48
		TOTAL								1065	47.08					541	23.92		131	5.79		525	23.21		2262
	FIFTH									74	56.49					26	19.85			Excluded		31	23.66		131
		TOTAL								1139	50.35					567	25.07					556	24.58		2262
	SIXTH									460	82.73					96	17.27						Excluded		556
		TOTAL								1599	70.69					663	29.31								2262
										Elected															
																									
Cowra North                                                    																									
	FIRST			36	1.69		14	0.66		957	44.80		8	0.37		510	23.88		158	7.40		453	21.21		2136
	SECOND			2	25.00		3	37.50		2	25.00			Excluded		0	0.00		1	12.50		0	0.00		8
		TOTAL		38	1.78		17	0.80		959	44.90					510	23.88		159	7.44		453	21.21		2136
	THIRD				Excluded		19	50.00		14	36.84					3	7.89		1	2.63		1	2.63		38
		TOTAL					36	1.69		973	45.55					513	24.02		160	7.49		454	21.25		2136
	FOURTH							Excluded		24	66.67					2	5.56		4	11.11		6	16.67		36
		TOTAL								997	46.68					515	24.11		164	7.68		460	21.54		2136
	FIFTH									113	68.90					28	17.07			Excluded		23	14.02		164
		TOTAL								1110	51.97					543	25.42					483	22.61		2136
	SIXTH									396	81.99					87	18.01						Excluded		483
		TOTAL								1506	70.51					630	29.49								2136
										Elected															
																									
Cowra West                                                     																									
	FIRST			16	1.33		9	0.75		575	47.68		6	0.50		354	29.35		64	5.31		182	15.09		1206
	SECOND			0	0.00		1	16.67		3	50.00			Excluded		1	16.67		0	0.00		1	16.67		6
		TOTAL		16	1.33		10	0.83		578	47.93					355	29.44		64	5.31		183	15.17		1206
	THIRD				Excluded		8	50.00		3	18.75					3	18.75		0	0.00		2	12.50		16
		TOTAL					18	1.49		581	48.18					358	29.68		64	5.31		185	15.34		1206
	FOURTH							Excluded		12	66.67					1	5.56		1	5.56		4	22.22		18
		TOTAL								593	49.17					359	29.77		65	5.39		189	15.67		1206
	FIFTH									35	53.85					17	26.15			Excluded		13	20.00		65
		TOTAL								628	52.07					376	31.18					202	16.75		1206
	SIXTH									169	83.66					33	16.34						Excluded		202
		TOTAL								797	66.09					409	33.91								1206
										Elected															
																									
Cudal                                                          																									
	FIRST			7	1.58		1	0.23		229	51.81		1	0.23		145	32.81		22	4.98		37	8.37		442
	SECOND			0	0.00		0	0.00		1	100.00			Excluded		0	0.00		0	0.00		0	0.00		1
		TOTAL		7	1.58		1	0.23		230	52.04					145	32.81		22	4.98		37	8.37		442
	THIRD				Excluded		4	57.14		3	42.86					0	0.00		0	0.00		0	0.00		7
		TOTAL					5	1.13		233	52.71					145	32.81		22	4.98		37	8.37		442
	FOURTH							Excluded		4	80.00					1	20.00		0	0.00		0	0.00		5
		TOTAL								237	53.62					146	33.03		22	4.98		37	8.37		442
	FIFTH									11	50.00					4	18.18			Excluded		7	31.82		22
		TOTAL								248	56.11					150	33.94					44	9.95		442
	SIXTH									36	81.82					8	18.18						Excluded		44
		TOTAL								284	64.25					158	35.75								442
										Elected															
																									
Cullen Bullen                                                  																									
	FIRST			2	1.19		0	0.00		69	41.07		2	1.19		13	7.74		5	2.98		77	45.83		168
	SECOND			0	0.00		0	0.00		1	50.00			Excluded		0	0.00		0	0.00		1	50.00		2
		TOTAL		2	1.19		0	0.00		70	41.67					13	7.74		5	2.98		78	46.43		168
	THIRD				Excluded		2	100.00		0	0.00					0	0.00		0	0.00		0	0.00		2
		TOTAL					2	1.19		70	41.67					13	7.74		5	2.98		78	46.43		168
	FOURTH							Excluded		2	100.00					0	0.00		0	0.00		0	0.00		2
		TOTAL								72	42.86					13	7.74		5	2.98		78	46.43		168
	FIFTH									1	20.00					1	20.00			Excluded		3	60.00		5
		TOTAL								73	43.45					14	8.33					81	48.21		168
	SIXTH									74	91.36					7	8.64						Excluded		81
		TOTAL								147	87.50					21	12.50								168
										Elected															
																									
Cumnock                                                        																									
	FIRST			5	1.62		1	0.32		190	61.69		1	0.32		68	22.08		11	3.57		32	10.39		308
	SECOND			0	0.00		0	0.00		0	0.00			Excluded		0	0.00		1	100.00		0	0.00		1
		TOTAL		5	1.62		1	0.32		190	61.69					68	22.08		12	3.90		32	10.39		308
	THIRD				Excluded		2	40.00		1	20.00					1	20.00		0	0.00		1	20.00		5
		TOTAL					3	0.97		191	62.01					69	22.40		12	3.90		33	10.71		308
	FOURTH							Excluded		3	100.00					0	0.00		0	0.00		0	0.00		3
		TOTAL								194	62.99					69	22.40		12	3.90		33	10.71		308
	FIFTH									9	75.00					1	8.33			Excluded		2	16.67		12
		TOTAL								203	65.91					70	22.73					35	11.36		308
	SIXTH									28	80.00					7	20.00						Excluded		35
		TOTAL								231	75.00					77	25.00								308
										Elected															
																									
Eglinton                                                       																									
	FIRST			18	1.17		17	1.11		824	53.72		6	0.39		335	21.84		68	4.43		266	17.34		1534
	SECOND			0	0.00		0	0.00		2	33.33			Excluded		1	16.67		1	16.67		2	33.33		6
		TOTAL		18	1.17		17	1.11		826	53.85					336	21.90		69	4.50		268	17.47		1534
	THIRD				Excluded		8	44.44		6	33.33					0	0.00		1	5.56		3	16.67		18
		TOTAL					25	1.63		832	54.24					336	21.90		70	4.56		271	17.67		1534
	FOURTH							Excluded		11	44.00					4	16.00		3	12.00		7	28.00		25
		TOTAL								843	54.95					340	22.16		73	4.76		278	18.12		1534
	FIFTH									36	49.32					25	34.25			Excluded		12	16.44		73
		TOTAL								879	57.30					365	23.79					290	18.90		1534
	SIXTH									250	86.21					40	13.79						Excluded		290
		TOTAL								1129	73.60					405	26.40								1534
										Elected															
																									
Eugowra                                                        																									
	FIRST			1	0.21		9	1.91		253	53.72		3	0.64		116	24.63		24	5.10		65	13.80		471
	SECOND			2	66.67		0	0.00		0	0.00			Excluded		0	0.00		0	0.00		1	33.33		3
		TOTAL		3	0.64		9	1.91		253	53.72					116	24.63		24	5.10		66	14.01		471
	THIRD				Excluded		0	0.00		2	66.67					1	33.33		0	0.00		0	0.00		3
		TOTAL					9	1.91		255	54.14					117	24.84		24	5.10		66	14.01		471
	FOURTH							Excluded		6	66.67					2	22.22		0	0.00		1	11.11		9
		TOTAL								261	55.41					119	25.27		24	5.10		67	14.23		471
	FIFTH									13	54.17					6	25.00			Excluded		5	20.83		24
		TOTAL								274	58.17					125	26.54					72	15.29		471
	SIXTH									58	80.56					14	19.44						Excluded		72
		TOTAL								332	70.49					139	29.51								471
										Elected															
																									
Glenroi                                                        																									
	FIRST			24	1.38		27	1.55		869	49.89		12	0.69		210	12.06		82	4.71		518	29.74		1742
	SECOND			3	25.00		4	33.33		2	16.67			Excluded		3	25.00		0	0.00		0	0.00		12
		TOTAL		27	1.55		31	1.78		871	50.00					213	12.23		82	4.71		518	29.74		1742
	THIRD				Excluded		9	33.33		7	25.93					4	14.81		1	3.70		6	22.22		27
		TOTAL					40	2.30		878	50.40					217	12.46		83	4.76		524	30.08		1742
	FOURTH							Excluded		25	62.50					3	7.50		5	12.50		7	17.50		40
		TOTAL								903	51.84					220	12.63		88	5.05		531	30.48		1742
	FIFTH									41	46.59					14	15.91			Excluded		33	37.50		88
		TOTAL								944	54.19					234	13.43					564	32.38		1742
	SIXTH									475	84.22					89	15.78						Excluded		564
		TOTAL								1419	81.46					323	18.54								1742
										Elected															
																									
Gooloogong                                                     																									
	FIRST			3	1.31		2	0.87		98	42.79		0	0.00		81	35.37		20	8.73		25	10.92		229
	SECOND			0	0.00		0	0.00		0	0.00			Excluded		0	0.00		0	0.00		0	0.00		0
		TOTAL		3	1.31		2	0.87		98	42.79					81	35.37		20	8.73		25	10.92		229
	THIRD				Excluded		3	100.00		0	0.00					0	0.00		0	0.00		0	0.00		3
		TOTAL					5	2.18		98	42.79					81	35.37		20	8.73		25	10.92		229
	FOURTH							Excluded		3	60.00					0	0.00		1	20.00		1	20.00		5
		TOTAL								101	44.10					81	35.37		21	9.17		26	11.35		229
	FIFTH									15	71.43					3	14.29			Excluded		3	14.29		21
		TOTAL								116	50.66					84	36.68					29	12.66		229
	SIXTH									25	86.21					4	13.79						Excluded		29
		TOTAL								141	61.57					88	38.43								229
										Elected															
																									
Hampton                                                        																									
	FIRST			1	0.70		4	2.82		73	51.41		0	0.00		34	23.94		8	5.63		22	15.49		142
	SECOND			0	0.00		0	0.00		0	0.00			Excluded		0	0.00		0	0.00		0	0.00		0
		TOTAL		1	0.70		4	2.82		73	51.41					34	23.94		8	5.63		22	15.49		142
	THIRD				Excluded		0	0.00		1	100.00					0	0.00		0	0.00		0	0.00		1
		TOTAL					4	2.82		74	52.11					34	23.94		8	5.63		22	15.49		142
	FOURTH							Excluded		4	100.00					0	0.00		0	0.00		0	0.00		4
		TOTAL								78	54.93					34	23.94		8	5.63		22	15.49		142
	FIFTH									3	37.50					5	62.50			Excluded		0	0.00		8
		TOTAL								81	57.04					39	27.46					22	15.49		142
	SIXTH									18	81.82					4	18.18						Excluded		22
		TOTAL								99	69.72					43	30.28								142
										Elected															
																									
Hartley                                                        																									
	FIRST			9	2.48		5	1.38		147	40.50		3	0.83		107	29.48		26	7.16		66	18.18		363
	SECOND			0	0.00		0	0.00		2	66.67			Excluded		0	0.00		1	33.33		0	0.00		3
		TOTAL		9	2.48		5	1.38		149	41.05					107	29.48		27	7.44		66	18.18		363
	THIRD				Excluded		3	33.33		4	44.44					2	22.22		0	0.00		0	0.00		9
		TOTAL					8	2.20		153	42.15					109	30.03		27	7.44		66	18.18		363
	FOURTH							Excluded		5	62.50					1	12.50		0	0.00		2	25.00		8
		TOTAL								158	43.53					110	30.30		27	7.44		68	18.73		363
	FIFTH									13	48.15					10	37.04			Excluded		4	14.81		27
		TOTAL								171	47.11					120	33.06					72	19.83		363
	SIXTH									65	90.28					7	9.72						Excluded		72
		TOTAL								236	65.01					127	34.99								363
										Elected															
																									
Hermitage                                                      																									
	FIRST			11	1.70		2	0.31		374	57.81		4	0.62		33	5.10		18	2.78		205	31.68		647
	SECOND			1	25.00		0	0.00		0	0.00			Excluded		1	25.00		1	25.00		1	25.00		4
		TOTAL		12	1.85		2	0.31		374	57.81					34	5.26		19	2.94		206	31.84		647
	THIRD				Excluded		7	58.33		3	25.00					0	0.00		0	0.00		2	16.67		12
		TOTAL					9	1.39		377	58.27					34	5.26		19	2.94		208	32.15		647
	FOURTH							Excluded		8	88.89					0	0.00		0	0.00		1	11.11		9
		TOTAL								385	59.51					34	5.26		19	2.94		209	32.30		647
	FIFTH									7	36.84					5	26.32			Excluded		7	36.84		19
		TOTAL								392	60.59					39	6.03					216	33.38		647
	SIXTH									194	89.81					22	10.19						Excluded		216
		TOTAL								586	90.57					61	9.43								647
										Elected															
																									
Hill End                                                       																									
	FIRST			0	0.00		0	0.00		59	67.82		0	0.00		6	6.90		5	5.75		17	19.54		87
	SECOND			0	0.00		0	0.00		0	0.00			Excluded		0	0.00		0	0.00		0	0.00		0
		TOTAL		0	0.00		0	0.00		59	67.82					6	6.90		5	5.75		17	19.54		87
	THIRD				Excluded		0	0.00		0	0.00					0	0.00		0	0.00		0	0.00		0
		TOTAL					0	0.00		59	67.82					6	6.90		5	5.75		17	19.54		87
	FOURTH							Excluded		0	0.00					0	0.00		0	0.00		0	0.00		0
		TOTAL								59	67.82					6	6.90		5	5.75		17	19.54		87
	FIFTH									4	80.00					0	0.00			Excluded		1	20.00		5
		TOTAL								63	72.41					6	6.90					18	20.69		87
	SIXTH									18	100.00					0	0.00						Excluded		18
		TOTAL								81	93.10					6	6.90								87
										Elected															
																									
Jenolan Caves                                                  																									
	FIRST			0	0.00		1	2.86		19	54.29		0	0.00		8	22.86		1	2.86		6	17.14		35
	SECOND			0	0.00		0	0.00		0	0.00			Excluded		0	0.00		0	0.00		0	0.00		0
		TOTAL		0	0.00		1	2.86		19	54.29					8	22.86		1	2.86		6	17.14		35
	THIRD				Excluded		0	0.00		0	0.00					0	0.00		0	0.00		0	0.00		0
		TOTAL					1	2.86		19	54.29					8	22.86		1	2.86		6	17.14		35
	FOURTH							Excluded		1	100.00					0	0.00		0	0.00		0	0.00		1
		TOTAL								20	57.14					8	22.86		1	2.86		6	17.14		35
	FIFTH									0	0.00					1	100.00			Excluded		0	0.00		1
		TOTAL								20	57.14					9	25.71					6	17.14		35
	SIXTH									4	66.67					2	33.33						Excluded		6
		TOTAL								24	68.57					11	31.43								35
										Elected															
																									
Kelso                                                          																									
	FIRST			27	1.02		29	1.09		1324	49.92		14	0.53		532	20.06		91	3.43		635	23.94		2652
	SECOND			2	14.29		1	7.14		5	35.71			Excluded		2	14.29		1	7.14		3	21.43		14
		TOTAL		29	1.09		30	1.13		1329	50.11					534	20.14		92	3.47		638	24.06		2652
	THIRD				Excluded		10	34.48		8	27.59					4	13.79		2	6.90		5	17.24		29
		TOTAL					40	1.51		1337	50.41					538	20.29		94	3.54		643	24.25		2652
	FOURTH							Excluded		28	70.00					2	5.00		4	10.00		6	15.00		40
		TOTAL								1365	51.47					540	20.36		98	3.70		649	24.47		2652
	FIFTH									66	67.35					18	18.37			Excluded		14	14.29		98
		TOTAL								1431	53.96					558	21.04					663	25.00		2652
	SIXTH									594	89.59					69	10.41						Excluded		663
		TOTAL								2025	76.36					627	23.64								2652
										Elected															
																									
Kirkconnell                                                    																									
	FIRST			2	1.83		2	1.83		61	55.96		1	0.92		24	22.02		3	2.75		16	14.68		109
	SECOND			0	0.00		0	0.00		0	0.00			Excluded		1	100.00		0	0.00		0	0.00		1
		TOTAL		2	1.83		2	1.83		61	55.96					25	22.94		3	2.75		16	14.68		109
	THIRD				Excluded		2	100.00		0	0.00					0	0.00		0	0.00		0	0.00		2
		TOTAL					4	3.67		61	55.96					25	22.94		3	2.75		16	14.68		109
	FOURTH							Excluded		3	75.00					0	0.00		0	0.00		1	25.00		4
		TOTAL								64	58.72					25	22.94		3	2.75		17	15.60		109
	FIFTH									1	33.33					2	66.67			Excluded		0	0.00		3
		TOTAL								65	59.63					27	24.77					17	15.60		109
	SIXTH									15	88.24					2	11.76						Excluded		17
		TOTAL								80	73.39					29	26.61								109
										Elected															
																									
Lithgow                                                        																									
	FIRST			37	2.09		19	1.07		883	49.83		4	0.23		157	8.86		64	3.61		608	34.31		1772
	SECOND			0	0.00		0	0.00		2	50.00			Excluded		1	25.00		1	25.00		0	0.00		4
		TOTAL		37	2.09		19	1.07		885	49.94					158	8.92		65	3.67		608	34.31		1772
	THIRD				Excluded		20	54.05		11	29.73					1	2.70		0	0.00		5	13.51		37
		TOTAL					39	2.20		896	50.56					159	8.97		65	3.67		613	34.59		1772
	FOURTH							Excluded		27	69.23					2	5.13		2	5.13		8	20.51		39
		TOTAL								923	52.09					161	9.09		67	3.78		621	35.05		1772
	FIFTH									43	64.18					11	16.42			Excluded		13	19.40		67
		TOTAL								966	54.51					172	9.71					634	35.78		1772
	SIXTH									568	89.59					66	10.41						Excluded		634
		TOTAL								1534	86.57					238	13.43								1772
										Elected															
																									
Lithgow Hospital                                               																									
	FIRST			2	1.69		1	0.85		66	55.93		0	0.00		6	5.08		4	3.39		39	33.05		118
	SECOND			0	0.00		0	0.00		0	0.00			Excluded		0	0.00		0	0.00		0	0.00		0
		TOTAL		2	1.69		1	0.85		66	55.93					6	5.08		4	3.39		39	33.05		118
	THIRD				Excluded		1	50.00		0	0.00					1	50.00		0	0.00		0	0.00		2
		TOTAL					2	1.69		66	55.93					7	5.93		4	3.39		39	33.05		118
	FOURTH							Excluded		2	100.00					0	0.00		0	0.00		0	0.00		2
		TOTAL								68	57.63					7	5.93		4	3.39		39	33.05		118
	FIFTH									1	25.00					1	25.00			Excluded		2	50.00		4
		TOTAL								69	58.47					8	6.78					41	34.75		118
	SIXTH									36	87.80					5	12.20						Excluded		41
		TOTAL								105	88.98					13	11.02								118
										Elected															
																									
Littleton                                                      																									
	FIRST			5	0.88		5	0.88		308	54.04		1	0.18		53	9.30		12	2.11		186	32.63		570
	SECOND			1	100.00		0	0.00		0	0.00			Excluded		0	0.00		0	0.00		0	0.00		1
		TOTAL		6	1.05		5	0.88		308	54.04					53	9.30		12	2.11		186	32.63		570
	THIRD				Excluded		4	66.67		1	16.67					0	0.00		1	16.67		0	0.00		6
		TOTAL					9	1.58		309	54.21					53	9.30		13	2.28		186	32.63		570
	FOURTH							Excluded		6	66.67					0	0.00		1	11.11		2	22.22		9
		TOTAL								315	55.26					53	9.30		14	2.46		188	32.98		570
	FIFTH									8	57.14					2	14.29			Excluded		4	28.57		14
		TOTAL								323	56.67					55	9.65					192	33.68		570
	SIXTH									180	93.75					12	6.25						Excluded		192
		TOTAL								503	88.25					67	11.75								570
										Elected															
																									
Lucknow                                                        																									
	FIRST			3	1.15		6	2.29		150	57.25		0	0.00		65	24.81		14	5.34		24	9.16		262
	SECOND			0	0.00		0	0.00		0	0.00			Excluded		0	0.00		0	0.00		0	0.00		0
		TOTAL		3	1.15		6	2.29		150	57.25					65	24.81		14	5.34		24	9.16		262
	THIRD				Excluded		2	66.67		1	33.33					0	0.00		0	0.00		0	0.00		3
		TOTAL					8	3.05		151	57.63					65	24.81		14	5.34		24	9.16		262
	FOURTH							Excluded		6	75.00					0	0.00		1	12.50		1	12.50		8
		TOTAL								157	59.92					65	24.81		15	5.73		25	9.54		262
	FIFTH									8	53.33					5	33.33			Excluded		2	13.33		15
		TOTAL								165	62.98					70	26.72					27	10.31		262
	SIXTH									26	96.30					1	3.70						Excluded		27
		TOTAL								191	72.90					71	27.10								262
										Elected															
																									
Lyndhurst                                                      																									
	FIRST			2	0.88		2	0.88		116	50.88		1	0.44		48	21.05		22	9.65		37	16.23		228
	SECOND			0	0.00		1	100.00		0	0.00			Excluded		0	0.00		0	0.00		0	0.00		1
		TOTAL		2	0.88		3	1.32		116	50.88					48	21.05		22	9.65		37	16.23		228
	THIRD				Excluded		1	50.00		1	50.00					0	0.00		0	0.00		0	0.00		2
		TOTAL					4	1.75		117	51.32					48	21.05		22	9.65		37	16.23		228
	FOURTH							Excluded		2	50.00					0	0.00		1	25.00		1	25.00		4
		TOTAL								119	52.19					48	21.05		23	10.09		38	16.67		228
	FIFTH									17	73.91					4	17.39			Excluded		2	8.70		23
		TOTAL								136	59.65					52	22.81					40	17.54		228
	SIXTH									31	77.50					9	22.50						Excluded		40
		TOTAL								167	73.25					61	26.75								228
										Elected															
																									
Mandurama                                                      																									
	FIRST			2	0.94		5	2.36		91	42.92		1	0.47		64	30.19		15	7.08		34	16.04		212
	SECOND			0	0.00		0	0.00		1	100.00			Excluded		0	0.00		0	0.00		0	0.00		1
		TOTAL		2	0.94		5	2.36		92	43.40					64	30.19		15	7.08		34	16.04		212
	THIRD				Excluded		1	50.00		1	50.00					0	0.00		0	0.00		0	0.00		2
		TOTAL					6	2.83		93	43.87					64	30.19		15	7.08		34	16.04		212
	FOURTH							Excluded		2	33.33					1	16.67		1	16.67		2	33.33		6
		TOTAL								95	44.81					65	30.66		16	7.55		36	16.98		212
	FIFTH									11	68.75					4	25.00			Excluded		1	6.25		16
		TOTAL								106	50.00					69	32.55					37	17.45		212
	SIXTH									32	86.49					5	13.51						Excluded		37
		TOTAL								138	65.09					74	34.91								212
										Elected															
																									
Manildra                                                       																									
	FIRST			3	0.59		1	0.20		256	50.69		2	0.40		115	22.77		28	5.54		100	19.80		505
	SECOND			0	0.00		0	0.00		0	0.00			Excluded		0	0.00		2	100.00		0	0.00		2
		TOTAL		3	0.59		1	0.20		256	50.69					115	22.77		30	5.94		100	19.80		505
	THIRD				Excluded		2	66.67		1	33.33					0	0.00		0	0.00		0	0.00		3
		TOTAL					3	0.59		257	50.89					115	22.77		30	5.94		100	19.80		505
	FOURTH							Excluded		1	33.33					1	33.33		0	0.00		1	33.33		3
		TOTAL								258	51.09					116	22.97		30	5.94		101	20.00		505
	FIFTH									14	46.67					9	30.00			Excluded		7	23.33		30
		TOTAL								272	53.86					125	24.75					108	21.39		505
	SIXTH									95	87.96					13	12.04						Excluded		108
		TOTAL								367	72.67					138	27.33								505
										Elected															
																									
Meadow Flat                                                    																									
	FIRST			7	3.78		1	0.54		109	58.92		0	0.00		32	17.30		4	2.16		32	17.30		185
	SECOND			0	0.00		0	0.00		0	0.00			Excluded		0	0.00		0	0.00		0	0.00		0
		TOTAL		7	3.78		1	0.54		109	58.92					32	17.30		4	2.16		32	17.30		185
	THIRD				Excluded		4	57.14		2	28.57					0	0.00		0	0.00		1	14.29		7
		TOTAL					5	2.70		111	60.00					32	17.30		4	2.16		33	17.84		185
	FOURTH							Excluded		5	100.00					0	0.00		0	0.00		0	0.00		5
		TOTAL								116	62.70					32	17.30		4	2.16		33	17.84		185
	FIFTH									1	25.00					3	75.00			Excluded		0	0.00		4
		TOTAL								117	63.24					35	18.92					33	17.84		185
	SIXTH									30	90.91					3	9.09						Excluded		33
		TOTAL								147	79.46					38	20.54								185
										Elected															
																									
Millthorpe                                                     																									
	FIRST			8	1.14		9	1.29		377	53.86		4	0.57		174	24.86		41	5.86		87	12.43		700
	SECOND			1	25.00		1	25.00		2	50.00			Excluded		0	0.00		0	0.00		0	0.00		4
		TOTAL		9	1.29		10	1.43		379	54.14					174	24.86		41	5.86		87	12.43		700
	THIRD				Excluded		4	44.44		2	22.22					2	22.22		1	11.11		0	0.00		9
		TOTAL					14	2.00		381	54.43					176	25.14		42	6.00		87	12.43		700
	FOURTH							Excluded		12	85.71					0	0.00		0	0.00		2	14.29		14
		TOTAL								393	56.14					176	25.14		42	6.00		89	12.71		700
	FIFTH									27	64.29					10	23.81			Excluded		5	11.90		42
		TOTAL								420	60.00					186	26.57					94	13.43		700
	SIXTH									84	89.36					10	10.64						Excluded		94
		TOTAL								504	72.00					196	28.00								700
										Elected															
																									
Mitchell Campus                                                																									
	FIRST			7	5.83		4	3.33		67	55.83		1	0.83		15	12.50		2	1.67		24	20.00		120
	SECOND			0	0.00		0	0.00		0	0.00			Excluded		1	100.00		0	0.00		0	0.00		1
		TOTAL		7	5.83		4	3.33		67	55.83					16	13.33		2	1.67		24	20.00		120
	THIRD				Excluded		2	28.57		3	42.86					1	14.29		1	14.29		0	0.00		7
		TOTAL					6	5.00		70	58.33					17	14.17		3	2.50		24	20.00		120
	FOURTH							Excluded		3	50.00					1	16.67		0	0.00		2	33.33		6
		TOTAL								73	60.83					18	15.00		3	2.50		26	21.67		120
	FIFTH									3	100.00					0	0.00			Excluded		0	0.00		3
		TOTAL								76	63.33					18	15.00					26	21.67		120
	SIXTH									25	96.15					1	3.85						Excluded		26
		TOTAL								101	84.17					19	15.83								120
										Elected															
																									
Molong                                                         																									
	FIRST			18	1.40		11	0.85		709	55.05		3	0.23		319	24.77		66	5.12		162	12.58		1288
	SECOND			0	0.00		0	0.00		1	33.33			Excluded		1	33.33		0	0.00		1	33.33		3
		TOTAL		18	1.40		11	0.85		710	55.12					320	24.84		66	5.12		163	12.66		1288
	THIRD				Excluded		12	66.67		2	11.11					1	5.56		0	0.00		3	16.67		18
		TOTAL					23	1.79		712	55.28					321	24.92		66	5.12		166	12.89		1288
	FOURTH							Excluded		18	78.26					2	8.70		1	4.35		2	8.70		23
		TOTAL								730	56.68					323	25.08		67	5.20		168	13.04		1288
	FIFTH									41	61.19					18	26.87			Excluded		8	11.94		67
		TOTAL								771	59.86					341	26.48					176	13.66		1288
	SIXTH									148	84.09					28	15.91						Excluded		176
		TOTAL								919	71.35					369	28.65								1288
										Elected															
																									
Morongla Creek                                                 																									
	FIRST			1	0.48		0	0.00		78	37.68		1	0.48		105	50.72		10	4.83		12	5.80		207
	SECOND			0	0.00		0	0.00		0	0.00			Excluded		1	100.00		0	0.00		0	0.00		1
		TOTAL		1	0.48		0	0.00		78	37.68					106	51.21		10	4.83		12	5.80		207
	THIRD				Excluded		1	100.00		0	0.00					0	0.00		0	0.00		0	0.00		1
		TOTAL					1	0.48		78	37.68					106	51.21		10	4.83		12	5.80		207
	FOURTH							Excluded		1	100.00					0	0.00		0	0.00		0	0.00		1
		TOTAL								79	38.16					106	51.21		10	4.83		12	5.80		207
	FIFTH									3	30.00					5	50.00			Excluded		2	20.00		10
		TOTAL								82	39.61					111	53.62					14	6.76		207
	SIXTH									13	92.86					1	7.14						Excluded		14
		TOTAL								95	45.89					112	54.11								207
										Elected															
																									
Mullion Creek                                                  																									
	FIRST			3	1.03		4	1.37		159	54.45		1	0.34		76	26.03		26	8.90		23	7.88		292
	SECOND			0	0.00		0	0.00		0	0.00			Excluded		1	100.00		0	0.00		0	0.00		1
		TOTAL		3	1.03		4	1.37		159	54.45					77	26.37		26	8.90		23	7.88		292
	THIRD				Excluded		1	33.33		2	66.67					0	0.00		0	0.00		0	0.00		3
		TOTAL					5	1.71		161	55.14					77	26.37		26	8.90		23	7.88		292
	FOURTH							Excluded		3	60.00					1	20.00		0	0.00		1	20.00		5
		TOTAL								164	56.16					78	26.71		26	8.90		24	8.22		292
	FIFTH									14	53.85					11	42.31			Excluded		1	3.85		26
		TOTAL								178	60.96					89	30.48					25	8.56		292
	SIXTH									23	92.00					2	8.00						Excluded		25
		TOTAL								201	68.84					91	31.16								292
										Elected															
																									
Nashdale                                                       																									
	FIRST			1	0.30		10	2.99		176	52.54		0	0.00		111	33.13		14	4.18		23	6.87		335
	SECOND			0	0.00		0	0.00		0	0.00			Excluded		0	0.00		0	0.00		0	0.00		0
		TOTAL		1	0.30		10	2.99		176	52.54					111	33.13		14	4.18		23	6.87		335
	THIRD				Excluded		0	0.00		1	100.00					0	0.00		0	0.00		0	0.00		1
		TOTAL					10	2.99		177	52.84					111	33.13		14	4.18		23	6.87		335
	FOURTH							Excluded		6	60.00					1	10.00		2	20.00		1	10.00		10
		TOTAL								183	54.63					112	33.43		16	4.78		24	7.16		335
	FIFTH									8	50.00					4	25.00			Excluded		4	25.00		16
		TOTAL								191	57.01					116	34.63					28	8.36		335
	SIXTH									27	96.43					1	3.57						Excluded		28
		TOTAL								218	65.07					117	34.93								335
										Elected															
																									
Neville                                                        																									
	FIRST			4	2.96		0	0.00		68	50.37		0	0.00		45	33.33		10	7.41		8	5.93		135
	SECOND			0	0.00		0	0.00		0	0.00			Excluded		0	0.00		0	0.00		0	0.00		0
		TOTAL		4	2.96		0	0.00		68	50.37					45	33.33		10	7.41		8	5.93		135
	THIRD				Excluded		2	50.00		1	25.00					1	25.00		0	0.00		0	0.00		4
		TOTAL					2	1.48		69	51.11					46	34.07		10	7.41		8	5.93		135
	FOURTH							Excluded		1	50.00					1	50.00		0	0.00		0	0.00		2
		TOTAL								70	51.85					47	34.81		10	7.41		8	5.93		135
	FIFTH									4	40.00					4	40.00			Excluded		2	20.00		10
		TOTAL								74	54.81					51	37.78					10	7.41		135
	SIXTH									7	70.00					3	30.00						Excluded		10
		TOTAL								81	60.00					54	40.00								135
										Elected															
																									
Newbridge                                                      																									
	FIRST			2	1.32		2	1.32		72	47.37		1	0.66		41	26.97		6	3.95		28	18.42		152
	SECOND			0	0.00		0	0.00		1	100.00			Excluded		0	0.00		0	0.00		0	0.00		1
		TOTAL		2	1.32		2	1.32		73	48.03					41	26.97		6	3.95		28	18.42		152
	THIRD				Excluded		2	100.00		0	0.00					0	0.00		0	0.00		0	0.00		2
		TOTAL					4	2.63		73	48.03					41	26.97		6	3.95		28	18.42		152
	FOURTH							Excluded		3	75.00					1	25.00		0	0.00		0	0.00		4
		TOTAL								76	50.00					42	27.63		6	3.95		28	18.42		152
	FIFTH									2	33.33					4	66.67			Excluded		0	0.00		6
		TOTAL								78	51.32					46	30.26					28	18.42		152
	SIXTH									23	82.14					5	17.86						Excluded		28
		TOTAL								101	66.45					51	33.55								152
										Elected															
																									
O'Connell                                                      																									
	FIRST			2	0.67		4	1.35		176	59.26		1	0.34		58	19.53		13	4.38		43	14.48		297
	SECOND			0	0.00		0	0.00		0	0.00			Excluded		0	0.00		0	0.00		1	100.00		1
		TOTAL		2	0.67		4	1.35		176	59.26					58	19.53		13	4.38		44	14.81		297
	THIRD				Excluded		0	0.00		2	100.00					0	0.00		0	0.00		0	0.00		2
		TOTAL					4	1.35		178	59.93					58	19.53		13	4.38		44	14.81		297
	FOURTH							Excluded		4	100.00					0	0.00		0	0.00		0	0.00		4
		TOTAL								182	61.28					58	19.53		13	4.38		44	14.81		297
	FIFTH									7	53.85					4	30.77			Excluded		2	15.38		13
		TOTAL								189	63.64					62	20.88					46	15.49		297
	SIXTH									39	84.78					7	15.22						Excluded		46
		TOTAL								228	76.77					69	23.23								297
										Elected															
																									
Oakey Park                                                     																									
	FIRST			2	0.55		3	0.83		222	61.50		0	0.00		14	3.88		15	4.16		105	29.09		361
	SECOND			0	0.00		0	0.00		0	0.00			Excluded		0	0.00		0	0.00		0	0.00		0
		TOTAL		2	0.55		3	0.83		222	61.50					14	3.88		15	4.16		105	29.09		361
	THIRD				Excluded		1	50.00		0	0.00					0	0.00		1	50.00		0	0.00		2
		TOTAL					4	1.11		222	61.50					14	3.88		16	4.43		105	29.09		361
	FOURTH							Excluded		3	75.00					1	25.00		0	0.00		0	0.00		4
		TOTAL								225	62.33					15	4.16		16	4.43		105	29.09		361
	FIFTH									11	68.75					2	12.50			Excluded		3	18.75		16
		TOTAL								236	65.37					17	4.71					108	29.92		361
	SIXTH									99	91.67					9	8.33						Excluded		108
		TOTAL								335	92.80					26	7.20								361
										Elected															
																									
Oberon                                                         																									
	FIRST			41	2.15		26	1.36		865	45.36		12	0.63		466	24.44		101	5.30		396	20.77		1907
	SECOND			2	16.67		0	0.00		6	50.00			Excluded		2	16.67		1	8.33		1	8.33		12
		TOTAL		43	2.25		26	1.36		871	45.67					468	24.54		102	5.35		397	20.82		1907
	THIRD				Excluded		20	46.51		11	25.58					3	6.98		3	6.98		6	13.95		43
		TOTAL					46	2.41		882	46.25					471	24.70		105	5.51		403	21.13		1907
	FOURTH							Excluded		36	78.26					3	6.52		2	4.35		5	10.87		46
		TOTAL								918	48.14					474	24.86		107	5.61		408	21.39		1907
	FIFTH									72	67.29					20	18.69			Excluded		15	14.02		107
		TOTAL								990	51.91					494	25.90					423	22.18		1907
	SIXTH									339	80.14					84	19.86						Excluded		423
		TOTAL								1329	69.69					578	30.31								1907
										Elected															
																									
Orange                                                         																									
	FIRST			26	1.13		42	1.82		1173	50.91		12	0.52		640	27.78		63	2.73		348	15.10		2304
	SECOND			2	16.67		0	0.00		6	50.00			Excluded		3	25.00		1	8.33		0	0.00		12
		TOTAL		28	1.22		42	1.82		1179	51.17					643	27.91		64	2.78		348	15.10		2304
	THIRD				Excluded		13	46.43		10	35.71					1	3.57		3	10.71		1	3.57		28
		TOTAL					55	2.39		1189	51.61					644	27.95		67	2.91		349	15.15		2304
	FOURTH							Excluded		40	72.73					3	5.45		4	7.27		8	14.55		55
		TOTAL								1229	53.34					647	28.08		71	3.08		357	15.49		2304
	FIFTH									36	50.70					24	33.80			Excluded		11	15.49		71
		TOTAL								1265	54.90					671	29.12					368	15.97		2304
	SIXTH									311	84.51					57	15.49						Excluded		368
		TOTAL								1576	68.40					728	31.60								2304
										Elected															
																									
Orange East                                                    																									
	FIRST			33	1.91		40	2.32		933	54.12		9	0.52		325	18.85		67	3.89		317	18.39		1724
	SECOND			2	22.22		0	0.00		3	33.33			Excluded		2	22.22		0	0.00		2	22.22		9
		TOTAL		35	2.03		40	2.32		936	54.29					327	18.97		67	3.89		319	18.50		1724
	THIRD				Excluded		21	60.00		8	22.86					2	5.71		0	0.00		4	11.43		35
		TOTAL					61	3.54		944	54.76					329	19.08		67	3.89		323	18.74		1724
	FOURTH							Excluded		45	73.77					6	9.84		5	8.20		5	8.20		61
		TOTAL								989	57.37					335	19.43		72	4.18		328	19.03		1724
	FIFTH									45	62.50					14	19.44			Excluded		13	18.06		72
		TOTAL								1034	59.98					349	20.24					341	19.78		1724
	SIXTH									295	86.51					46	13.49						Excluded		341
		TOTAL								1329	77.09					395	22.91								1724
										Elected															
																									
Orange Hospital                                                																									
	FIRST			6	1.09		18	3.26		272	49.28		4	0.72		129	23.37		17	3.08		106	19.20		552
	SECOND			0	0.00		0	0.00		2	50.00			Excluded		1	25.00		1	25.00		0	0.00		4
		TOTAL		6	1.09		18	3.26		274	49.64					130	23.55		18	3.26		106	19.20		552
	THIRD				Excluded		2	33.33		1	16.67					1	16.67		0	0.00		2	33.33		6
		TOTAL					20	3.62		275	49.82					131	23.73		18	3.26		108	19.57		552
	FOURTH							Excluded		10	50.00					1	5.00		1	5.00		8	40.00		20
		TOTAL								285	51.63					132	23.91		19	3.44		116	21.01		552
	FIFTH									9	47.37					6	31.58			Excluded		4	21.05		19
		TOTAL								294	53.26					138	25.00					120	21.74		552
	SIXTH									107	89.17					13	10.83						Excluded		120
		TOTAL								401	72.64					151	27.36								552
										Elected															
																									
Orange North                                                   																									
	FIRST			17	1.92		23	2.60		449	50.79		5	0.57		233	26.36		27	3.05		130	14.71		884
	SECOND			1	20.00		0	0.00		2	40.00			Excluded		1	20.00		1	20.00		0	0.00		5
		TOTAL		18	2.04		23	2.60		451	51.02					234	26.47		28	3.17		130	14.71		884
	THIRD				Excluded		9	50.00		3	16.67					3	16.67		0	0.00		3	16.67		18
		TOTAL					32	3.62		454	51.36					237	26.81		28	3.17		133	15.05		884
	FOURTH							Excluded		25	78.13					3	9.38		0	0.00		4	12.50		32
		TOTAL								479	54.19					240	27.15		28	3.17		137	15.50		884
	FIFTH									14	50.00					10	35.71			Excluded		4	14.29		28
		TOTAL								493	55.77					250	28.28					141	15.95		884
	SIXTH									118	83.69					23	16.31						Excluded		141
		TOTAL								611	69.12					273	30.88								884
										Elected															
																									
Orange South                                                   																									
	FIRST			18	1.05		30	1.76		959	56.11		4	0.23		381	22.29		64	3.74		253	14.80		1709
	SECOND			1	25.00		1	25.00		2	50.00			Excluded		0	0.00		0	0.00		0	0.00		4
		TOTAL		19	1.11		31	1.81		961	56.23					381	22.29		64	3.74		253	14.80		1709
	THIRD				Excluded		9	47.37		5	26.32					1	5.26		3	15.79		1	5.26		19
		TOTAL					40	2.34		966	56.52					382	22.35		67	3.92		254	14.86		1709
	FOURTH							Excluded		29	72.50					2	5.00		7	17.50		2	5.00		40
		TOTAL								995	58.22					384	22.47		74	4.33		256	14.98		1709
	FIFTH									36	48.65					17	22.97			Excluded		21	28.38		74
		TOTAL								1031	60.33					401	23.46					277	16.21		1709
	SIXTH									230	83.03					47	16.97						Excluded		277
		TOTAL								1261	73.79					448	26.21								1709
										Elected															
																									
Orange West                                                    																									
	FIRST			34	1.18		71	2.47		1429	49.76		5	0.17		904	31.48		83	2.89		346	12.05		2872
	SECOND			0	0.00		1	20.00		1	20.00			Excluded		2	40.00		0	0.00		1	20.00		5
		TOTAL		34	1.18		72	2.51		1430	49.79					906	31.55		83	2.89		347	12.08		2872
	THIRD				Excluded		15	44.12		8	23.53					7	20.59		1	2.94		3	8.82		34
		TOTAL					87	3.03		1438	50.07					913	31.79		84	2.92		350	12.19		2872
	FOURTH							Excluded		65	74.71					4	4.60		4	4.60		14	16.09		87
		TOTAL								1503	52.33					917	31.93		88	3.06		364	12.67		2872
	FIFTH									50	56.82					25	28.41			Excluded		13	14.77		88
		TOTAL								1553	54.07					942	32.80					377	13.13		2872
	SIXTH									316	83.82					61	16.18						Excluded		377
		TOTAL								1869	65.08					1003	34.92								2872
										Elected															
																									
Peel                                                           																									
	FIRST			1	0.89		4	3.57		66	58.93		0	0.00		26	23.21		7	6.25		8	7.14		112
	SECOND			0	0.00		0	0.00		0	0.00			Excluded		0	0.00		0	0.00		0	0.00		0
		TOTAL		1	0.89		4	3.57		66	58.93					26	23.21		7	6.25		8	7.14		112
	THIRD				Excluded		0	0.00		0	0.00					0	0.00		0	0.00		1	100.00		1
		TOTAL					4	3.57		66	58.93					26	23.21		7	6.25		9	8.04		112
	FOURTH							Excluded		3	75.00					0	0.00		0	0.00		1	25.00		4
		TOTAL								69	61.61					26	23.21		7	6.25		10	8.93		112
	FIFTH									6	85.71					1	14.29			Excluded		0	0.00		7
		TOTAL								75	66.96					27	24.11					10	8.93		112
	SIXTH									10	100.00					0	0.00						Excluded		10
		TOTAL								85	75.89					27	24.11								112
										Elected															
																									
Perthville                                                     																									
	FIRST			4	0.81		4	0.81		275	55.56		0	0.00		115	23.23		36	7.27		61	12.32		495
	SECOND			0	0.00		0	0.00		0	0.00			Excluded		0	0.00		0	0.00		0	0.00		0
		TOTAL		4	0.81		4	0.81		275	55.56					115	23.23		36	7.27		61	12.32		495
	THIRD				Excluded		2	50.00		1	25.00					0	0.00		1	25.00		0	0.00		4
		TOTAL					6	1.21		276	55.76					115	23.23		37	7.47		61	12.32		495
	FOURTH							Excluded		5	83.33					0	0.00		0	0.00		1	16.67		6
		TOTAL								281	56.77					115	23.23		37	7.47		62	12.53		495
	FIFTH									21	56.76					8	21.62			Excluded		8	21.62		37
		TOTAL								302	61.01					123	24.85					70	14.14		495
	SIXTH									61	87.14					9	12.86						Excluded		70
		TOTAL								363	73.33					132	26.67								495
										Elected															
																									
Portland                                                       																									
	FIRST			9	0.74		8	0.65		612	50.00		10	0.82		78	6.37		33	2.70		474	38.73		1224
	SECOND			3	30.00		1	10.00		4	40.00			Excluded		1	10.00		0	0.00		1	10.00		10
		TOTAL		12	0.98		9	0.74		616	50.33					79	6.45		33	2.70		475	38.81		1224
	THIRD				Excluded		3	25.00		6	50.00					2	16.67		0	0.00		1	8.33		12
		TOTAL					12	0.98		622	50.82					81	6.62		33	2.70		476	38.89		1224
	FOURTH							Excluded		9	75.00					1	8.33		0	0.00		2	16.67		12
		TOTAL								631	51.55					82	6.70		33	2.70		478	39.05		1224
	FIFTH									21	63.64					6	18.18			Excluded		6	18.18		33
		TOTAL								652	53.27					88	7.19					484	39.54		1224
	SIXTH									448	92.56					36	7.44						Excluded		484
		TOTAL								1100	89.87					124	10.13								1224
										Elected															
																									
Raglan                                                         																									
	FIRST			15	1.83		8	0.98		459	56.11		6	0.73		121	14.79		33	4.03		176	21.52		818
	SECOND			0	0.00		0	0.00		3	50.00			Excluded		0	0.00		2	33.33		1	16.67		6
		TOTAL		15	1.83		8	0.98		462	56.48					121	14.79		35	4.28		177	21.64		818
	THIRD				Excluded		3	20.00		5	33.33					2	13.33		2	13.33		3	20.00		15
		TOTAL					11	1.34		467	57.09					123	15.04		37	4.52		180	22.00		818
	FOURTH							Excluded		9	81.82					1	9.09		1	9.09		0	0.00		11
		TOTAL								476	58.19					124	15.16		38	4.65		180	22.00		818
	FIFTH									29	76.32					8	21.05			Excluded		1	2.63		38
		TOTAL								505	61.74					132	16.14					181	22.13		818
	SIXTH									165	91.16					16	8.84						Excluded		181
		TOTAL								670	81.91					148	18.09								818
										Elected															
																									
Rockley                                                        																									
	FIRST			2	0.82		1	0.41		118	48.56		1	0.41		50	20.58		20	8.23		51	20.99		243
	SECOND			0	0.00		0	0.00		1	100.00			Excluded		0	0.00		0	0.00		0	0.00		1
		TOTAL		2	0.82		1	0.41		119	48.97					50	20.58		20	8.23		51	20.99		243
	THIRD				Excluded		1	50.00		1	50.00					0	0.00		0	0.00		0	0.00		2
		TOTAL					2	0.82		120	49.38					50	20.58		20	8.23		51	20.99		243
	FOURTH							Excluded		2	100.00					0	0.00		0	0.00		0	0.00		2
		TOTAL								122	50.21					50	20.58		20	8.23		51	20.99		243
	FIFTH									14	70.00					5	25.00			Excluded		1	5.00		20
		TOTAL								136	55.97					55	22.63					52	21.40		243
	SIXTH									47	90.38					5	9.62						Excluded		52
		TOTAL								183	75.31					60	24.69								243
										Elected															
																									
Rydal                                                          																									
	FIRST			2	1.24		3	1.86		77	47.83		0	0.00		41	25.47		10	6.21		28	17.39		161
	SECOND			0	0.00		0	0.00		0	0.00			Excluded		0	0.00		0	0.00		0	0.00		0
		TOTAL		2	1.24		3	1.86		77	47.83					41	25.47		10	6.21		28	17.39		161
	THIRD				Excluded		1	50.00		1	50.00					0	0.00		0	0.00		0	0.00		2
		TOTAL					4	2.48		78	48.45					41	25.47		10	6.21		28	17.39		161
	FOURTH							Excluded		3	75.00					0	0.00		0	0.00		1	25.00		4
		TOTAL								81	50.31					41	25.47		10	6.21		29	18.01		161
	FIFTH									3	30.00					6	60.00			Excluded		1	10.00		10
		TOTAL								84	52.17					47	29.19					30	18.63		161
	SIXTH									29	96.67					1	3.33						Excluded		30
		TOTAL								113	70.19					48	29.81								161
										Elected															
																									
Sofala                                                         																									
	FIRST			0	0.00		0	0.00		55	62.50		0	0.00		16	18.18		4	4.55		13	14.77		88
	SECOND			0	0.00		0	0.00		0	0.00			Excluded		0	0.00		0	0.00		0	0.00		0
		TOTAL		0	0.00		0	0.00		55	62.50					16	18.18		4	4.55		13	14.77		88
	THIRD				Excluded		0	0.00		0	0.00					0	0.00		0	0.00		0	0.00		0
		TOTAL					0	0.00		55	62.50					16	18.18		4	4.55		13	14.77		88
	FOURTH							Excluded		0	0.00					0	0.00		0	0.00		0	0.00		0
		TOTAL								55	62.50					16	18.18		4	4.55		13	14.77		88
	FIFTH									2	50.00					1	25.00			Excluded		1	25.00		4
		TOTAL								57	64.77					17	19.32					14	15.91		88
	SIXTH									14	100.00					0	0.00						Excluded		14
		TOTAL								71	80.68					17	19.32								88
										Elected															
																									
Spring Hill                                                    																									
	FIRST			3	1.35		2	0.90		118	53.15		1	0.45		68	30.63		8	3.60		22	9.91		222
	SECOND			0	0.00		0	0.00		1	100.00			Excluded		0	0.00		0	0.00		0	0.00		1
		TOTAL		3	1.35		2	0.90		119	53.60					68	30.63		8	3.60		22	9.91		222
	THIRD				Excluded		1	33.33		1	33.33					0	0.00		0	0.00		1	33.33		3
		TOTAL					3	1.35		120	54.05					68	30.63		8	3.60		23	10.36		222
	FOURTH							Excluded		1	33.33					0	0.00		0	0.00		2	66.67		3
		TOTAL								121	54.50					68	30.63		8	3.60		25	11.26		222
	FIFTH									5	62.50					3	37.50			Excluded		0	0.00		8
		TOTAL								126	56.76					71	31.98					25	11.26		222
	SIXTH									21	84.00					4	16.00						Excluded		25
		TOTAL								147	66.22					75	33.78								222
										Elected															
																									
Spring Terrace                                                 																									
	FIRST			2	0.78		3	1.18		124	48.63		2	0.78		83	32.55		19	7.45		22	8.63		255
	SECOND			1	50.00		0	0.00		0	0.00			Excluded		0	0.00		1	50.00		0	0.00		2
		TOTAL		3	1.18		3	1.18		124	48.63					83	32.55		20	7.84		22	8.63		255
	THIRD				Excluded		1	33.33		0	0.00					0	0.00		2	66.67		0	0.00		3
		TOTAL					4	1.57		124	48.63					83	32.55		22	8.63		22	8.63		255
	FOURTH							Excluded		2	50.00					0	0.00		1	25.00		1	25.00		4
		TOTAL								126	49.41					83	32.55		23	9.02		23	9.02		255
	FIFTH									15	65.22					6	26.09			Excluded		2	8.70		23
		TOTAL								141	55.29					89	34.90					25	9.80		255
	SIXTH									21	84.00					4	16.00						Excluded		25
		TOTAL								162	63.53					93	36.47								255
										Elected															
																									
Sydney (Calare)                                                																									
	FIRST			0	0.00		1	3.03		17	51.52		0	0.00		8	24.24		2	6.06		5	15.15		33
	SECOND			0	0.00		0	0.00		0	0.00			Excluded		0	0.00		0	0.00		0	0.00		0
		TOTAL		0	0.00		1	3.03		17	51.52					8	24.24		2	6.06		5	15.15		33
	THIRD				Excluded		0	0.00		0	0.00					0	0.00		0	0.00		0	0.00		0
		TOTAL					1	3.03		17	51.52					8	24.24		2	6.06		5	15.15		33
	FOURTH							Excluded		1	100.00					0	0.00		0	0.00		0	0.00		1
		TOTAL								18	54.55					8	24.24		2	6.06		5	15.15		33
	FIFTH									1	50.00					0	0.00			Excluded		1	50.00		2
		TOTAL								19	57.58					8	24.24					6	18.18		33
	SIXTH									5	83.33					1	16.67						Excluded		6
		TOTAL								24	72.73					9	27.27								33
										Elected															
																									
The Lagoon                                                     																									
	FIRST			0	0.00		2	1.87		48	44.86		0	0.00		36	33.64		6	5.61		15	14.02		107
	SECOND			0	0.00		0	0.00		0	0.00			Excluded		0	0.00		0	0.00		0	0.00		0
		TOTAL		0	0.00		2	1.87		48	44.86					36	33.64		6	5.61		15	14.02		107
	THIRD				Excluded		0	0.00		0	0.00					0	0.00		0	0.00		0	0.00		0
		TOTAL					2	1.87		48	44.86					36	33.64		6	5.61		15	14.02		107
	FOURTH							Excluded		0	0.00					0	0.00		1	50.00		1	50.00		2
		TOTAL								48	44.86					36	33.64		7	6.54		16	14.95		107
	FIFTH									2	28.57					4	57.14			Excluded		1	14.29		7
		TOTAL								50	46.73					40	37.38					17	15.89		107
	SIXTH									13	76.47					4	23.53						Excluded		17
		TOTAL								63	58.88					44	41.12								107
										Elected															
																									
Trunkey                                                        																									
	FIRST			1	0.70		2	1.41		68	47.89		1	0.70		50	35.21		5	3.52		15	10.56		142
	SECOND			0	0.00		0	0.00		0	0.00			Excluded		1	100.00		0	0.00		0	0.00		1
		TOTAL		1	0.70		2	1.41		68	47.89					51	35.92		5	3.52		15	10.56		142
	THIRD				Excluded		0	0.00		0	0.00					0	0.00		0	0.00		1	100.00		1
		TOTAL					2	1.41		68	47.89					51	35.92		5	3.52		16	11.27		142
	FOURTH							Excluded		0	0.00					1	50.00		1	50.00		0	0.00		2
		TOTAL								68	47.89					52	36.62		6	4.23		16	11.27		142
	FIFTH									5	83.33					0	0.00			Excluded		1	16.67		6
		TOTAL								73	51.41					52	36.62					17	11.97		142
	SIXTH									15	88.24					2	11.76						Excluded		17
		TOTAL								88	61.97					54	38.03								142
										Elected															
																									
Tweed Mills                                                    																									
	FIRST			15	1.86		10	1.24		382	47.45		3	0.37		57	7.08		26	3.23		312	38.76		805
	SECOND			0	0.00		0	0.00		2	66.67			Excluded		1	33.33		0	0.00		0	0.00		3
		TOTAL		15	1.86		10	1.24		384	47.70					58	7.20		26	3.23		312	38.76		805
	THIRD				Excluded		8	53.33		2	13.33					0	0.00		1	6.67		4	26.67		15
		TOTAL					18	2.24		386	47.95					58	7.20		27	3.35		316	39.25		805
	FOURTH							Excluded		11	61.11					2	11.11		1	5.56		4	22.22		18
		TOTAL								397	49.32					60	7.45		28	3.48		320	39.75		805
	FIFTH									10	35.71					10	35.71			Excluded		8	28.57		28
		TOTAL								407	50.56					70	8.70					328	40.75		805
	SIXTH									291	88.72					37	11.28						Excluded		328
		TOTAL								698	86.71					107	13.29								805
										Elected															
																									
Vale Of Clwydd                                                 																									
	FIRST			4	0.63		8	1.27		353	56.03		2	0.32		54	8.57		28	4.44		181	28.73		630
	SECOND			0	0.00		0	0.00		2	100.00			Excluded		0	0.00		0	0.00		0	0.00		2
		TOTAL		4	0.63		8	1.27		355	56.35					54	8.57		28	4.44		181	28.73		630
	THIRD				Excluded		2	50.00		2	50.00					0	0.00		0	0.00		0	0.00		4
		TOTAL					10	1.59		357	56.67					54	8.57		28	4.44		181	28.73		630
	FOURTH							Excluded		7	70.00					1	10.00		1	10.00		1	10.00		10
		TOTAL								364	57.78					55	8.73		29	4.60		182	28.89		630
	FIFTH									12	41.38					8	27.59			Excluded		9	31.03		29
		TOTAL								376	59.68					63	10.00					191	30.32		630
	SIXTH									175	91.62					16	8.38						Excluded		191
		TOTAL								551	87.46					79	12.54								630
										Elected															
																									
Wallerawang                                                    																									
	FIRST			16	1.33		7	0.58		644	53.36		2	0.17		112	9.28		35	2.90		391	32.39		1207
	SECOND			1	50.00		1	50.00		0	0.00			Excluded		0	0.00		0	0.00		0	0.00		2
		TOTAL		17	1.41		8	0.66		644	53.36					112	9.28		35	2.90		391	32.39		1207
	THIRD				Excluded		10	58.82		4	23.53					2	11.76		0	0.00		1	5.88		17
		TOTAL					18	1.49		648	53.69					114	9.44		35	2.90		392	32.48		1207
	FOURTH							Excluded		17	94.44					0	0.00		0	0.00		1	5.56		18
		TOTAL								665	55.10					114	9.44		35	2.90		393	32.56		1207
	FIFTH									21	60.00					8	22.86			Excluded		6	17.14		35
		TOTAL								686	56.84					122	10.11					399	33.06		1207
	SIXTH									371	92.98					28	7.02						Excluded		399
		TOTAL								1057	87.57					150	12.43								1207
										Elected															
																									
Wattle Flat                                                    																									
	FIRST			0	0.00		2	1.23		100	61.35		1	0.61		22	13.50		8	4.91		30	18.40		163
	SECOND			0	0.00		0	0.00		0	0.00			Excluded		0	0.00		1	100.00		0	0.00		1
		TOTAL		0	0.00		2	1.23		100	61.35					22	13.50		9	5.52		30	18.40		163
	THIRD				Excluded		0	0.00		0	0.00					0	0.00		0	0.00		0	0.00		0
		TOTAL					2	1.23		100	61.35					22	13.50		9	5.52		30	18.40		163
	FOURTH							Excluded		2	100.00					0	0.00		0	0.00		0	0.00		2
		TOTAL								102	62.58					22	13.50		9	5.52		30	18.40		163
	FIFTH									5	55.56					2	22.22			Excluded		2	22.22		9
		TOTAL								107	65.64					24	14.72					32	19.63		163
	SIXTH									27	84.38					5	15.63						Excluded		32
		TOTAL								134	82.21					29	17.79								163
										Elected															
																									
Woodstock                                                      																									
	FIRST			5	1.48		1	0.30		133	39.47		0	0.00		103	30.56		26	7.72		69	20.47		337
	SECOND			0	0.00		0	0.00		0	0.00			Excluded		0	0.00		0	0.00		0	0.00		0
		TOTAL		5	1.48		1	0.30		133	39.47					103	30.56		26	7.72		69	20.47		337
	THIRD				Excluded		2	40.00		3	60.00					0	0.00		0	0.00		0	0.00		5
		TOTAL					3	0.89		136	40.36					103	30.56		26	7.72		69	20.47		337
	FOURTH							Excluded		3	100.00					0	0.00		0	0.00		0	0.00		3
		TOTAL								139	41.25					103	30.56		26	7.72		69	20.47		337
	FIFTH									19	73.08					0	0.00			Excluded		7	26.92		26
		TOTAL								158	46.88					103	30.56					76	22.55		337
	SIXTH									62	81.58					14	18.42						Excluded		76
		TOTAL								220	65.28					117	34.72								337
										Elected															
																									
Wyangala Dam                                                   																									
	FIRST			3	1.95		0	0.00		81	52.60		0	0.00		31	20.13		7	4.55		32	20.78		154
	SECOND			0	0.00		0	0.00		0	0.00			Excluded		0	0.00		0	0.00		0	0.00		0
		TOTAL		3	1.95		0	0.00		81	52.60					31	20.13		7	4.55		32	20.78		154
	THIRD				Excluded		0	0.00		3	100.00					0	0.00		0	0.00		0	0.00		3
		TOTAL					0	0.00		84	54.55					31	20.13		7	4.55		32	20.78		154
	FOURTH							Excluded		0	0.00					0	0.00		0	0.00		0	0.00		0
		TOTAL								84	54.55					31	20.13		7	4.55		32	20.78		154
	FIFTH									2	28.57					1	14.29			Excluded		4	57.14		7
		TOTAL								86	55.84					32	20.78					36	23.38		154
	SIXTH									31	86.11					5	13.89						Excluded		36
		TOTAL								117	75.97					37	24.03								154
										Elected															
																									
Yeoval                                                         																									
	FIRST			2	0.59		0	0.00		142	42.14		1	0.30		120	35.61		12	3.56		60	17.80		337
	SECOND			0	0.00		0	0.00		0	0.00			Excluded		1	100.00		0	0.00		0	0.00		1
		TOTAL		2	0.59		0	0.00		142	42.14					121	35.91		12	3.56		60	17.80		337
	THIRD				Excluded		1	50.00		1	50.00					0	0.00		0	0.00		0	0.00		2
		TOTAL					1	0.30		143	42.43					121	35.91		12	3.56		60	17.80		337
	FOURTH							Excluded		1	100.00					0	0.00		0	0.00		0	0.00		1
		TOTAL								144	42.73					121	35.91		12	3.56		60	17.80		337
	FIFTH									5	41.67					5	41.67			Excluded		2	16.67		12
		TOTAL								149	44.21					126	37.39					62	18.40		337
	SIXTH									59	95.16					3	4.84						Excluded		62
		TOTAL								208	61.72					129	38.28								337
										Elected															
																									
Special Hospital Team 1                                        																									
	FIRST			8	3.67		1	0.46		117	53.67		2	0.92		54	24.77		2	0.92		34	15.60		218
	SECOND			0	0.00		0	0.00		1	50.00			Excluded		1	50.00		0	0.00		0	0.00		2
		TOTAL		8	3.67		1	0.46		118	54.13					55	25.23		2	0.92		34	15.60		218
	THIRD				Excluded		3	37.50		4	50.00					1	12.50		0	0.00		0	0.00		8
		TOTAL					4	1.83		122	55.96					56	25.69		2	0.92		34	15.60		218
	FOURTH							Excluded		3	75.00					0	0.00		0	0.00		1	25.00		4
		TOTAL								125	57.34					56	25.69		2	0.92		35	16.06		218
	FIFTH									1	50.00					1	50.00			Excluded		0	0.00		2
		TOTAL								126	57.80					57	26.15					35	16.06		218
	SIXTH									28	80.00					7	20.00						Excluded		35
		TOTAL								154	70.64					64	29.36								218
										Elected															
																									
Special Hospital Team 2                                        																									
	FIRST			6	5.26		1	0.88		67	58.77		3	2.63		15	13.16		0	0.00		22	19.30		114
	SECOND			0	0.00		0	0.00		2	66.67			Excluded		1	33.33		0	0.00		0	0.00		3
		TOTAL		6	5.26		1	0.88		69	60.53					16	14.04		0	0.00		22	19.30		114
	THIRD				Excluded		5	83.33		1	16.67					0	0.00		0	0.00		0	0.00		6
		TOTAL					6	5.26		70	61.40					16	14.04		0	0.00		22	19.30		114
	FOURTH							Excluded		6	100.00					0	0.00		0	0.00		0	0.00		6
		TOTAL								76	66.67					16	14.04		0	0.00		22	19.30		114
	FIFTH									0	0.00					0	0.00			Excluded		0	0.00		0
		TOTAL								76	66.67					16	14.04					22	19.30		114
	SIXTH									21	95.45					1	4.55						Excluded		22
		TOTAL								97	85.09					17	14.91								114
										Elected															
																									
Special Hospital Team 3                                        																									
	FIRST			1	2.78		2	5.56		24	66.67		0	0.00		2	5.56		1	2.78		6	16.67		36
	SECOND			0	0.00		0	0.00		0	0.00			Excluded		0	0.00		0	0.00		0	0.00		0
		TOTAL		1	2.78		2	5.56		24	66.67					2	5.56		1	2.78		6	16.67		36
	THIRD				Excluded		0	0.00		1	100.00					0	0.00		0	0.00		0	0.00		1
		TOTAL					2	5.56		25	69.44					2	5.56		1	2.78		6	16.67		36
	FOURTH							Excluded		1	50.00					0	0.00		1	50.00		0	0.00		2
		TOTAL								26	72.22					2	5.56		2	5.56		6	16.67		36
	FIFTH									0	0.00					0	0.00			Excluded		2	100.00		2
		TOTAL								26	72.22					2	5.56					8	22.22		36
	SIXTH									3	37.50					5	62.50						Excluded		8
		TOTAL								29	80.56					7	19.44								36
										Elected															
																									
Special Hospital Team 4                                        																									
	FIRST			7	6.31		1	0.90		50	45.05		0	0.00		36	32.43		1	0.90		16	14.41		111
	SECOND			0	0.00		0	0.00		0	0.00			Excluded		0	0.00		0	0.00		0	0.00		0
		TOTAL		7	6.31		1	0.90		50	45.05					36	32.43		1	0.90		16	14.41		111
	THIRD				Excluded		7	100.00		0	0.00					0	0.00		0	0.00		0	0.00		7
		TOTAL					8	7.21		50	45.05					36	32.43		1	0.90		16	14.41		111
	FOURTH							Excluded		8	100.00					0	0.00		0	0.00		0	0.00		8
		TOTAL								58	52.25					36	32.43		1	0.90		16	14.41		111
	FIFTH									1	100.00					0	0.00			Excluded		0	0.00		1
		TOTAL								59	53.15					36	32.43					16	14.41		111
	SIXTH									12	75.00					4	25.00						Excluded		16
		TOTAL								71	63.96					40	36.04								111
										Elected															
																									
Special Hospital Team 5                                        																									
	FIRST			5	8.93		0	0.00		29	51.79		0	0.00		3	5.36		0	0.00		19	33.93		56
	SECOND			0	0.00		0	0.00		0	0.00			Excluded		0	0.00		0	0.00		0	0.00		0
		TOTAL		5	8.93		0	0.00		29	51.79					3	5.36		0	0.00		19	33.93		56
	THIRD				Excluded		3	60.00		2	40.00					0	0.00		0	0.00		0	0.00		5
		TOTAL					3	5.36		31	55.36					3	5.36		0	0.00		19	33.93		56
	FOURTH							Excluded		3	100.00					0	0.00		0	0.00		0	0.00		3
		TOTAL								34	60.71					3	5.36		0	0.00		19	33.93		56
	FIFTH									0	0.00					0	0.00			Excluded		0	0.00		0
		TOTAL								34	60.71					3	5.36					19	33.93		56
	SIXTH									13	68.42					6	31.58						Excluded		19
		TOTAL								47	83.93					9	16.07								56
										Elected															
																									
Special Hospital Team 6                                        																									
	FIRST			0	0.00		0	0.00		6	28.57		0	0.00		6	28.57		1	4.76		8	38.10		21
	SECOND			0	0.00		0	0.00		0	0.00			Excluded		0	0.00		0	0.00		0	0.00		0
		TOTAL		0	0.00		0	0.00		6	28.57					6	28.57		1	4.76		8	38.10		21
	THIRD				Excluded		0	0.00		0	0.00					0	0.00		0	0.00		0	0.00		0
		TOTAL					0	0.00		6	28.57					6	28.57		1	4.76		8	38.10		21
	FOURTH							Excluded		0	0.00					0	0.00		0	0.00		0	0.00		0
		TOTAL								6	28.57					6	28.57		1	4.76		8	38.10		21
	FIFTH									0	0.00					0	0.00			Excluded		1	100.00		1
		TOTAL								6	28.57					6	28.57					9	42.86		21
	SIXTH									4	44.44					5	55.56						Excluded		9
		TOTAL								10	47.62					11	52.38								21
										Elected															
																									
Prison Mobile Team 1                                           																									
	FIRST			0	0.00		0	0.00		0	0.00		0	0.00		1	20.00		0	0.00		4	80.00		5
	SECOND			0	0.00		0	0.00		0	0.00			Excluded		0	0.00		0	0.00		0	0.00		0
		TOTAL		0	0.00		0	0.00		0	0.00					1	20.00		0	0.00		4	80.00		5
	THIRD				Excluded		0	0.00		0	0.00					0	0.00		0	0.00		0	0.00		0
		TOTAL					0	0.00		0	0.00					1	20.00		0	0.00		4	80.00		5
	FOURTH							Excluded		0	0.00					0	0.00		0	0.00		0	0.00		0
		TOTAL								0	0.00					1	20.00		0	0.00		4	80.00		5
	FIFTH									0	0.00					0	0.00			Excluded		0	0.00		0
		TOTAL								0	0.00					1	20.00					4	80.00		5
	SIXTH									4	100.00					0	0.00						Excluded		4
		TOTAL								4	80.00					1	20.00								5
										Elected															
																									
ABSENT																									
	FIRST			153	3.57		141	3.29		2099	48.92		33	0.77		924	21.53		199	4.64		742	17.29		4291
	SECOND			2	6.06		8	24.24		11	33.33			Excluded		4	12.12		3	9.09		5	15.15		33
		TOTAL		155	3.61		149	3.47		2110	49.17					928	21.63		202	4.71		747	17.41		4291
	THIRD				Excluded		67	43.23		48	30.97					14	9.03		4	2.58		22	14.19		155
		TOTAL					216	5.03		2158	50.29					942	21.95		206	4.80		769	17.92		4291
	FOURTH							Excluded		138	63.89					23	10.65		12	5.56		43	19.91		216
		TOTAL								2296	53.51					965	22.49		218	5.08		812	18.92		4291
	FIFTH									98	44.95					61	27.98			Excluded		59	27.06		218
		TOTAL								2394	55.79					1026	23.91					871	20.30		4291
	SIXTH									658	75.55					213	24.45						Excluded		871
		TOTAL								3052	71.13					1239	28.87								4291
										Elected															
																									
POSTAL																									
	FIRST			20	0.83		34	1.42		1226	51.06		1	0.04		518	21.57		105	4.37		497	20.70		2401
	SECOND			1	100.00		0	0.00		0	0.00			Excluded		0	0.00		0	0.00		0	0.00		1
		TOTAL		21	0.87		34	1.42		1226	51.06					518	21.57		105	4.37		497	20.70		2401
	THIRD				Excluded		6	28.57		10	47.62					2	9.52		1	4.76		2	9.52		21
		TOTAL					40	1.67		1236	51.48					520	21.66		106	4.41		499	20.78		2401
	FOURTH							Excluded		29	72.50					2	5.00		2	5.00		7	17.50		40
		TOTAL								1265	52.69					522	21.74		108	4.50		506	21.07		2401
	FIFTH									57	52.78					27	25.00			Excluded		24	22.22		108
		TOTAL								1322	55.06					549	22.87					530	22.07		2401
	SIXTH									467	88.11					63	11.89						Excluded		530
		TOTAL								1789	74.51					612	25.49								2401
										Elected															
																									
PRE POLL																									
	FIRST			96	1.91		80	1.59		2605	51.84		16	0.32		1069	21.27		221	4.40		938	18.67		5025
	SECOND			2	12.50		1	6.25		2	12.50			Excluded		5	31.25		5	31.25		1	6.25		16
		TOTAL		98	1.95		81	1.61		2607	51.88					1074	21.37		226	4.50		939	18.69		5025
	THIRD				Excluded		40	40.82		27	27.55					14	14.29		2	2.04		15	15.31		98
		TOTAL					121	2.41		2634	52.42					1088	21.65		228	4.54		954	18.99		5025
	FOURTH							Excluded		77	63.64					13	10.74		4	3.31		27	22.31		121
		TOTAL								2711	53.95					1101	21.91		232	4.62		981	19.52		5025
	FIFTH									125	53.88					66	28.45			Excluded		41	17.67		232
		TOTAL								2836	56.44					1167	23.22					1022	20.34		5025
	SIXTH									878	85.91					144	14.09						Excluded		1022
		TOTAL								3714	73.91					1311	26.09								5025
										Elected															
																									
PROVISIONAL																									
	FIRST			20	2.86		15	2.15		352	50.36		5	0.72		83	11.87		22	3.15		202	28.90		699
	SECOND			0	0.00		0	0.00		3	60.00			Excluded		1	20.00		0	0.00		1	20.00		5
		TOTAL		20	2.86		15	2.15		355	50.79					84	12.02		22	3.15		203	29.04		699
	THIRD				Excluded		9	45.00		7	35.00					2	10.00		0	0.00		2	10.00		20
		TOTAL					24	3.43		362	51.79					86	12.30		22	3.15		205	29.33		699
	FOURTH							Excluded		16	66.67					2	8.33		2	8.33		4	16.67		24
		TOTAL								378	54.08					88	12.59		24	3.43		209	29.90		699
	FIFTH									9	37.50					6	25.00			Excluded		9	37.50		24
		TOTAL								387	55.36					94	13.45					218	31.19		699
	SIXTH									166	76.15					52	23.85						Excluded		218
		TOTAL								553	79.11					146	20.89								699
										Elected															
																									
																									
																									
																									
																									
																									
																									
																									
																									
																									
																									
																									
																									
																									
																									
																									
																									
																									
																									
																									
																									
																									
																									
																									
																									
																									
																									
																									
																									
																									
																									
																									
																									
																									
																									
																									
																									
																									
																									
																									
																									
																									
																									
																									
																									
																									
																									
																									
																									
																									
																									
																									
																									
																									
																									
																									
																									
																									
																									
																									
																									
																									
																									
																									
																									
																									
																									
																									
																									
																									
																									
																									
																									
																									
																									
																									
																									
																									
																									
																									
																									
																									
																									
																									
																									
																									
																									
																									
																									
																									
																									
																									
																									
																									
																									
																									
																									
																									
																									
																									
																									
																									
																									
																									
																									
																									
																									
																									
																									
																									
																									
																									
																									
																									
																									
																									
																									
																									
																									
																									
																									
																									
																									
																									
																									
																									
																									
																									
																									
																									
																									
																									
																									
																									
																									
																									
																									
																									
																									
																									
																									
																									
																									
																									
																									
																									
																									
																									
																									
																									
																									
																									
																									
																									
																									
																									
																									
																									
																									
																									
																									
																									
																									
																									
																									
																									
																									
																									
																									
																									
																									
																									
																									
																									
																									
																									
																									
																									
																									
																									
																									
																									
																									
																									
																									
																									
																									
																									
																									
																									
																									
																									
																									
																									
																									
																									
																									
																									
																									
																									
																									
																									
																									
																									
																									
																									
																									
																									
																									
																									
																									
																									
																									
																									
																									
																									
																									
																									
																									
																									
																									
																									
																									
																									
																									
																									
																									
																									
																									
																									
																									
																									
																									
																									
																									
																									
																									
																									
																									
																									
																									
																									
																									
																									
																									
																									
																									
																									
																									
																									
																									
																									
																									
																									
																									
																									
																									
																									
																									
																									
																									
																									
																									
																									
																									
																									
																									
																									
																									
																									
																									
																									
																									
																									
																									
																									
																									
																									
																									
																									
																									
																									
																									
																									
																									
																									
																									
																									
																									
																									
																									
																									
																									
																									
																									
																									
																									
																									
																									
																									
																									
																									
																									
																									
																									
																									
																									
																									
																									
																									
																									
																									
																									
																									
																									
																									
																									
																									
																									
																									
																									
																									
																									
																									
																									
																									
																									
																									
																									
																									
																									
																									
																									
																									
																									
																									
																									
																									
																									
																									
																									
																									
																									
																									
																									
																									
																									
																									
																									
																									
																									
																									
																									
																									
																									
																									
																									
																									
																									
																									
																									
																									
																									
																									
																									
																									
																									
																									
																									
																									
																									
																									
																									
																									
																									
																									
																									
																									
																									
																									
																									
																									
																									
																									
