House of Representatives - 2001 Election: New South Wales																										
Distribution of Preferences																										
By Polling Place																										
																										
Macquarie																										
				WILLIAMS			SEARLE			GRIGG			MAJOROS			BUCKLEY			BARTLETT			WARREN				
				Leigh			Adam			Brian			Les			Wayne			Kerry			Robert				
				GRN			ALP			CTA			DEM			HAN			LP			SAS				
	Count			Votes	%		Votes	%		Votes	%		Votes	%		Votes	%		Votes	%		Votes	%		Total	
Bilpin                                                         																										
	FIRST			46	10.60		88	20.28		16	3.69		22	5.07		47	10.83		206	47.47		9	2.07		434	
	SECOND			5	55.56		2	22.22		1	11.11		0	0.00		0	0.00		1	11.11			Excluded		9	
		TOTAL		51	11.75		90	20.74		17	3.92		22	5.07		47	10.83		207	47.70					434	
	THIRD			1	5.88		0	0.00			Excluded		1	5.88		0	0.00		15	88.24					17	
		TOTAL		52	11.98		90	20.74					23	5.30		47	10.83		222	51.15					434	
	FOURTH			5	10.64		21	44.68					5	10.64			Excluded		16	34.04					47	
		TOTAL		57	13.13		111	25.58					28	6.45					238	54.84					434	
	FIFTH			20	71.43		6	21.43						Excluded					2	7.14					28	
		TOTAL		77	17.74		117	26.96											240	55.30					434	
	SIXTH				Excluded		56	72.73											21	27.27					77	
		TOTAL					173	39.86											261	60.14					434	
																			Elected							
																										
Blackheath                                                     																										
	FIRST			296	13.03		746	32.83		31	1.36		165	7.26		120	5.28		900	39.61		14	0.62		2272	
	SECOND			9	64.29		1	7.14		1	7.14		0	0.00		2	14.29		1	7.14			Excluded		14	
		TOTAL		305	13.42		747	32.88		32	1.41		165	7.26		122	5.37		901	39.66					2272	
	THIRD			3	9.38		8	25.00			Excluded		5	15.63		0	0.00		16	50.00					32	
		TOTAL		308	13.56		755	33.23					170	7.48		122	5.37		917	40.36					2272	
	FOURTH			18	14.75		48	39.34					11	9.02			Excluded		45	36.89					122	
		TOTAL		326	14.35		803	35.34					181	7.97					962	42.34					2272	
	FIFTH			116	64.09		41	22.65						Excluded					24	13.26					181	
		TOTAL		442	19.45		844	37.15											986	43.40					2272	
	SIXTH				Excluded		381	86.20											61	13.80					442	
		TOTAL					1225	53.92											1047	46.08					2272	
																			Elected							
																										
Blaxland (Macquarie)                                           																										
	FIRST			83	9.64		312	36.24		20	2.32		36	4.18		33	3.83		369	42.86		8	0.93		861	
	SECOND			4	50.00		0	0.00		1	12.50		1	12.50		0	0.00		2	25.00			Excluded		8	
		TOTAL		87	10.10		312	36.24		21	2.44		37	4.30		33	3.83		371	43.09					861	
	THIRD			2	9.52		2	9.52			Excluded		3	14.29		2	9.52		12	57.14					21	
		TOTAL		89	10.34		314	36.47					40	4.65		35	4.07		383	44.48					861	
	FOURTH			10	28.57		9	25.71					5	14.29			Excluded		11	31.43					35	
		TOTAL		99	11.50		323	37.51					45	5.23					394	45.76					861	
	FIFTH			20	44.44		18	40.00						Excluded					7	15.56					45	
		TOTAL		119	13.82		341	39.61											401	46.57					861	
	SIXTH				Excluded		91	76.47											28	23.53					119	
		TOTAL					432	50.17											429	49.83					861	
																			Elected							
																										
Blaxland East                                                  																										
	FIRST			240	7.91		848	27.94		124	4.09		183	6.03		98	3.23		1489	49.06		53	1.75		3035	
	SECOND			28	52.83		11	20.75		0	0.00		4	7.55		3	5.66		7	13.21			Excluded		53	
		TOTAL		268	8.83		859	28.30		124	4.09		187	6.16		101	3.33		1496	49.29					3035	
	THIRD			5	4.03		12	9.68			Excluded		13	10.48		13	10.48		81	65.32					124	
		TOTAL		273	9.00		871	28.70					200	6.59		114	3.76		1577	51.96					3035	
	FOURTH			20	17.54		46	40.35					9	7.89			Excluded		39	34.21					114	
		TOTAL		293	9.65		917	30.21					209	6.89					1616	53.25					3035	
	FIFTH			121	57.89		58	27.75						Excluded					30	14.35					209	
		TOTAL		414	13.64		975	32.13											1646	54.23					3035	
	SIXTH				Excluded		313	75.60											101	24.40					414	
		TOTAL					1288	42.44											1747	57.56					3035	
																			Elected							
																										
Bligh Park                                                     																										
	FIRST			95	3.51		609	22.51		34	1.26		98	3.62		150	5.54		1639	60.57		81	2.99		2706	
	SECOND			48	59.26		7	8.64		1	1.23		6	7.41		5	6.17		14	17.28			Excluded		81	
		TOTAL		143	5.28		616	22.76		35	1.29		104	3.84		155	5.73		1653	61.09					2706	
	THIRD			5	14.29		4	11.43			Excluded		6	17.14		4	11.43		16	45.71					35	
		TOTAL		148	5.47		620	22.91					110	4.07		159	5.88		1669	61.68					2706	
	FOURTH			31	19.50		71	44.65					13	8.18			Excluded		44	27.67					159	
		TOTAL		179	6.61		691	25.54					123	4.55					1713	63.30					2706	
	FIFTH			65	52.85		34	27.64						Excluded					24	19.51					123	
		TOTAL		244	9.02		725	26.79											1737	64.19					2706	
	SIXTH				Excluded		153	62.70											91	37.30					244	
		TOTAL					878	32.45											1828	67.55					2706	
																			Elected							
																										
Bligh Park East                                                																										
	FIRST			41	3.75		264	24.18		9	0.82		29	2.66		48	4.40		690	63.19		11	1.01		1092	
	SECOND			5	45.45		2	18.18		0	0.00		1	9.09		2	18.18		1	9.09			Excluded		11	
		TOTAL		46	4.21		266	24.36		9	0.82		30	2.75		50	4.58		691	63.28					1092	
	THIRD			3	33.33		0	0.00			Excluded		0	0.00		0	0.00		6	66.67					9	
		TOTAL		49	4.49		266	24.36					30	2.75		50	4.58		697	63.83					1092	
	FOURTH			8	16.00		19	38.00					10	20.00			Excluded		13	26.00					50	
		TOTAL		57	5.22		285	26.10					40	3.66					710	65.02					1092	
	FIFTH			18	45.00		13	32.50						Excluded					9	22.50					40	
		TOTAL		75	6.87		298	27.29											719	65.84					1092	
	SIXTH				Excluded		49	65.33											26	34.67					75	
		TOTAL					347	31.78											745	68.22					1092	
																			Elected							
																										
Bullaburra                                                     																										
	FIRST			73	13.13		177	31.83		15	2.70		31	5.58		21	3.78		233	41.91		6	1.08		556	
	SECOND			3	50.00		1	16.67		0	0.00		0	0.00		1	16.67		1	16.67			Excluded		6	
		TOTAL		76	13.67		178	32.01		15	2.70		31	5.58		22	3.96		234	42.09					556	
	THIRD			2	13.33		1	6.67			Excluded		0	0.00		2	13.33		10	66.67					15	
		TOTAL		78	14.03		179	32.19					31	5.58		24	4.32		244	43.88					556	
	FOURTH			7	29.17		6	25.00					5	20.83			Excluded		6	25.00					24	
		TOTAL		85	15.29		185	33.27					36	6.47					250	44.96					556	
	FIFTH			16	44.44		12	33.33						Excluded					8	22.22					36	
		TOTAL		101	18.17		197	35.43											258	46.40					556	
	SIXTH				Excluded		87	86.14											14	13.86					101	
		TOTAL					284	51.08											272	48.92					556	
																			Elected							
																										
Cattai                                                         																										
	FIRST			8	5.76		9	6.47		1	0.72		9	6.47		8	5.76		102	73.38		2	1.44		139	
	SECOND			0	0.00		0	0.00		0	0.00		0	0.00		0	0.00		2	100.00			Excluded		2	
		TOTAL		8	5.76		9	6.47		1	0.72		9	6.47		8	5.76		104	74.82					139	
	THIRD			0	0.00		0	0.00			Excluded		1	100.00		0	0.00		0	0.00					1	
		TOTAL		8	5.76		9	6.47					10	7.19		8	5.76		104	74.82					139	
	FOURTH			5	62.50		2	25.00					0	0.00			Excluded		1	12.50					8	
		TOTAL		13	9.35		11	7.91					10	7.19					105	75.54					139	
	FIFTH			2	20.00		4	40.00						Excluded					4	40.00					10	
		TOTAL		15	10.79		15	10.79											109	78.42					139	
	SIXTH				Excluded		12	80.00											3	20.00					15	
		TOTAL					27	19.42											112	80.58					139	
																			Elected							
																										
Colo Heights                                                   																										
	FIRST			20	13.51		28	18.92		5	3.38		7	4.73		10	6.76		74	50.00		4	2.70		148	
	SECOND			2	50.00		0	0.00		0	0.00		1	25.00		1	25.00		0	0.00			Excluded		4	
		TOTAL		22	14.86		28	18.92		5	3.38		8	5.41		11	7.43		74	50.00					148	
	THIRD			1	20.00		0	0.00			Excluded		0	0.00		3	60.00		1	20.00					5	
		TOTAL		23	15.54		28	18.92					8	5.41		14	9.46		75	50.68					148	
	FOURTH			1	7.14		2	14.29					2	14.29			Excluded		9	64.29					14	
		TOTAL		24	16.22		30	20.27					10	6.76					84	56.76					148	
	FIFTH			7	70.00		2	20.00						Excluded					1	10.00					10	
		TOTAL		31	20.95		32	21.62											85	57.43					148	
	SIXTH				Excluded		18	58.06											13	41.94					31	
		TOTAL					50	33.78											98	66.22					148	
																			Elected							
																										
Comleroy Road                                                  																										
	FIRST			67	8.25		132	16.26		8	0.99		16	1.97		57	7.02		524	64.53		8	0.99		812	
	SECOND			4	50.00		1	12.50		1	12.50		0	0.00		0	0.00		2	25.00			Excluded		8	
		TOTAL		71	8.74		133	16.38		9	1.11		16	1.97		57	7.02		526	64.78					812	
	THIRD			0	0.00		1	11.11			Excluded		0	0.00		1	11.11		7	77.78					9	
		TOTAL		71	8.74		134	16.50					16	1.97		58	7.14		533	65.64					812	
	FOURTH			8	13.79		27	46.55					5	8.62			Excluded		18	31.03					58	
		TOTAL		79	9.73		161	19.83					21	2.59					551	67.86					812	
	FIFTH			9	42.86		8	38.10						Excluded					4	19.05					21	
		TOTAL		88	10.84		169	20.81											555	68.35					812	
	SIXTH				Excluded		67	76.14											21	23.86					88	
		TOTAL					236	29.06											576	70.94					812	
																			Elected							
																										
Ebenezer                                                       																										
	FIRST			75	9.57		134	17.09		6	0.77		15	1.91		45	5.74		504	64.29		5	0.64		784	
	SECOND			0	0.00		0	0.00		0	0.00		1	20.00		0	0.00		4	80.00			Excluded		5	
		TOTAL		75	9.57		134	17.09		6	0.77		16	2.04		45	5.74		508	64.80					784	
	THIRD			0	0.00		0	0.00			Excluded		0	0.00		0	0.00		6	100.00					6	
		TOTAL		75	9.57		134	17.09					16	2.04		45	5.74		514	65.56					784	
	FOURTH			9	20.00		13	28.89					8	17.78			Excluded		15	33.33					45	
		TOTAL		84	10.71		147	18.75					24	3.06					529	67.47					784	
	FIFTH			10	41.67		7	29.17						Excluded					7	29.17					24	
		TOTAL		94	11.99		154	19.64											536	68.37					784	
	SIXTH				Excluded		65	69.15											29	30.85					94	
		TOTAL					219	27.93											565	72.07					784	
																			Elected							
																										
Faulconbridge                                                  																										
	FIRST			182	8.05		664	29.37		60	2.65		165	7.30		96	4.25		1070	47.32		24	1.06		2261	
	SECOND			9	37.50		4	16.67		0	0.00		2	8.33		5	20.83		4	16.67			Excluded		24	
		TOTAL		191	8.45		668	29.54		60	2.65		167	7.39		101	4.47		1074	47.50					2261	
	THIRD			6	10.00		3	5.00			Excluded		7	11.67		12	20.00		32	53.33					60	
		TOTAL		197	8.71		671	29.68					174	7.70		113	5.00		1106	48.92					2261	
	FOURTH			12	10.62		40	35.40					14	12.39			Excluded		47	41.59					113	
		TOTAL		209	9.24		711	31.45					188	8.31					1153	51.00					2261	
	FIFTH			116	61.70		42	22.34						Excluded					30	15.96					188	
		TOTAL		325	14.37		753	33.30											1183	52.32					2261	
	SIXTH				Excluded		250	76.92											75	23.08					325	
		TOTAL					1003	44.36											1258	55.64					2261	
																			Elected							
																										
Freemans Reach                                                 																										
	FIRST			87	7.10		228	18.60		24	1.96		38	3.10		72	5.87		760	61.99		17	1.39		1226	
	SECOND			4	23.53		3	17.65		0	0.00		2	11.76		3	17.65		5	29.41			Excluded		17	
		TOTAL		91	7.42		231	18.84		24	1.96		40	3.26		75	6.12		765	62.40					1226	
	THIRD			0	0.00		1	4.17			Excluded		4	16.67		2	8.33		17	70.83					24	
		TOTAL		91	7.42		232	18.92					44	3.59		77	6.28		782	63.78					1226	
	FOURTH			11	14.29		21	27.27					10	12.99			Excluded		35	45.45					77	
		TOTAL		102	8.32		253	20.64					54	4.40					817	66.64					1226	
	FIFTH			27	50.00		19	35.19						Excluded					8	14.81					54	
		TOTAL		129	10.52		272	22.19											825	67.29					1226	
	SIXTH				Excluded		90	69.77											39	30.23					129	
		TOTAL					362	29.53											864	70.47					1226	
																			Elected							
																										
Glossodia                                                      																										
	FIRST			80	6.39		279	22.28		17	1.36		34	2.72		82	6.55		748	59.74		12	0.96		1252	
	SECOND			1	8.33		4	33.33		0	0.00		2	16.67		1	8.33		4	33.33			Excluded		12	
		TOTAL		81	6.47		283	22.60		17	1.36		36	2.88		83	6.63		752	60.06					1252	
	THIRD			0	0.00		2	11.76			Excluded		4	23.53		1	5.88		10	58.82					17	
		TOTAL		81	6.47		285	22.76					40	3.19		84	6.71		762	60.86					1252	
	FOURTH			20	23.81		19	22.62					7	8.33			Excluded		38	45.24					84	
		TOTAL		101	8.07		304	24.28					47	3.75					800	63.90					1252	
	FIFTH			17	36.17		19	40.43						Excluded					11	23.40					47	
		TOTAL		118	9.42		323	25.80											811	64.78					1252	
	SIXTH				Excluded		69	58.47											49	41.53					118	
		TOTAL					392	31.31											860	68.69					1252	
																			Elected							
																										
Grose View                                                     																										
	FIRST			47	7.31		98	15.24		14	2.18		48	7.47		21	3.27		407	63.30		8	1.24		643	
	SECOND			3	37.50		3	37.50		1	12.50		0	0.00		0	0.00		1	12.50			Excluded		8	
		TOTAL		50	7.78		101	15.71		15	2.33		48	7.47		21	3.27		408	63.45					643	
	THIRD			0	0.00		1	6.67			Excluded		2	13.33		1	6.67		11	73.33					15	
		TOTAL		50	7.78		102	15.86					50	7.78		22	3.42		419	65.16					643	
	FOURTH			2	9.09		5	22.73					7	31.82			Excluded		8	36.36					22	
		TOTAL		52	8.09		107	16.64					57	8.86					427	66.41					643	
	FIFTH			33	57.89		17	29.82						Excluded					7	12.28					57	
		TOTAL		85	13.22		124	19.28											434	67.50					643	
	SIXTH				Excluded		65	76.47											20	23.53					85	
		TOTAL					189	29.39											454	70.61					643	
																			Elected							
																										
Hazelbrook                                                     																										
	FIRST			261	10.75		824	33.94		66	2.72		209	8.61		122	5.02		922	37.97		24	0.99		2428	
	SECOND			8	33.33		4	16.67		2	8.33		1	4.17		2	8.33		7	29.17			Excluded		24	
		TOTAL		269	11.08		828	34.10		68	2.80		210	8.65		124	5.11		929	38.26					2428	
	THIRD			4	5.88		7	10.29			Excluded		5	7.35		4	5.88		48	70.59					68	
		TOTAL		273	11.24		835	34.39					215	8.86		128	5.27		977	40.24					2428	
	FOURTH			22	17.19		47	36.72					10	7.81			Excluded		49	38.28					128	
		TOTAL		295	12.15		882	36.33					225	9.27					1026	42.26					2428	
	FIFTH			120	53.33		64	28.44						Excluded					41	18.22					225	
		TOTAL		415	17.09		946	38.96											1067	43.95					2428	
	SIXTH				Excluded		342	82.41											73	17.59					415	
		TOTAL					1288	53.05											1140	46.95					2428	
																			Elected							
																										
Hobartville                                                    																										
	FIRST			87	5.56		421	26.88		24	1.53		48	3.07		78	4.98		872	55.68		36	2.30		1566	
	SECOND			12	33.33		5	13.89		0	0.00		4	11.11		5	13.89		10	27.78			Excluded		36	
		TOTAL		99	6.32		426	27.20		24	1.53		52	3.32		83	5.30		882	56.32					1566	
	THIRD			0	0.00		6	25.00			Excluded		0	0.00		0	0.00		18	75.00					24	
		TOTAL		99	6.32		432	27.59					52	3.32		83	5.30		900	57.47					1566	
	FOURTH			16	19.28		35	42.17					12	14.46			Excluded		20	24.10					83	
		TOTAL		115	7.34		467	29.82					64	4.09					920	58.75					1566	
	FIFTH			33	51.56		22	34.38						Excluded					9	14.06					64	
		TOTAL		148	9.45		489	31.23											929	59.32					1566	
	SIXTH				Excluded		97	65.54											51	34.46					148	
		TOTAL					586	37.42											980	62.58					1566	
																			Elected							
																										
Katoomba                                                       																										
	FIRST			134	16.30		338	41.12		15	1.82		87	10.58		28	3.41		218	26.52		2	0.24		822	
	SECOND			0	0.00		1	50.00		0	0.00		0	0.00		1	50.00		0	0.00			Excluded		2	
		TOTAL		134	16.30		339	41.24		15	1.82		87	10.58		29	3.53		218	26.52					822	
	THIRD			4	26.67		3	20.00			Excluded		2	13.33		0	0.00		6	40.00					15	
		TOTAL		138	16.79		342	41.61					89	10.83		29	3.53		224	27.25					822	
	FOURTH			6	20.69		9	31.03					3	10.34			Excluded		11	37.93					29	
		TOTAL		144	17.52		351	42.70					92	11.19					235	28.59					822	
	FIFTH			65	70.65		19	20.65						Excluded					8	8.70					92	
		TOTAL		209	25.43		370	45.01											243	29.56					822	
	SIXTH				Excluded		185	88.52											24	11.48					209	
		TOTAL					555	67.52											267	32.48					822	
																			Elected							
																										
Katoomba High                                                  																										
	FIRST			53	10.82		187	38.16		3	0.61		29	5.92		20	4.08		191	38.98		7	1.43		490	
	SECOND			3	42.86		1	14.29		0	0.00		0	0.00		1	14.29		2	28.57			Excluded		7	
		TOTAL		56	11.43		188	38.37		3	0.61		29	5.92		21	4.29		193	39.39					490	
	THIRD			0	0.00		0	0.00			Excluded		1	33.33		0	0.00		2	66.67					3	
		TOTAL		56	11.43		188	38.37					30	6.12		21	4.29		195	39.80					490	
	FOURTH			3	14.29		8	38.10					1	4.76			Excluded		9	42.86					21	
		TOTAL		59	12.04		196	40.00					31	6.33					204	41.63					490	
	FIFTH			20	64.52		6	19.35						Excluded					5	16.13					31	
		TOTAL		79	16.12		202	41.22											209	42.65					490	
	SIXTH				Excluded		68	86.08											11	13.92					79	
		TOTAL					270	55.10											220	44.90					490	
																			Elected							
																										
Katoomba Hospital                                              																										
	FIRST			14	8.70		60	37.27		3	1.86		21	13.04		1	0.62		60	37.27		2	1.24		161	
	SECOND			0	0.00		1	50.00		0	0.00		1	50.00		0	0.00		0	0.00			Excluded		2	
		TOTAL		14	8.70		61	37.89		3	1.86		22	13.66		1	0.62		60	37.27					161	
	THIRD			0	0.00		0	0.00			Excluded		1	33.33		0	0.00		2	66.67					3	
		TOTAL		14	8.70		61	37.89					23	14.29		1	0.62		62	38.51					161	
	FOURTH			1	100.00		0	0.00					0	0.00			Excluded		0	0.00					1	
		TOTAL		15	9.32		61	37.89					23	14.29					62	38.51					161	
	FIFTH			11	47.83		10	43.48						Excluded					2	8.70					23	
		TOTAL		26	16.15		71	44.10											64	39.75					161	
	SIXTH				Excluded		21	80.77											5	19.23					26	
		TOTAL					92	57.14											69	42.86					161	
																			Elected							
																										
Katoomba North                                                 																										
	FIRST			105	9.07		470	40.59		19	1.64		98	8.46		69	5.96		391	33.77		6	0.52		1158	
	SECOND			3	50.00		1	16.67		1	16.67		0	0.00		0	0.00		1	16.67			Excluded		6	
		TOTAL		108	9.33		471	40.67		20	1.73		98	8.46		69	5.96		392	33.85					1158	
	THIRD			3	15.00		2	10.00			Excluded		2	10.00		2	10.00		11	55.00					20	
		TOTAL		111	9.59		473	40.85					100	8.64		71	6.13		403	34.80					1158	
	FOURTH			11	15.49		25	35.21					10	14.08			Excluded		25	35.21					71	
		TOTAL		122	10.54		498	43.01					110	9.50					428	36.96					1158	
	FIFTH			59	53.64		32	29.09						Excluded					19	17.27					110	
		TOTAL		181	15.63		530	45.77											447	38.60					1158	
	SIXTH				Excluded		152	83.98											29	16.02					181	
		TOTAL					682	58.89											476	41.11					1158	
																			Elected							
																										
Katoomba Street                                                																										
	FIRST			309	21.12		548	37.46		20	1.37		135	9.23		58	3.96		378	25.84		15	1.03		1463	
	SECOND			12	80.00		1	6.67		0	0.00		0	0.00		1	6.67		1	6.67			Excluded		15	
		TOTAL		321	21.94		549	37.53		20	1.37		135	9.23		59	4.03		379	25.91					1463	
	THIRD			4	20.00		3	15.00			Excluded		2	10.00		3	15.00		8	40.00					20	
		TOTAL		325	22.21		552	37.73					137	9.36		62	4.24		387	26.45					1463	
	FOURTH			11	17.74		16	25.81					8	12.90			Excluded		27	43.55					62	
		TOTAL		336	22.97		568	38.82					145	9.91					414	28.30					1463	
	FIFTH			89	61.38		44	30.34						Excluded					12	8.28					145	
		TOTAL		425	29.05		612	41.83											426	29.12					1463	
	SIXTH				Excluded		382	89.88											43	10.12					425	
		TOTAL					994	67.94											469	32.06					1463	
																			Elected							
																										
Kurmond                                                        																										
	FIRST			48	7.07		126	18.56		5	0.74		13	1.91		39	5.74		440	64.80		8	1.18		679	
	SECOND			2	25.00		2	25.00		0	0.00		0	0.00		1	12.50		3	37.50			Excluded		8	
		TOTAL		50	7.36		128	18.85		5	0.74		13	1.91		40	5.89		443	65.24					679	
	THIRD			1	20.00		0	0.00			Excluded		1	20.00		0	0.00		3	60.00					5	
		TOTAL		51	7.51		128	18.85					14	2.06		40	5.89		446	65.68					679	
	FOURTH			9	22.50		9	22.50					3	7.50			Excluded		19	47.50					40	
		TOTAL		60	8.84		137	20.18					17	2.50					465	68.48					679	
	FIFTH			6	35.29		6	35.29						Excluded					5	29.41					17	
		TOTAL		66	9.72		143	21.06											470	69.22					679	
	SIXTH				Excluded		51	77.27											15	22.73					66	
		TOTAL					194	28.57											485	71.43					679	
																			Elected							
																										
Kurrajong                                                      																										
	FIRST			146	8.41		318	18.33		44	2.54		84	4.84		79	4.55		1047	60.35		17	0.98		1735	
	SECOND			9	52.94		2	11.76		0	0.00		2	11.76		3	17.65		1	5.88			Excluded		17	
		TOTAL		155	8.93		320	18.44		44	2.54		86	4.96		82	4.73		1048	60.40					1735	
	THIRD			3	6.82		3	6.82			Excluded		5	11.36		1	2.27		32	72.73					44	
		TOTAL		158	9.11		323	18.62					91	5.24		83	4.78		1080	62.25					1735	
	FOURTH			12	14.46		25	30.12					10	12.05			Excluded		36	43.37					83	
		TOTAL		170	9.80		348	20.06					101	5.82					1116	64.32					1735	
	FIFTH			61	60.40		27	26.73						Excluded					13	12.87					101	
		TOTAL		231	13.31		375	21.61											1129	65.07					1735	
	SIXTH				Excluded		158	68.40											73	31.60					231	
		TOTAL					533	30.72											1202	69.28					1735	
																			Elected							
																										
Kurrajong East                                                 																										
	FIRST			73	11.77		99	15.97		10	1.61		24	3.87		40	6.45		366	59.03		8	1.29		620	
	SECOND			2	25.00		2	25.00		0	0.00		1	12.50		0	0.00		3	37.50			Excluded		8	
		TOTAL		75	12.10		101	16.29		10	1.61		25	4.03		40	6.45		369	59.52					620	
	THIRD			0	0.00		0	0.00			Excluded		1	10.00		1	10.00		8	80.00					10	
		TOTAL		75	12.10		101	16.29					26	4.19		41	6.61		377	60.81					620	
	FOURTH			10	24.39		11	26.83					7	17.07			Excluded		13	31.71					41	
		TOTAL		85	13.71		112	18.06					33	5.32					390	62.90					620	
	FIFTH			18	54.55		11	33.33						Excluded					4	12.12					33	
		TOTAL		103	16.61		123	19.84											394	63.55					620	
	SIXTH				Excluded		68	66.02											35	33.98					103	
		TOTAL					191	30.81											429	69.19					620	
																			Elected							
																										
Kurrajong Heights                                              																										
	FIRST			52	10.68		103	21.15		10	2.05		12	2.46		30	6.16		270	55.44		10	2.05		487	
	SECOND			5	50.00		1	10.00		0	0.00		0	0.00		2	20.00		2	20.00			Excluded		10	
		TOTAL		57	11.70		104	21.36		10	2.05		12	2.46		32	6.57		272	55.85					487	
	THIRD			0	0.00		1	10.00			Excluded		0	0.00		2	20.00		7	70.00					10	
		TOTAL		57	11.70		105	21.56					12	2.46		34	6.98		279	57.29					487	
	FOURTH			7	20.59		11	32.35					2	5.88			Excluded		14	41.18					34	
		TOTAL		64	13.14		116	23.82					14	2.87					293	60.16					487	
	FIFTH			9	64.29		4	28.57						Excluded					1	7.14					14	
		TOTAL		73	14.99		120	24.64											294	60.37					487	
	SIXTH				Excluded		55	75.34											18	24.66					73	
		TOTAL					175	35.93											312	64.07					487	
																			Elected							
																										
Lawson                                                         																										
	FIRST			172	12.03		515	36.01		35	2.45		115	8.04		63	4.41		505	35.31		25	1.75		1430	
	SECOND			13	52.00		2	8.00		1	4.00		5	20.00		1	4.00		3	12.00			Excluded		25	
		TOTAL		185	12.94		517	36.15		36	2.52		120	8.39		64	4.48		508	35.52					1430	
	THIRD			1	2.78		4	11.11			Excluded		6	16.67		7	19.44		18	50.00					36	
		TOTAL		186	13.01		521	36.43					126	8.81		71	4.97		526	36.78					1430	
	FOURTH			14	19.72		19	26.76					9	12.68			Excluded		29	40.85					71	
		TOTAL		200	13.99		540	37.76					135	9.44					555	38.81					1430	
	FIFTH			73	54.07		43	31.85						Excluded					19	14.07					135	
		TOTAL		273	19.09		583	40.77											574	40.14					1430	
	SIXTH				Excluded		231	84.62											42	15.38					273	
		TOTAL					814	56.92											616	43.08					1430	
																			Elected							
																										
Leura                                                          																										
	FIRST			91	11.94		279	36.61		13	1.71		65	8.53		36	4.72		268	35.17		10	1.31		762	
	SECOND			5	50.00		0	0.00		1	10.00		1	10.00		0	0.00		3	30.00			Excluded		10	
		TOTAL		96	12.60		279	36.61		14	1.84		66	8.66		36	4.72		271	35.56					762	
	THIRD			2	14.29		4	28.57			Excluded		0	0.00		3	21.43		5	35.71					14	
		TOTAL		98	12.86		283	37.14					66	8.66		39	5.12		276	36.22					762	
	FOURTH			6	15.38		16	41.03					5	12.82			Excluded		12	30.77					39	
		TOTAL		104	13.65		299	39.24					71	9.32					288	37.80					762	
	FIFTH			43	60.56		17	23.94						Excluded					11	15.49					71	
		TOTAL		147	19.29		316	41.47											299	39.24					762	
	SIXTH				Excluded		126	85.71											21	14.29					147	
		TOTAL					442	58.01											320	41.99					762	
																			Elected							
																										
Leura Central                                                  																										
	FIRST			198	13.94		464	32.68		8	0.56		122	8.59		45	3.17		576	40.56		7	0.49		1420	
	SECOND			5	71.43		0	0.00		0	0.00		0	0.00		1	14.29		1	14.29			Excluded		7	
		TOTAL		203	14.30		464	32.68		8	0.56		122	8.59		46	3.24		577	40.63					1420	
	THIRD			4	50.00		1	12.50			Excluded		1	12.50		0	0.00		2	25.00					8	
		TOTAL		207	14.58		465	32.75					123	8.66		46	3.24		579	40.77					1420	
	FOURTH			12	26.09		17	36.96					2	4.35			Excluded		15	32.61					46	
		TOTAL		219	15.42		482	33.94					125	8.80					594	41.83					1420	
	FIFTH			90	72.00		27	21.60						Excluded					8	6.40					125	
		TOTAL		309	21.76		509	35.85											602	42.39					1420	
	SIXTH				Excluded		272	88.03											37	11.97					309	
		TOTAL					781	55.00											639	45.00					1420	
																			Elected							
																										
Maraylya (Macquarie)                                           																										
	FIRST			25	5.57		62	13.81		7	1.56		18	4.01		20	4.45		313	69.71		4	0.89		449	
	SECOND			1	25.00		0	0.00		0	0.00		0	0.00		2	50.00		1	25.00			Excluded		4	
		TOTAL		26	5.79		62	13.81		7	1.56		18	4.01		22	4.90		314	69.93					449	
	THIRD			0	0.00		0	0.00			Excluded		1	14.29		0	0.00		6	85.71					7	
		TOTAL		26	5.79		62	13.81					19	4.23		22	4.90		320	71.27					449	
	FOURTH			3	13.64		4	18.18					2	9.09			Excluded		13	59.09					22	
		TOTAL		29	6.46		66	14.70					21	4.68					333	74.16					449	
	FIFTH			11	52.38		6	28.57						Excluded					4	19.05					21	
		TOTAL		40	8.91		72	16.04											337	75.06					449	
	SIXTH				Excluded		22	55.00											18	45.00					40	
		TOTAL					94	20.94											355	79.06					449	
																			Elected							
																										
McGraths Hill                                                  																										
	FIRST			55	5.45		230	22.77		6	0.59		13	1.29		55	5.45		640	63.37		11	1.09		1010	
	SECOND			2	18.18		3	27.27		1	9.09		0	0.00		0	0.00		5	45.45			Excluded		11	
		TOTAL		57	5.64		233	23.07		7	0.69		13	1.29		55	5.45		645	63.86					1010	
	THIRD			3	42.86		0	0.00			Excluded		0	0.00		1	14.29		3	42.86					7	
		TOTAL		60	5.94		233	23.07					13	1.29		56	5.54		648	64.16					1010	
	FOURTH			7	12.50		21	37.50					4	7.14			Excluded		24	42.86					56	
		TOTAL		67	6.63		254	25.15					17	1.68					672	66.53					1010	
	FIFTH			6	35.29		6	35.29						Excluded					5	29.41					17	
		TOTAL		73	7.23		260	25.74											677	67.03					1010	
	SIXTH				Excluded		57	78.08											16	21.92					73	
		TOTAL					317	31.39											693	68.61					1010	
																			Elected							
																										
Medlow Bath                                                    																										
	FIRST			40	11.14		134	37.33		6	1.67		16	4.46		12	3.34		149	41.50		2	0.56		359	
	SECOND			1	50.00		1	50.00		0	0.00		0	0.00		0	0.00		0	0.00			Excluded		2	
		TOTAL		41	11.42		135	37.60		6	1.67		16	4.46		12	3.34		149	41.50					359	
	THIRD			0	0.00		0	0.00			Excluded		2	33.33		0	0.00		4	66.67					6	
		TOTAL		41	11.42		135	37.60					18	5.01		12	3.34		153	42.62					359	
	FOURTH			4	33.33		3	25.00					1	8.33			Excluded		4	33.33					12	
		TOTAL		45	12.53		138	38.44					19	5.29					157	43.73					359	
	FIFTH			10	52.63		4	21.05						Excluded					5	26.32					19	
		TOTAL		55	15.32		142	39.55											162	45.13					359	
	SIXTH				Excluded		49	89.09											6	10.91					55	
		TOTAL					191	53.20											168	46.80					359	
																			Elected							
																										
Mount Riverview                                                																										
	FIRST			87	5.59		399	25.66		42	2.70		71	4.57		79	5.08		856	55.05		21	1.35		1555	
	SECOND			10	47.62		2	9.52		2	9.52		1	4.76		0	0.00		6	28.57			Excluded		21	
		TOTAL		97	6.24		401	25.79		44	2.83		72	4.63		79	5.08		862	55.43					1555	
	THIRD			4	9.09		7	15.91			Excluded		4	9.09		1	2.27		28	63.64					44	
		TOTAL		101	6.50		408	26.24					76	4.89		80	5.14		890	57.23					1555	
	FOURTH			11	13.75		37	46.25					7	8.75			Excluded		25	31.25					80	
		TOTAL		112	7.20		445	28.62					83	5.34					915	58.84					1555	
	FIFTH			40	48.19		27	32.53						Excluded					16	19.28					83	
		TOTAL		152	9.77		472	30.35											931	59.87					1555	
	SIXTH				Excluded		114	75.00											38	25.00					152	
		TOTAL					586	37.68											969	62.32					1555	
																			Elected							
																										
Mount Victoria                                                 																										
	FIRST			62	13.90		148	33.18		11	2.47		25	5.61		30	6.73		168	37.67		2	0.45		446	
	SECOND			2	100.00		0	0.00		0	0.00		0	0.00		0	0.00		0	0.00			Excluded		2	
		TOTAL		64	14.35		148	33.18		11	2.47		25	5.61		30	6.73		168	37.67					446	
	THIRD			0	0.00		0	0.00			Excluded		2	18.18		1	9.09		8	72.73					11	
		TOTAL		64	14.35		148	33.18					27	6.05		31	6.95		176	39.46					446	
	FOURTH			4	12.90		12	38.71					4	12.90			Excluded		11	35.48					31	
		TOTAL		68	15.25		160	35.87					31	6.95					187	41.93					446	
	FIFTH			21	67.74		4	12.90						Excluded					6	19.35					31	
		TOTAL		89	19.96		164	36.77											193	43.27					446	
	SIXTH				Excluded		78	87.64											11	12.36					89	
		TOTAL					242	54.26											204	45.74					446	
																			Elected							
																										
Mount Wilson                                                   																										
	FIRST			13	15.66		17	20.48		0	0.00		2	2.41		2	2.41		49	59.04		0	0.00		83	
	SECOND			0	0.00		0	0.00		0	0.00		0	0.00		0	0.00		0	0.00			Excluded		0	
		TOTAL		13	15.66		17	20.48		0	0.00		2	2.41		2	2.41		49	59.04					83	
	THIRD			0	0.00		0	0.00			Excluded		0	0.00		0	0.00		0	0.00					0	
		TOTAL		13	15.66		17	20.48					2	2.41		2	2.41		49	59.04					83	
	FOURTH			0	0.00		0	0.00					0	0.00			Excluded		2	100.00					2	
		TOTAL		13	15.66		17	20.48					2	2.41					51	61.45					83	
	FIFTH			2	100.00		0	0.00						Excluded					0	0.00					2	
		TOTAL		15	18.07		17	20.48											51	61.45					83	
	SIXTH				Excluded		12	80.00											3	20.00					15	
		TOTAL					29	34.94											54	65.06					83	
																			Elected							
																										
North Richmond                                                 																										
	FIRST			140	5.25		523	19.60		52	1.95		90	3.37		165	6.18		1644	61.60		55	2.06		2669	
	SECOND			21	38.18		10	18.18		3	5.45		2	3.64		2	3.64		17	30.91			Excluded		55	
		TOTAL		161	6.03		533	19.97		55	2.06		92	3.45		167	6.26		1661	62.23					2669	
	THIRD			10	18.18		4	7.27			Excluded		2	3.64		8	14.55		31	56.36					55	
		TOTAL		171	6.41		537	20.12					94	3.52		175	6.56		1692	63.39					2669	
	FOURTH			25	14.29		72	41.14					12	6.86			Excluded		66	37.71					175	
		TOTAL		196	7.34		609	22.82					106	3.97					1758	65.87					2669	
	FIFTH			63	59.43		20	18.87						Excluded					23	21.70					106	
		TOTAL		259	9.70		629	23.57											1781	66.73					2669	
	SIXTH				Excluded		163	62.93											96	37.07					259	
		TOTAL					792	29.67											1877	70.33					2669	
																			Elected							
																										
Oakville                                                       																										
	FIRST			50	4.04		180	14.54		9	0.73		25	2.02		55	4.44		907	73.26		12	0.97		1238	
	SECOND			4	33.33		0	0.00		1	8.33		2	16.67		2	16.67		3	25.00			Excluded		12	
		TOTAL		54	4.36		180	14.54		10	0.81		27	2.18		57	4.60		910	73.51					1238	
	THIRD			3	30.00		1	10.00			Excluded		1	10.00		1	10.00		4	40.00					10	
		TOTAL		57	4.60		181	14.62					28	2.26		58	4.68		914	73.83					1238	
	FOURTH			7	12.07		13	22.41					7	12.07			Excluded		31	53.45					58	
		TOTAL		64	5.17		194	15.67					35	2.83					945	76.33					1238	
	FIFTH			19	54.29		5	14.29						Excluded					11	31.43					35	
		TOTAL		83	6.70		199	16.07											956	77.22					1238	
	SIXTH				Excluded		58	69.88											25	30.12					83	
		TOTAL					257	20.76											981	79.24					1238	
																			Elected							
																										
Pitt Town                                                      																										
	FIRST			43	4.01		223	20.82		10	0.93		15	1.40		47	4.39		719	67.13		14	1.31		1071	
	SECOND			7	50.00		3	21.43		0	0.00		2	14.29		1	7.14		1	7.14			Excluded		14	
		TOTAL		50	4.67		226	21.10		10	0.93		17	1.59		48	4.48		720	67.23					1071	
	THIRD			0	0.00		3	30.00			Excluded		0	0.00		0	0.00		7	70.00					10	
		TOTAL		50	4.67		229	21.38					17	1.59		48	4.48		727	67.88					1071	
	FOURTH			10	20.83		10	20.83					7	14.58			Excluded		21	43.75					48	
		TOTAL		60	5.60		239	22.32					24	2.24					748	69.84					1071	
	FIFTH			9	37.50		8	33.33						Excluded					7	29.17					24	
		TOTAL		69	6.44		247	23.06											755	70.49					1071	
	SIXTH				Excluded		45	65.22											24	34.78					69	
		TOTAL					292	27.26											779	72.74					1071	
																			Elected							
																										
Richmond                                                       																										
	FIRST			130	6.35		519	25.35		31	1.51		60	2.93		112	5.47		1149	56.13		46	2.25		2047	
	SECOND			21	45.65		8	17.39		1	2.17		3	6.52		4	8.70		9	19.57			Excluded		46	
		TOTAL		151	7.38		527	25.74		32	1.56		63	3.08		116	5.67		1158	56.57					2047	
	THIRD			3	9.38		2	6.25			Excluded		4	12.50		5	15.63		18	56.25					32	
		TOTAL		154	7.52		529	25.84					67	3.27		121	5.91		1176	57.45					2047	
	FOURTH			26	21.49		32	26.45					15	12.40			Excluded		48	39.67					121	
		TOTAL		180	8.79		561	27.41					82	4.01					1224	59.79					2047	
	FIFTH			39	47.56		29	35.37						Excluded					14	17.07					82	
		TOTAL		219	10.70		590	28.82											1238	60.48					2047	
	SIXTH				Excluded		162	73.97											57	26.03					219	
		TOTAL					752	36.74											1295	63.26					2047	
																			Elected							
																										
Richmond High                                                  																										
	FIRST			74	7.12		255	24.52		16	1.54		39	3.75		56	5.38		588	56.54		12	1.15		1040	
	SECOND			3	25.00		1	8.33		0	0.00		1	8.33		1	8.33		6	50.00			Excluded		12	
		TOTAL		77	7.40		256	24.62		16	1.54		40	3.85		57	5.48		594	57.12					1040	
	THIRD			0	0.00		2	12.50			Excluded		1	6.25		2	12.50		11	68.75					16	
		TOTAL		77	7.40		258	24.81					41	3.94		59	5.67		605	58.17					1040	
	FOURTH			15	25.42		15	25.42					6	10.17			Excluded		23	38.98					59	
		TOTAL		92	8.85		273	26.25					47	4.52					628	60.38					1040	
	FIFTH			19	40.43		16	34.04						Excluded					12	25.53					47	
		TOTAL		111	10.67		289	27.79											640	61.54					1040	
	SIXTH				Excluded		75	67.57											36	32.43					111	
		TOTAL					364	35.00											676	65.00					1040	
																			Elected							
																										
Springwood                                                     																										
	FIRST			271	10.80		720	28.69		78	3.11		179	7.13		97	3.86		1112	44.30		53	2.11		2510	
	SECOND			35	66.04		8	15.09		1	1.89		3	5.66		3	5.66		3	5.66			Excluded		53	
		TOTAL		306	12.19		728	29.00		79	3.15		182	7.25		100	3.98		1115	44.42					2510	
	THIRD			5	6.33		10	12.66			Excluded		7	8.86		7	8.86		50	63.29					79	
		TOTAL		311	12.39		738	29.40					189	7.53		107	4.26		1165	46.41					2510	
	FOURTH			16	14.95		50	46.73					12	11.21			Excluded		29	27.10					107	
		TOTAL		327	13.03		788	31.39					201	8.01					1194	47.57					2510	
	FIFTH			116	57.71		56	27.86						Excluded					29	14.43					201	
		TOTAL		443	17.65		844	33.63											1223	48.73					2510	
	SIXTH				Excluded		361	81.49											82	18.51					443	
		TOTAL					1205	48.01											1305	51.99					2510	
																			Elected							
																										
Springwood North                                               																										
	FIRST			127	6.54		531	27.34		47	2.42		156	8.03		68	3.50		995	51.24		18	0.93		1942	
	SECOND			8	44.44		3	16.67		2	11.11		2	11.11		1	5.56		2	11.11			Excluded		18	
		TOTAL		135	6.95		534	27.50		49	2.52		158	8.14		69	3.55		997	51.34					1942	
	THIRD			8	16.33		1	2.04			Excluded		4	8.16		2	4.08		34	69.39					49	
		TOTAL		143	7.36		535	27.55					162	8.34		71	3.66		1031	53.09					1942	
	FOURTH			7	9.86		39	54.93					6	8.45			Excluded		19	26.76					71	
		TOTAL		150	7.72		574	29.56					168	8.65					1050	54.07					1942	
	FIFTH			107	63.69		34	20.24						Excluded					27	16.07					168	
		TOTAL		257	13.23		608	31.31											1077	55.46					1942	
	SIXTH				Excluded		191	74.32											66	25.68					257	
		TOTAL					799	41.14											1143	58.86					1942	
																			Elected							
																										
Springwood South                                               																										
	FIRST			120	7.66		435	27.76		59	3.77		84	5.36		58	3.70		783	49.97		28	1.79		1567	
	SECOND			13	46.43		3	10.71		0	0.00		5	17.86		4	14.29		3	10.71			Excluded		28	
		TOTAL		133	8.49		438	27.95		59	3.77		89	5.68		62	3.96		786	50.16					1567	
	THIRD			8	13.56		5	8.47			Excluded		9	15.25		4	6.78		33	55.93					59	
		TOTAL		141	9.00		443	28.27					98	6.25		66	4.21		819	52.27					1567	
	FOURTH			11	16.67		20	30.30					6	9.09			Excluded		29	43.94					66	
		TOTAL		152	9.70		463	29.55					104	6.64					848	54.12					1567	
	FIFTH			55	52.88		27	25.96						Excluded					22	21.15					104	
		TOTAL		207	13.21		490	31.27											870	55.52					1567	
	SIXTH				Excluded		155	74.88											52	25.12					207	
		TOTAL					645	41.16											922	58.84					1567	
																			Elected							
																										
St Albans                                                      																										
	FIRST			20	13.79		39	26.90		2	1.38		4	2.76		5	3.45		75	51.72		0	0.00		145	
	SECOND			0	0.00		0	0.00		0	0.00		0	0.00		0	0.00		0	0.00			Excluded		0	
		TOTAL		20	13.79		39	26.90		2	1.38		4	2.76		5	3.45		75	51.72					145	
	THIRD			0	0.00		1	50.00			Excluded		0	0.00		0	0.00		1	50.00					2	
		TOTAL		20	13.79		40	27.59					4	2.76		5	3.45		76	52.41					145	
	FOURTH			2	40.00		1	20.00					0	0.00			Excluded		2	40.00					5	
		TOTAL		22	15.17		41	28.28					4	2.76					78	53.79					145	
	FIFTH			4	100.00		0	0.00						Excluded					0	0.00					4	
		TOTAL		26	17.93		41	28.28											78	53.79					145	
	SIXTH				Excluded		22	84.62											4	15.38					26	
		TOTAL					63	43.45											82	56.55					145	
																			Elected							
																										
Sydney (Macquarie)                                             																										
	FIRST			21	20.39		25	24.27		0	0.00		9	8.74		5	4.85		41	39.81		2	1.94		103	
	SECOND			1	50.00		0	0.00		0	0.00		0	0.00		0	0.00		1	50.00			Excluded		2	
		TOTAL		22	21.36		25	24.27		0	0.00		9	8.74		5	4.85		42	40.78					103	
	THIRD			0	0.00		0	0.00			Excluded		0	0.00		0	0.00		0	0.00					0	
		TOTAL		22	21.36		25	24.27					9	8.74		5	4.85		42	40.78					103	
	FOURTH			0	0.00		0	0.00					3	60.00			Excluded		2	40.00					5	
		TOTAL		22	21.36		25	24.27					12	11.65					44	42.72					103	
	FIFTH			6	50.00		5	41.67						Excluded					1	8.33					12	
		TOTAL		28	27.18		30	29.13											45	43.69					103	
	SIXTH				Excluded		24	85.71											4	14.29					28	
		TOTAL					54	52.43											49	47.57					103	
																			Elected							
																										
Tennyson                                                       																										
	FIRST			11	4.40		39	15.60		1	0.40		5	2.00		13	5.20		179	71.60		2	0.80		250	
	SECOND			1	50.00		0	0.00		0	0.00		0	0.00		1	50.00		0	0.00			Excluded		2	
		TOTAL		12	4.80		39	15.60		1	0.40		5	2.00		14	5.60		179	71.60					250	
	THIRD			0	0.00		0	0.00			Excluded		0	0.00		0	0.00		1	100.00					1	
		TOTAL		12	4.80		39	15.60					5	2.00		14	5.60		180	72.00					250	
	FOURTH			4	28.57		2	14.29					2	14.29			Excluded		6	42.86					14	
		TOTAL		16	6.40		41	16.40					7	2.80					186	74.40					250	
	FIFTH			3	42.86		4	57.14						Excluded					0	0.00					7	
		TOTAL		19	7.60		45	18.00											186	74.40					250	
	SIXTH				Excluded		12	63.16											7	36.84					19	
		TOTAL					57	22.80											193	77.20					250	
																			Elected							
																										
Valley Heights                                                 																										
	FIRST			45	5.40		244	29.29		31	3.72		49	5.88		53	6.36		399	47.90		12	1.44		833	
	SECOND			3	25.00		0	0.00		0	0.00		4	33.33		4	33.33		1	8.33			Excluded		12	
		TOTAL		48	5.76		244	29.29		31	3.72		53	6.36		57	6.84		400	48.02					833	
	THIRD			2	6.45		1	3.23			Excluded		2	6.45		4	12.90		22	70.97					31	
		TOTAL		50	6.00		245	29.41					55	6.60		61	7.32		422	50.66					833	
	FOURTH			10	16.39		29	47.54					7	11.48			Excluded		15	24.59					61	
		TOTAL		60	7.20		274	32.89					62	7.44					437	52.46					833	
	FIFTH			36	58.06		17	27.42						Excluded					9	14.52					62	
		TOTAL		96	11.52		291	34.93											446	53.54					833	
	SIXTH				Excluded		76	79.17											20	20.83					96	
		TOTAL					367	44.06											466	55.94					833	
																			Elected							
																										
Vineyard East (Macquarie)                                      																										
	FIRST			11	2.87		90	23.50		3	0.78		5	1.31		37	9.66		232	60.57		5	1.31		383	
	SECOND			0	0.00		1	20.00		0	0.00		1	20.00		0	0.00		3	60.00			Excluded		5	
		TOTAL		11	2.87		91	23.76		3	0.78		6	1.57		37	9.66		235	61.36					383	
	THIRD			0	0.00		0	0.00			Excluded		1	33.33		0	0.00		2	66.67					3	
		TOTAL		11	2.87		91	23.76					7	1.83		37	9.66		237	61.88					383	
	FOURTH			3	8.11		19	51.35					2	5.41			Excluded		13	35.14					37	
		TOTAL		14	3.66		110	28.72					9	2.35					250	65.27					383	
	FIFTH			5	55.56		2	22.22						Excluded					2	22.22					9	
		TOTAL		19	4.96		112	29.24											252	65.80					383	
	SIXTH				Excluded		15	78.95											4	21.05					19	
		TOTAL					127	33.16											256	66.84					383	
																			Elected							
																										
Warrimoo                                                       																										
	FIRST			88	9.37		311	33.12		33	3.51		57	6.07		39	4.15		394	41.96		17	1.81		939	
	SECOND			6	35.29		4	23.53		0	0.00		1	5.88		0	0.00		6	35.29			Excluded		17	
		TOTAL		94	10.01		315	33.55		33	3.51		58	6.18		39	4.15		400	42.60					939	
	THIRD			3	9.09		2	6.06			Excluded		1	3.03		0	0.00		27	81.82					33	
		TOTAL		97	10.33		317	33.76					59	6.28		39	4.15		427	45.47					939	
	FOURTH			7	17.95		8	20.51					5	12.82			Excluded		19	48.72					39	
		TOTAL		104	11.08		325	34.61					64	6.82					446	47.50					939	
	FIFTH			34	53.13		22	34.38						Excluded					8	12.50					64	
		TOTAL		138	14.70		347	36.95											454	48.35					939	
	SIXTH				Excluded		110	79.71											28	20.29					138	
		TOTAL					457	48.67											482	51.33					939	
																			Elected							
																										
Wentworth Falls                                                																										
	FIRST			261	9.87		840	31.76		48	1.81		230	8.70		96	3.63		1145	43.29		25	0.95		2645	
	SECOND			10	40.00		4	16.00		0	0.00		2	8.00		2	8.00		7	28.00			Excluded		25	
		TOTAL		271	10.25		844	31.91		48	1.81		232	8.77		98	3.71		1152	43.55					2645	
	THIRD			8	16.67		4	8.33			Excluded		3	6.25		1	2.08		32	66.67					48	
		TOTAL		279	10.55		848	32.06					235	8.88		99	3.74		1184	44.76					2645	
	FOURTH			16	16.16		50	50.51					9	9.09			Excluded		24	24.24					99	
		TOTAL		295	11.15		898	33.95					244	9.22					1208	45.67					2645	
	FIFTH			153	62.70		58	23.77						Excluded					33	13.52					244	
		TOTAL		448	16.94		956	36.14											1241	46.92					2645	
	SIXTH				Excluded		373	83.26											75	16.74					448	
		TOTAL					1329	50.25											1316	49.75					2645	
																			Elected							
																										
Wilberforce                                                    																										
	FIRST			108	6.64		270	16.61		11	0.68		47	2.89		88	5.41		1084	66.67		18	1.11		1626	
	SECOND			4	22.22		2	11.11		0	0.00		3	16.67		3	16.67		6	33.33			Excluded		18	
		TOTAL		112	6.89		272	16.73		11	0.68		50	3.08		91	5.60		1090	67.04					1626	
	THIRD			2	18.18		2	18.18			Excluded		1	9.09		0	0.00		6	54.55					11	
		TOTAL		114	7.01		274	16.85					51	3.14		91	5.60		1096	67.40					1626	
	FOURTH			18	19.78		40	43.96					10	10.99			Excluded		23	25.27					91	
		TOTAL		132	8.12		314	19.31					61	3.75					1119	68.82					1626	
	FIFTH			21	34.43		27	44.26						Excluded					13	21.31					61	
		TOTAL		153	9.41		341	20.97											1132	69.62					1626	
	SIXTH				Excluded		108	70.59											45	29.41					153	
		TOTAL					449	27.61											1177	72.39					1626	
																			Elected							
																										
Windsor                                                        																										
	FIRST			94	5.77		423	25.95		19	1.17		64	3.93		114	6.99		899	55.15		17	1.04		1630	
	SECOND			9	52.94		1	5.88		1	5.88		1	5.88		1	5.88		4	23.53			Excluded		17	
		TOTAL		103	6.32		424	26.01		20	1.23		65	3.99		115	7.06		903	55.40					1630	
	THIRD			1	5.00		7	35.00			Excluded		1	5.00		2	10.00		9	45.00					20	
		TOTAL		104	6.38		431	26.44					66	4.05		117	7.18		912	55.95					1630	
	FOURTH			23	19.66		48	41.03					9	7.69			Excluded		37	31.62					117	
		TOTAL		127	7.79		479	29.39					75	4.60					949	58.22					1630	
	FIFTH			44	58.67		16	21.33						Excluded					15	20.00					75	
		TOTAL		171	10.49		495	30.37											964	59.14					1630	
	SIXTH				Excluded		129	75.44											42	24.56					171	
		TOTAL					624	38.28											1006	61.72					1630	
																			Elected							
																										
Windsor South                                                  																										
	FIRST			121	6.08		620	31.14		36	1.81		54	2.71		142	7.13		992	49.82		26	1.31		1991	
	SECOND			8	30.77		3	11.54		1	3.85		0	0.00		5	19.23		9	34.62			Excluded		26	
		TOTAL		129	6.48		623	31.29		37	1.86		54	2.71		147	7.38		1001	50.28					1991	
	THIRD			5	13.51		6	16.22			Excluded		4	10.81		4	10.81		18	48.65					37	
		TOTAL		134	6.73		629	31.59					58	2.91		151	7.58		1019	51.18					1991	
	FOURTH			31	20.53		74	49.01					13	8.61			Excluded		33	21.85					151	
		TOTAL		165	8.29		703	35.31					71	3.57					1052	52.84					1991	
	FIFTH			28	39.44		20	28.17						Excluded					23	32.39					71	
		TOTAL		193	9.69		723	36.31											1075	53.99					1991	
	SIXTH				Excluded		131	67.88											62	32.12					193	
		TOTAL					854	42.89											1137	57.11					1991	
																			Elected							
																										
Winmalee                                                       																										
	FIRST			122	4.34		743	26.46		74	2.64		166	5.91		134	4.77		1539	54.81		30	1.07		2808	
	SECOND			5	16.67		5	16.67		3	10.00		5	16.67		9	30.00		3	10.00			Excluded		30	
		TOTAL		127	4.52		748	26.64		77	2.74		171	6.09		143	5.09		1542	54.91					2808	
	THIRD			3	3.90		5	6.49			Excluded		9	11.69		7	9.09		53	68.83					77	
		TOTAL		130	4.63		753	26.82					180	6.41		150	5.34		1595	56.80					2808	
	FOURTH			28	18.67		61	40.67					15	10.00			Excluded		46	30.67					150	
		TOTAL		158	5.63		814	28.99					195	6.94					1641	58.44					2808	
	FIFTH			118	60.51		48	24.62						Excluded					29	14.87					195	
		TOTAL		276	9.83		862	30.70											1670	59.47					2808	
	SIXTH				Excluded		195	70.65											81	29.35					276	
		TOTAL					1057	37.64											1751	62.36					2808	
																			Elected							
																										
Wisemans Ferry (Macquarie)                                     																										
	FIRST			16	8.38		45	23.56		2	1.05		7	3.66		9	4.71		112	58.64		0	0.00		191	
	SECOND			0	0.00		0	0.00		0	0.00		0	0.00		0	0.00		0	0.00			Excluded		0	
		TOTAL		16	8.38		45	23.56		2	1.05		7	3.66		9	4.71		112	58.64					191	
	THIRD			0	0.00		1	50.00			Excluded		0	0.00		1	50.00		0	0.00					2	
		TOTAL		16	8.38		46	24.08					7	3.66		10	5.24		112	58.64					191	
	FOURTH			1	10.00		2	20.00					1	10.00			Excluded		6	60.00					10	
		TOTAL		17	8.90		48	25.13					8	4.19					118	61.78					191	
	FIFTH			4	50.00		4	50.00						Excluded					0	0.00					8	
		TOTAL		21	10.99		52	27.23											118	61.78					191	
	SIXTH				Excluded		17	80.95											4	19.05					21	
		TOTAL					69	36.13											122	63.87					191	
																			Elected							
																										
Woodford                                                       																										
	FIRST			101	11.66		286	33.03		10	1.15		65	7.51		40	4.62		352	40.65		12	1.39		866	
	SECOND			4	33.33		2	16.67		0	0.00		1	8.33		0	0.00		5	41.67			Excluded		12	
		TOTAL		105	12.12		288	33.26		10	1.15		66	7.62		40	4.62		357	41.22					866	
	THIRD			2	20.00		2	20.00			Excluded		0	0.00		0	0.00		6	60.00					10	
		TOTAL		107	12.36		290	33.49					66	7.62		40	4.62		363	41.92					866	
	FOURTH			11	27.50		12	30.00					4	10.00			Excluded		13	32.50					40	
		TOTAL		118	13.63		302	34.87					70	8.08					376	43.42					866	
	FIFTH			34	48.57		27	38.57						Excluded					9	12.86					70	
		TOTAL		152	17.55		329	37.99											385	44.46					866	
	SIXTH				Excluded		123	80.92											29	19.08					152	
		TOTAL					452	52.19											414	47.81					866	
																			Elected							
																										
Yarramundi                                                     																										
	FIRST			8	3.01		43	16.17		7	2.63		11	4.14		15	5.64		176	66.17		6	2.26		266	
	SECOND			4	66.67		1	16.67		0	0.00		0	0.00		1	16.67		0	0.00			Excluded		6	
		TOTAL		12	4.51		44	16.54		7	2.63		11	4.14		16	6.02		176	66.17					266	
	THIRD			0	0.00		1	14.29			Excluded		0	0.00		0	0.00		6	85.71					7	
		TOTAL		12	4.51		45	16.92					11	4.14		16	6.02		182	68.42					266	
	FOURTH			3	18.75		4	25.00					0	0.00			Excluded		9	56.25					16	
		TOTAL		15	5.64		49	18.42					11	4.14					191	71.80					266	
	FIFTH			5	45.45		4	36.36						Excluded					2	18.18					11	
		TOTAL		20	7.52		53	19.92											193	72.56					266	
	SIXTH				Excluded		14	70.00											6	30.00					20	
		TOTAL					67	25.19											199	74.81					266	
																			Elected							
																										
Special Hospital Team 1                                        																										
	FIRST			3	3.61		26	31.33		1	1.20		2	2.41		4	4.82		47	56.63		0	0.00		83	
	SECOND			0	0.00		0	0.00		0	0.00		0	0.00		0	0.00		0	0.00			Excluded		0	
		TOTAL		3	3.61		26	31.33		1	1.20		2	2.41		4	4.82		47	56.63					83	
	THIRD			0	0.00		1	100.00			Excluded		0	0.00		0	0.00		0	0.00					1	
		TOTAL		3	3.61		27	32.53					2	2.41		4	4.82		47	56.63					83	
	FOURTH			1	25.00		2	50.00					0	0.00			Excluded		1	25.00					4	
		TOTAL		4	4.82		29	34.94					2	2.41					48	57.83					83	
	FIFTH			2	100.00		0	0.00						Excluded					0	0.00					2	
		TOTAL		6	7.23		29	34.94											48	57.83					83	
	SIXTH				Excluded		5	83.33											1	16.67					6	
		TOTAL					34	40.96											49	59.04					83	
																			Elected							
																										
Special Hospital Team 2                                        																										
	FIRST			5	3.97		44	34.92		0	0.00		1	0.79		1	0.79		75	59.52		0	0.00		126	
	SECOND			0	0.00		0	0.00		0	0.00		0	0.00		0	0.00		0	0.00			Excluded		0	
		TOTAL		5	3.97		44	34.92		0	0.00		1	0.79		1	0.79		75	59.52					126	
	THIRD			0	0.00		0	0.00			Excluded		0	0.00		0	0.00		0	0.00					0	
		TOTAL		5	3.97		44	34.92					1	0.79		1	0.79		75	59.52					126	
	FOURTH			0	0.00		1	100.00					0	0.00			Excluded		0	0.00					1	
		TOTAL		5	3.97		45	35.71					1	0.79					75	59.52					126	
	FIFTH			0	0.00		0	0.00						Excluded					1	100.00					1	
		TOTAL		5	3.97		45	35.71											76	60.32					126	
	SIXTH				Excluded		4	80.00											1	20.00					5	
		TOTAL					49	38.89											77	61.11					126	
																			Elected							
																										
ABSENT																										
	FIRST			724	12.93		1452	25.93		126	2.25		365	6.52		297	5.30		2527	45.13		109	1.95		5600	
	SECOND			37	33.94		14	12.84		2	1.83		20	18.35		14	12.84		22	20.18			Excluded		109	
		TOTAL		761	13.59		1466	26.18		128	2.29		385	6.88		311	5.55		2549	45.52					5600	
	THIRD			8	6.25		26	20.31			Excluded		15	11.72		13	10.16		66	51.56					128	
		TOTAL		769	13.73		1492	26.64					400	7.14		324	5.79		2615	46.70					5600	
	FOURTH			76	23.46		59	18.21					41	12.65			Excluded		148	45.68					324	
		TOTAL		845	15.09		1551	27.70					441	7.88					2763	49.34					5600	
	FIFTH			209	47.39		142	32.20						Excluded					90	20.41					441	
		TOTAL		1054	18.82		1693	30.23											2853	50.95					5600	
	SIXTH				Excluded		791	75.05											263	24.95					1054	
		TOTAL					2484	44.36											3116	55.64					5600	
																			Elected							
																										
POSTAL																										
	FIRST			135	4.76		727	25.65		50	1.76		140	4.94		124	4.38		1622	57.23		36	1.27		2834	
	SECOND			10	27.78		6	16.67		0	0.00		1	2.78		4	11.11		15	41.67			Excluded		36	
		TOTAL		145	5.12		733	25.86		50	1.76		141	4.98		128	4.52		1637	57.76					2834	
	THIRD			1	2.00		3	6.00			Excluded		8	16.00		6	12.00		32	64.00					50	
		TOTAL		146	5.15		736	25.97					149	5.26		134	4.73		1669	58.89					2834	
	FOURTH			16	11.94		36	26.87					19	14.18			Excluded		63	47.01					134	
		TOTAL		162	5.72		772	27.24					168	5.93					1732	61.12					2834	
	FIFTH			67	39.88		61	36.31						Excluded					40	23.81					168	
		TOTAL		229	8.08		833	29.39											1772	62.53					2834	
	SIXTH				Excluded		171	74.67											58	25.33					229	
		TOTAL					1004	35.43											1830	64.57					2834	
																			Elected							
																										
PRE POLL																										
	FIRST			288	7.65		1049	27.88		65	1.73		248	6.59		186	4.94		1877	49.88		50	1.33		3763	
	SECOND			19	38.00		7	14.00		2	4.00		4	8.00		5	10.00		13	26.00			Excluded		50	
		TOTAL		307	8.16		1056	28.06		67	1.78		252	6.70		191	5.08		1890	50.23					3763	
	THIRD			8	11.94		8	11.94			Excluded		9	13.43		6	8.96		36	53.73					67	
		TOTAL		315	8.37		1064	28.28					261	6.94		197	5.24		1926	51.18					3763	
	FOURTH			41	20.81		43	21.83					23	11.68			Excluded		90	45.69					197	
		TOTAL		356	9.46		1107	29.42					284	7.55					2016	53.57					3763	
	FIFTH			136	47.89		86	30.28						Excluded					62	21.83					284	
		TOTAL		492	13.07		1193	31.70											2078	55.22					3763	
	SIXTH				Excluded		374	76.02											118	23.98					492	
		TOTAL					1567	41.64											2196	58.36					3763	
																			Elected							
																										
PROVISIONAL																										
	FIRST			42	11.63		100	27.70		7	1.94		24	6.65		19	5.26		167	46.26		2	0.55		361	
	SECOND			0	0.00		0	0.00		1	50.00		0	0.00		0	0.00		1	50.00			Excluded		2	
		TOTAL		42	11.63		100	27.70		8	2.22		24	6.65		19	5.26		168	46.54					361	
	THIRD			1	12.50		3	37.50			Excluded		1	12.50		1	12.50		2	25.00					8	
		TOTAL		43	11.91		103	28.53					25	6.93		20	5.54		170	47.09					361	
	FOURTH			0	0.00		7	35.00					3	15.00			Excluded		10	50.00					20	
		TOTAL		43	11.91		110	30.47					28	7.76					180	49.86					361	
	FIFTH			21	75.00		5	17.86						Excluded					2	7.14					28	
		TOTAL		64	17.73		115	31.86											182	50.42					361	
	SIXTH				Excluded		52	81.25											12	18.75					64	
		TOTAL					167	46.26											194	53.74					361	
																			Elected							
																										
																										
																										
																										
																										
																										
																										
																										
																										
																										
																										
																										
																										
																										
																										
																										
																										
																										
																										
																										
																										
																										
																										
																										
																										
																										
																										
																										
																										
																										
																										
																										
																										
																										
																										
																										
																										
																										
																										
																										
																										
																										
																										
																										
																										
																										
																										
																										
																										
																										
																										
																										
																										
																										
																										
																										
																										
																										
																										
																										
																										
																										
																										
																										
																										
																										
																										
																										
																										
																										
																										
																										
																										
																										
																										
																										
																										
																										
																										
																										
																										
																										
																										
																										
																										
																										
																										
																										
																										
																										
																										
																										
																										
																										
																										
																										
																										
																										
																										
																										
																										
																										
																										
																										
																										
																										
																										
																										
																										
																										
																										
																										
																										
																										
																										
																										
																										
																										
																										
																										
																										
																										
																										
																										
																										
																										
																										
																										
																										
																										
																										
																										
																										
																										
																										
																										
																										
																										
																										
																										
																										
																										
																										
																										
																										
																										
																										
																										
																										
																										
																										
																										
																										
																										
																										
																										
																										
																										
																										
																										
																										
																										
																										
																										
																										
																										
																										
																										
																										
																										
																										
																										
																										
																										
																										
																										
																										
																										
																										
																										
																										
																										
																										
																										
																										
																										
																										
																										
																										
																										
																										
																										
																										
																										
																										
																										
																										
																										
																										
																										
																										
																										
																										
																										
																										
																										
																										
																										
																										
																										
																										
																										
																										
																										
																										
																										
																										
																										
																										
																										
																										
																										
																										
																										
																										
																										
																										
																										
																										
																										
																										
																										
																										
																										
																										
																										
																										
																										
																										
																										
																										
																										
																										
																										
																										
																										
																										
																										
