House of Representatives - 2001 Election: New South Wales																									
Distribution of Preferences 																									
By Polling Place																									
																									
Charlton																									
				HOARE			BLYTH			KENDALL			PATERSON			BELL			JOHNSON			THORPE			
				Kelly			David			Jim			Lindsay			Joshua			Bob			John			
				ALP			GRN			CTA			LP			DEM			HAN			UNI			
	Count			Votes	%		Votes	%		Votes	%		Votes	%		Votes	%		Votes	%		Votes	%		Total
Ambleside                                                      																									
	FIRST			783	41.41		75	3.97		51	2.70		755	39.93		105	5.55		117	6.19		5	0.26		1891
	SECOND			2	40.00		0	0.00		0	0.00		1	20.00		0	0.00		2	40.00			Excluded		5
		TOTAL		785	41.51		75	3.97		51	2.70		756	39.98		105	5.55		119	6.29					1891
	THIRD			8	15.69		6	11.76			Excluded		27	52.94		3	5.88		7	13.73					51
		TOTAL		793	41.94		81	4.28					783	41.41		108	5.71		126	6.66					1891
	FOURTH			31	38.27			Excluded					13	16.05		35	43.21		2	2.47					81
		TOTAL		824	43.57								796	42.09		143	7.56		128	6.77					1891
	FIFTH			74	51.75								50	34.97			Excluded		19	13.29					143
		TOTAL		898	47.49								846	44.74					147	7.77					1891
	SIXTH			58	39.46								89	60.54						Excluded					147
		TOTAL		956	50.56								935	49.44											1891
				Elected																					
																									
Arcadia Vale                                                   																									
	FIRST			384	49.93		23	2.99		13	1.69		185	24.06		43	5.59		116	15.08		5	0.65		769
	SECOND			0	0.00		2	40.00		0	0.00		0	0.00		1	20.00		2	40.00			Excluded		5
		TOTAL		384	49.93		25	3.25		13	1.69		185	24.06		44	5.72		118	15.34					769
	THIRD			3	23.08		0	0.00			Excluded		8	61.54		2	15.38		0	0.00					13
		TOTAL		387	50.33		25	3.25					193	25.10		46	5.98		118	15.34					769
	FOURTH			7	28.00			Excluded					6	24.00		9	36.00		3	12.00					25
		TOTAL		394	51.24								199	25.88		55	7.15		121	15.73					769
	FIFTH			33	60.00								18	32.73			Excluded		4	7.27					55
		TOTAL		427	55.53								217	28.22					125	16.25					769
	SIXTH			36	28.80								89	71.20						Excluded					125
		TOTAL		463	60.21								306	39.79											769
				Elected																					
																									
Argenton                                                       																									
	FIRST			547	68.12		27	3.36		17	2.12		125	15.57		24	2.99		60	7.47		3	0.37		803
	SECOND			0	0.00		0	0.00		0	0.00		0	0.00		0	0.00		3	100.00			Excluded		3
		TOTAL		547	68.12		27	3.36		17	2.12		125	15.57		24	2.99		63	7.85					803
	THIRD			2	11.76		3	17.65			Excluded		7	41.18		3	17.65		2	11.76					17
		TOTAL		549	68.37		30	3.74					132	16.44		27	3.36		65	8.09					803
	FOURTH			11	36.67			Excluded					5	16.67		10	33.33		4	13.33					30
		TOTAL		560	69.74								137	17.06		37	4.61		69	8.59					803
	FIFTH			20	54.05								12	32.43			Excluded		5	13.51					37
		TOTAL		580	72.23								149	18.56					74	9.22					803
	SIXTH			44	59.46								30	40.54						Excluded					74
		TOTAL		624	77.71								179	22.29											803
				Elected																					
																									
Awaba                                                          																									
	FIRST			119	55.35		19	8.84		2	0.93		35	16.28		10	4.65		30	13.95		0	0.00		215
	SECOND			0	0.00		0	0.00		0	0.00		0	0.00		0	0.00		0	0.00			Excluded		0
		TOTAL		119	55.35		19	8.84		2	0.93		35	16.28		10	4.65		30	13.95					215
	THIRD			0	0.00		0	0.00			Excluded		2	100.00		0	0.00		0	0.00					2
		TOTAL		119	55.35		19	8.84					37	17.21		10	4.65		30	13.95					215
	FOURTH			9	47.37			Excluded					3	15.79		6	31.58		1	5.26					19
		TOTAL		128	59.53								40	18.60		16	7.44		31	14.42					215
	FIFTH			11	68.75								2	12.50			Excluded		3	18.75					16
		TOTAL		139	64.65								42	19.53					34	15.81					215
	SIXTH			11	32.35								23	67.65						Excluded					34
		TOTAL		150	69.77								65	30.23											215
				Elected																					
																									
Barnsley                                                       																									
	FIRST			595	54.74		36	3.31		27	2.48		227	20.88		51	4.69		143	13.16		8	0.74		1087
	SECOND			1	12.50		2	25.00		0	0.00		0	0.00		3	37.50		2	25.00			Excluded		8
		TOTAL		596	54.83		38	3.50		27	2.48		227	20.88		54	4.97		145	13.34					1087
	THIRD			3	11.11		4	14.81			Excluded		17	62.96		0	0.00		3	11.11					27
		TOTAL		599	55.11		42	3.86					244	22.45		54	4.97		148	13.62					1087
	FOURTH			12	28.57			Excluded					9	21.43		14	33.33		7	16.67					42
		TOTAL		611	56.21								253	23.28		68	6.26		155	14.26					1087
	FIFTH			36	52.94								18	26.47			Excluded		14	20.59					68
		TOTAL		647	59.52								271	24.93					169	15.55					1087
	SIXTH			66	39.05								103	60.95						Excluded					169
		TOTAL		713	65.59								374	34.41											1087
				Elected																					
																									
Biraban                                                        																									
	FIRST			697	63.71		22	2.01		25	2.29		219	20.02		37	3.38		88	8.04		6	0.55		1094
	SECOND			2	33.33		0	0.00		0	0.00		0	0.00		1	16.67		3	50.00			Excluded		6
		TOTAL		699	63.89		22	2.01		25	2.29		219	20.02		38	3.47		91	8.32					1094
	THIRD			5	20.00		1	4.00			Excluded		10	40.00		5	20.00		4	16.00					25
		TOTAL		704	64.35		23	2.10					229	20.93		43	3.93		95	8.68					1094
	FOURTH			9	39.13			Excluded					3	13.04		9	39.13		2	8.70					23
		TOTAL		713	65.17								232	21.21		52	4.75		97	8.87					1094
	FIFTH			29	55.77								11	21.15			Excluded		12	23.08					52
		TOTAL		742	67.82								243	22.21					109	9.96					1094
	SIXTH			52	47.71								57	52.29						Excluded					109
		TOTAL		794	72.58								300	27.42											1094
				Elected																					
																									
Blackalls                                                      																									
	FIRST			807	56.12		84	5.84		47	3.27		305	21.21		65	4.52		123	8.55		7	0.49		1438
	SECOND			3	42.86		2	28.57		0	0.00		0	0.00		1	14.29		1	14.29			Excluded		7
		TOTAL		810	56.33		86	5.98		47	3.27		305	21.21		66	4.59		124	8.62					1438
	THIRD			12	25.53		7	14.89			Excluded		24	51.06		3	6.38		1	2.13					47
		TOTAL		822	57.16		93	6.47					329	22.88		69	4.80		125	8.69					1438
	FOURTH			36	38.71			Excluded					11	11.83		38	40.86		8	8.60					93
		TOTAL		858	59.67								340	23.64		107	7.44		133	9.25					1438
	FIFTH			68	63.55								22	20.56			Excluded		17	15.89					107
		TOTAL		926	64.39								362	25.17					150	10.43					1438
	SIXTH			74	49.33								76	50.67						Excluded					150
		TOTAL		1000	69.54								438	30.46											1438
				Elected																					
																									
Bolton Point                                                   																									
	FIRST			295	49.33		26	4.35		14	2.34		167	27.93		30	5.02		64	10.70		2	0.33		598
	SECOND			0	0.00		0	0.00		0	0.00		0	0.00		0	0.00		2	100.00			Excluded		2
		TOTAL		295	49.33		26	4.35		14	2.34		167	27.93		30	5.02		66	11.04					598
	THIRD			1	7.14		3	21.43			Excluded		7	50.00		3	21.43		0	0.00					14
		TOTAL		296	49.50		29	4.85					174	29.10		33	5.52		66	11.04					598
	FOURTH			9	31.03			Excluded					2	6.90		18	62.07		0	0.00					29
		TOTAL		305	51.00								176	29.43		51	8.53		66	11.04					598
	FIFTH			28	54.90								16	31.37			Excluded		7	13.73					51
		TOTAL		333	55.69								192	32.11					73	12.21					598
	SIXTH			35	47.95								38	52.05						Excluded					73
		TOTAL		368	61.54								230	38.46											598
				Elected																					
																									
Bonnells Bay                                                   																									
	FIRST			1048	38.36		136	4.98		50	1.83		1135	41.54		114	4.17		238	8.71		11	0.40		2732
	SECOND			4	36.36		0	0.00		0	0.00		1	9.09		3	27.27		3	27.27			Excluded		11
		TOTAL		1052	38.51		136	4.98		50	1.83		1136	41.58		117	4.28		241	8.82					2732
	THIRD			5	10.00		5	10.00			Excluded		32	64.00		6	12.00		2	4.00					50
		TOTAL		1057	38.69		141	5.16					1168	42.75		123	4.50		243	8.89					2732
	FOURTH			46	32.62			Excluded					19	13.48		61	43.26		15	10.64					141
		TOTAL		1103	40.37								1187	43.45		184	6.73		258	9.44					2732
	FIFTH			105	57.07								52	28.26			Excluded		27	14.67					184
		TOTAL		1208	44.22								1239	45.35					285	10.43					2732
	SIXTH			103	36.14								182	63.86						Excluded					285
		TOTAL		1311	47.99								1421	52.01											2732
				Elected																					
																									
Booragul                                                       																									
	FIRST			662	51.52		52	4.05		23	1.79		348	27.08		68	5.29		124	9.65		8	0.62		1285
	SECOND			1	12.50		1	12.50		0	0.00		0	0.00		3	37.50		3	37.50			Excluded		8
		TOTAL		663	51.60		53	4.12		23	1.79		348	27.08		71	5.53		127	9.88					1285
	THIRD			4	17.39		4	17.39			Excluded		11	47.83		1	4.35		3	13.04					23
		TOTAL		667	51.91		57	4.44					359	27.94		72	5.60		130	10.12					1285
	FOURTH			21	36.84			Excluded					12	21.05		18	31.58		6	10.53					57
		TOTAL		688	53.54								371	28.87		90	7.00		136	10.58					1285
	FIFTH			48	53.33								25	27.78			Excluded		17	18.89					90
		TOTAL		736	57.28								396	30.82					153	11.91					1285
	SIXTH			56	36.60								97	63.40						Excluded					153
		TOTAL		792	61.63								493	38.37											1285
				Elected																					
																									
C.A.Brown Village                                              																									
	FIRST			69	61.06		1	0.88		1	0.88		35	30.97		1	0.88		5	4.42		1	0.88		113
	SECOND			0	0.00		0	0.00		0	0.00		0	0.00		1	100.00		0	0.00			Excluded		1
		TOTAL		69	61.06		1	0.88		1	0.88		35	30.97		2	1.77		5	4.42					113
	THIRD			0	0.00		0	0.00			Excluded		1	100.00		0	0.00		0	0.00					1
		TOTAL		69	61.06		1	0.88					36	31.86		2	1.77		5	4.42					113
	FOURTH			0	0.00			Excluded					0	0.00		1	100.00		0	0.00					1
		TOTAL		69	61.06								36	31.86		3	2.65		5	4.42					113
	FIFTH			1	33.33								2	66.67			Excluded		0	0.00					3
		TOTAL		70	61.95								38	33.63					5	4.42					113
	SIXTH			4	80.00								1	20.00						Excluded					5
		TOTAL		74	65.49								39	34.51											113
				Elected																					
																									
Cardiff                                                        																									
	FIRST			1075	48.31		109	4.90		69	3.10		680	30.56		93	4.18		190	8.54		9	0.40		2225
	SECOND			2	22.22		4	44.44		0	0.00		0	0.00		1	11.11		2	22.22			Excluded		9
		TOTAL		1077	48.40		113	5.08		69	3.10		680	30.56		94	4.22		192	8.63					2225
	THIRD			8	11.59		8	11.59			Excluded		46	66.67		3	4.35		4	5.80					69
		TOTAL		1085	48.76		121	5.44					726	32.63		97	4.36		196	8.81					2225
	FOURTH			47	38.84			Excluded					14	11.57		50	41.32		10	8.26					121
		TOTAL		1132	50.88								740	33.26		147	6.61		206	9.26					2225
	FIFTH			82	55.78								45	30.61			Excluded		20	13.61					147
		TOTAL		1214	54.56								785	35.28					226	10.16					2225
	SIXTH			83	36.73								143	63.27						Excluded					226
		TOTAL		1297	58.29								928	41.71											2225
				Elected																					
																									
Cardiff East                                                   																									
	FIRST			440	59.06		37	4.97		19	2.55		170	22.82		25	3.36		53	7.11		1	0.13		745
	SECOND			0	0.00		1	100.00		0	0.00		0	0.00		0	0.00		0	0.00			Excluded		1
		TOTAL		440	59.06		38	5.10		19	2.55		170	22.82		25	3.36		53	7.11					745
	THIRD			3	15.79		3	15.79			Excluded		10	52.63		3	15.79		0	0.00					19
		TOTAL		443	59.46		41	5.50					180	24.16		28	3.76		53	7.11					745
	FOURTH			14	34.15			Excluded					5	12.20		20	48.78		2	4.88					41
		TOTAL		457	61.34								185	24.83		48	6.44		55	7.38					745
	FIFTH			28	58.33								14	29.17			Excluded		6	12.50					48
		TOTAL		485	65.10								199	26.71					61	8.19					745
	SIXTH			29	47.54								32	52.46						Excluded					61
		TOTAL		514	68.99								231	31.01											745
				Elected																					
																									
Cardiff Heights                                                																									
	FIRST			512	35.12		116	7.96		51	3.50		603	41.36		84	5.76		87	5.97		5	0.34		1458
	SECOND			0	0.00		2	40.00		0	0.00		0	0.00		3	60.00		0	0.00			Excluded		5
		TOTAL		512	35.12		118	8.09		51	3.50		603	41.36		87	5.97		87	5.97					1458
	THIRD			6	11.76		5	9.80			Excluded		28	54.90		9	17.65		3	5.88					51
		TOTAL		518	35.53		123	8.44					631	43.28		96	6.58		90	6.17					1458
	FOURTH			37	30.08			Excluded					14	11.38		68	55.28		4	3.25					123
		TOTAL		555	38.07								645	44.24		164	11.25		94	6.45					1458
	FIFTH			111	67.68								42	25.61			Excluded		11	6.71					164
		TOTAL		666	45.68								687	47.12					105	7.20					1458
	SIXTH			40	38.10								65	61.90						Excluded					105
		TOTAL		706	48.42								752	51.58											1458
				Elected																					
																									
Cardiff North                                                  																									
	FIRST			649	46.49		79	5.66		41	2.94		429	30.73		94	6.73		100	7.16		4	0.29		1396
	SECOND			0	0.00		2	50.00		0	0.00		0	0.00		1	25.00		1	25.00			Excluded		4
		TOTAL		649	46.49		81	5.80		41	2.94		429	30.73		95	6.81		101	7.23					1396
	THIRD			9	21.95		7	17.07			Excluded		18	43.90		1	2.44		6	14.63					41
		TOTAL		658	47.13		88	6.30					447	32.02		96	6.88		107	7.66					1396
	FOURTH			25	28.41			Excluded					10	11.36		48	54.55		5	5.68					88
		TOTAL		683	48.93								457	32.74		144	10.32		112	8.02					1396
	FIFTH			92	63.89								33	22.92			Excluded		19	13.19					144
		TOTAL		775	55.52								490	35.10					131	9.38					1396
	SIXTH			61	46.56								70	53.44						Excluded					131
		TOTAL		836	59.89								560	40.11											1396
				Elected																					
																									
Cardiff South                                                  																									
	FIRST			854	54.85		118	7.58		36	2.31		375	24.08		61	3.92		91	5.84		22	1.41		1557
	SECOND			6	27.27		4	18.18		1	4.55		0	0.00		7	31.82		4	18.18			Excluded		22
		TOTAL		860	55.23		122	7.84		37	2.38		375	24.08		68	4.37		95	6.10					1557
	THIRD			3	8.11		3	8.11			Excluded		24	64.86		3	8.11		4	10.81					37
		TOTAL		863	55.43		125	8.03					399	25.63		71	4.56		99	6.36					1557
	FOURTH			40	32.00			Excluded					21	16.80		54	43.20		10	8.00					125
		TOTAL		903	58.00								420	26.97		125	8.03		109	7.00					1557
	FIFTH			77	61.60								34	27.20			Excluded		14	11.20					125
		TOTAL		980	62.94								454	29.16					123	7.90					1557
	SIXTH			56	45.53								67	54.47						Excluded					123
		TOTAL		1036	66.54								521	33.46											1557
				Elected																					
																									
Carey Bay                                                      																									
	FIRST			309	31.43		59	6.00		14	1.42		472	48.02		49	4.98		80	8.14		0	0.00		983
	SECOND			0	0.00		0	0.00		0	0.00		0	0.00		0	0.00		0	0.00			Excluded		0
		TOTAL		309	31.43		59	6.00		14	1.42		472	48.02		49	4.98		80	8.14					983
	THIRD			0	0.00		2	14.29			Excluded		9	64.29		3	21.43		0	0.00					14
		TOTAL		309	31.43		61	6.21					481	48.93		52	5.29		80	8.14					983
	FOURTH			19	31.15			Excluded					12	19.67		29	47.54		1	1.64					61
		TOTAL		328	33.37								493	50.15		81	8.24		81	8.24					983
	FIFTH			40	49.38								34	41.98			Excluded		7	8.64					81
		TOTAL		368	37.44								527	53.61					88	8.95					983
	SIXTH			21	23.86								67	76.14						Excluded					88
		TOTAL		389	39.57								594	60.43											983
				Elected																					
																									
Charlestown South                                              																									
	FIRST			520	48.55		46	4.30		45	4.20		359	33.52		42	3.92		58	5.42		1	0.09		1071
	SECOND			1	100.00		0	0.00		0	0.00		0	0.00		0	0.00		0	0.00			Excluded		1
		TOTAL		521	48.65		46	4.30		45	4.20		359	33.52		42	3.92		58	5.42					1071
	THIRD			5	11.11		2	4.44			Excluded		35	77.78		2	4.44		1	2.22					45
		TOTAL		526	49.11		48	4.48					394	36.79		44	4.11		59	5.51					1071
	FOURTH			19	39.58			Excluded					8	16.67		18	37.50		3	6.25					48
		TOTAL		545	50.89								402	37.54		62	5.79		62	5.79					1071
	FIFTH			34	54.84								25	40.32			Excluded		3	4.84					62
		TOTAL		579	54.06								427	39.87					65	6.07					1071
	SIXTH			29	44.62								36	55.38						Excluded					65
		TOTAL		608	56.77								463	43.23											1071
				Elected																					
																									
Coal Point                                                     																									
	FIRST			264	30.10		57	6.50		8	0.91		438	49.94		57	6.50		47	5.36		6	0.68		877
	SECOND			0	0.00		1	16.67		2	33.33		1	16.67		2	33.33		0	0.00			Excluded		6
		TOTAL		264	30.10		58	6.61		10	1.14		439	50.06		59	6.73		47	5.36					877
	THIRD			4	40.00		0	0.00			Excluded		6	60.00		0	0.00		0	0.00					10
		TOTAL		268	30.56		58	6.61					445	50.74		59	6.73		47	5.36					877
	FOURTH			18	31.03			Excluded					14	24.14		26	44.83		0	0.00					58
		TOTAL		286	32.61								459	52.34		85	9.69		47	5.36					877
	FIFTH			57	67.06								21	24.71			Excluded		7	8.24					85
		TOTAL		343	39.11								480	54.73					54	6.16					877
	SIXTH			22	40.74								32	59.26						Excluded					54
		TOTAL		365	41.62								512	58.38											877
				Elected																					
																									
Cooranbong                                                     																									
	FIRST			327	38.61		47	5.55		18	2.13		352	41.56		41	4.84		59	6.97		3	0.35		847
	SECOND			0	0.00		0	0.00		0	0.00		0	0.00		1	33.33		2	66.67			Excluded		3
		TOTAL		327	38.61		47	5.55		18	2.13		352	41.56		42	4.96		61	7.20					847
	THIRD			3	16.67		2	11.11			Excluded		5	27.78		4	22.22		4	22.22					18
		TOTAL		330	38.96		49	5.79					357	42.15		46	5.43		65	7.67					847
	FOURTH			12	24.49			Excluded					7	14.29		24	48.98		6	12.24					49
		TOTAL		342	40.38								364	42.98		70	8.26		71	8.38					847
	FIFTH			43	61.43								17	24.29			Excluded		10	14.29					70
		TOTAL		385	45.45								381	44.98					81	9.56					847
	SIXTH			38	46.91								43	53.09						Excluded					81
		TOTAL		423	49.94								424	50.06											847
				Elected																					
																									
Dora Creek                                                     																									
	FIRST			520	41.07		66	5.21		14	1.11		466	36.81		41	3.24		155	12.24		4	0.32		1266
	SECOND			1	25.00		1	25.00		0	0.00		1	25.00		0	0.00		1	25.00			Excluded		4
		TOTAL		521	41.15		67	5.29		14	1.11		467	36.89		41	3.24		156	12.32					1266
	THIRD			1	7.14		1	7.14			Excluded		6	42.86		3	21.43		3	21.43					14
		TOTAL		522	41.23		68	5.37					473	37.36		44	3.48		159	12.56					1266
	FOURTH			21	30.88			Excluded					6	8.82		36	52.94		5	7.35					68
		TOTAL		543	42.89								479	37.84		80	6.32		164	12.95					1266
	FIFTH			42	52.50								26	32.50			Excluded		12	15.00					80
		TOTAL		585	46.21								505	39.89					176	13.90					1266
	SIXTH			62	35.23								114	64.77						Excluded					176
		TOTAL		647	51.11								619	48.89											1266
				Elected																					
																									
Edgeworth                                                      																									
	FIRST			2025	54.57		144	3.88		99	2.67		996	26.84		116	3.13		317	8.54		14	0.38		3711
	SECOND			4	28.57		2	14.29		1	7.14		1	7.14		1	7.14		5	35.71			Excluded		14
		TOTAL		2029	54.68		146	3.93		100	2.69		997	26.87		117	3.15		322	8.68					3711
	THIRD			15	15.00		10	10.00			Excluded		59	59.00		9	9.00		7	7.00					100
		TOTAL		2044	55.08		156	4.20					1056	28.46		126	3.40		329	8.87					3711
	FOURTH			59	37.82			Excluded					24	15.38		53	33.97		20	12.82					156
		TOTAL		2103	56.67								1080	29.10		179	4.82		349	9.40					3711
	FIFTH			99	55.31								50	27.93			Excluded		30	16.76					179
		TOTAL		2202	59.34								1130	30.45					379	10.21					3711
	SIXTH			142	37.47								237	62.53						Excluded					379
		TOTAL		2344	63.16								1367	36.84											3711
				Elected																					
																									
Elermore Vale                                                  																									
	FIRST			1002	48.55		114	5.52		37	1.79		669	32.41		134	6.49		93	4.51		15	0.73		2064
	SECOND			2	13.33		2	13.33		2	13.33		2	13.33		3	20.00		4	26.67			Excluded		15
		TOTAL		1004	48.64		116	5.62		39	1.89		671	32.51		137	6.64		97	4.70					2064
	THIRD			5	12.82		4	10.26			Excluded		20	51.28		3	7.69		7	17.95					39
		TOTAL		1009	48.89		120	5.81					691	33.48		140	6.78		104	5.04					2064
	FOURTH			36	30.00			Excluded					29	24.17		44	36.67		11	9.17					120
		TOTAL		1045	50.63								720	34.88		184	8.91		115	5.57					2064
	FIFTH			109	59.24								58	31.52			Excluded		17	9.24					184
		TOTAL		1154	55.91								778	37.69					132	6.40					2064
	SIXTH			58	43.94								74	56.06						Excluded					132
		TOTAL		1212	58.72								852	41.28											2064
				Elected																					
																									
Fassifern                                                      																									
	FIRST			292	48.75		35	5.84		7	1.17		169	28.21		39	6.51		56	9.35		1	0.17		599
	SECOND			0	0.00		1	100.00		0	0.00		0	0.00		0	0.00		0	0.00			Excluded		1
		TOTAL		292	48.75		36	6.01		7	1.17		169	28.21		39	6.51		56	9.35					599
	THIRD			1	14.29		1	14.29			Excluded		4	57.14		1	14.29		0	0.00					7
		TOTAL		293	48.91		37	6.18					173	28.88		40	6.68		56	9.35					599
	FOURTH			15	40.54			Excluded					5	13.51		15	40.54		2	5.41					37
		TOTAL		308	51.42								178	29.72		55	9.18		58	9.68					599
	FIFTH			35	63.64								14	25.45			Excluded		6	10.91					55
		TOTAL		343	57.26								192	32.05					64	10.68					599
	SIXTH			33	51.56								31	48.44						Excluded					64
		TOTAL		376	62.77								223	37.23											599
				Elected																					
																									
Fennell Bay                                                    																									
	FIRST			643	52.11		52	4.21		33	2.67		302	24.47		73	5.92		127	10.29		4	0.32		1234
	SECOND			1	25.00		0	0.00		0	0.00		1	25.00		0	0.00		2	50.00			Excluded		4
		TOTAL		644	52.19		52	4.21		33	2.67		303	24.55		73	5.92		129	10.45					1234
	THIRD			2	6.06		6	18.18			Excluded		21	63.64		2	6.06		2	6.06					33
		TOTAL		646	52.35		58	4.70					324	26.26		75	6.08		131	10.62					1234
	FOURTH			18	31.03			Excluded					8	13.79		28	48.28		4	6.90					58
		TOTAL		664	53.81								332	26.90		103	8.35		135	10.94					1234
	FIFTH			66	64.08								26	25.24			Excluded		11	10.68					103
		TOTAL		730	59.16								358	29.01					146	11.83					1234
	SIXTH			48	32.88								98	67.12						Excluded					146
		TOTAL		778	63.05								456	36.95											1234
				Elected																					
																									
Garden Suburb (Charlton)                                       																									
	FIRST			506	40.54		81	6.49		54	4.33		456	36.54		71	5.69		78	6.25		2	0.16		1248
	SECOND			0	0.00		1	50.00		0	0.00		1	50.00		0	0.00		0	0.00			Excluded		2
		TOTAL		506	40.54		82	6.57		54	4.33		457	36.62		71	5.69		78	6.25					1248
	THIRD			1	1.85		4	7.41			Excluded		37	68.52		6	11.11		6	11.11					54
		TOTAL		507	40.63		86	6.89					494	39.58		77	6.17		84	6.73					1248
	FOURTH			25	29.07			Excluded					8	9.30		47	54.65		6	6.98					86
		TOTAL		532	42.63								502	40.22		124	9.94		90	7.21					1248
	FIFTH			77	62.10								34	27.42			Excluded		13	10.48					124
		TOTAL		609	48.80								536	42.95					103	8.25					1248
	SIXTH			45	43.69								58	56.31						Excluded					103
		TOTAL		654	52.40								594	47.60											1248
				Elected																					
																									
Glendale                                                       																									
	FIRST			250	62.81		16	4.02		7	1.76		79	19.85		18	4.52		26	6.53		2	0.50		398
	SECOND			0	0.00		0	0.00		0	0.00		0	0.00		1	50.00		1	50.00			Excluded		2
		TOTAL		250	62.81		16	4.02		7	1.76		79	19.85		19	4.77		27	6.78					398
	THIRD			1	14.29		3	42.86			Excluded		2	28.57		1	14.29		0	0.00					7
		TOTAL		251	63.07		19	4.77					81	20.35		20	5.03		27	6.78					398
	FOURTH			11	57.89			Excluded					0	0.00		5	26.32		3	15.79					19
		TOTAL		262	65.83								81	20.35		25	6.28		30	7.54					398
	FIFTH			11	44.00								9	36.00			Excluded		5	20.00					25
		TOTAL		273	68.59								90	22.61					35	8.79					398
	SIXTH			14	40.00								21	60.00						Excluded					35
		TOTAL		287	72.11								111	27.89											398
				Elected																					
																									
Glendale East                                                  																									
	FIRST			776	54.84		74	5.23		32	2.26		368	26.01		58	4.10		102	7.21		5	0.35		1415
	SECOND			1	20.00		1	20.00		0	0.00		1	20.00		1	20.00		1	20.00			Excluded		5
		TOTAL		777	54.91		75	5.30		32	2.26		369	26.08		59	4.17		103	7.28					1415
	THIRD			3	9.38		3	9.38			Excluded		20	62.50		2	6.25		4	12.50					32
		TOTAL		780	55.12		78	5.51					389	27.49		61	4.31		107	7.56					1415
	FOURTH			28	35.90			Excluded					12	15.38		29	37.18		9	11.54					78
		TOTAL		808	57.10								401	28.34		90	6.36		116	8.20					1415
	FIFTH			55	61.11								23	25.56			Excluded		12	13.33					90
		TOTAL		863	60.99								424	29.96					128	9.05					1415
	SIXTH			63	49.22								65	50.78						Excluded					128
		TOTAL		926	65.44								489	34.56											1415
				Elected																					
																									
Hawkins Village                                                																									
	FIRST			763	59.42		32	2.49		26	2.02		334	26.01		37	2.88		86	6.70		6	0.47		1284
	SECOND			0	0.00		0	0.00		1	16.67		1	16.67		2	33.33		2	33.33			Excluded		6
		TOTAL		763	59.42		32	2.49		27	2.10		335	26.09		39	3.04		88	6.85					1284
	THIRD			3	11.11		2	7.41			Excluded		18	66.67		2	7.41		2	7.41					27
		TOTAL		766	59.66		34	2.65					353	27.49		41	3.19		90	7.01					1284
	FOURTH			11	32.35			Excluded					7	20.59		8	23.53		8	23.53					34
		TOTAL		777	60.51								360	28.04		49	3.82		98	7.63					1284
	FIFTH			23	46.94								12	24.49			Excluded		14	28.57					49
		TOTAL		800	62.31								372	28.97					112	8.72					1284
	SIXTH			55	49.11								57	50.89						Excluded					112
		TOTAL		855	66.59								429	33.41											1284
				Elected																					
																									
Hillsborough                                                   																									
	FIRST			669	45.20		76	5.14		37	2.50		521	35.20		82	5.54		88	5.95		7	0.47		1480
	SECOND			1	14.29		1	14.29		0	0.00		0	0.00		3	42.86		2	28.57			Excluded		7
		TOTAL		670	45.27		77	5.20		37	2.50		521	35.20		85	5.74		90	6.08					1480
	THIRD			1	2.70		9	24.32			Excluded		20	54.05		6	16.22		1	2.70					37
		TOTAL		671	45.34		86	5.81					541	36.55		91	6.15		91	6.15					1480
	FOURTH			34	39.53			Excluded					14	16.28		33	38.37		5	5.81					86
		TOTAL		705	47.64								555	37.50		124	8.38		96	6.49					1480
	FIFTH			63	50.81								50	40.32			Excluded		11	8.87					124
		TOTAL		768	51.89								605	40.88					107	7.23					1480
	SIXTH			50	46.73								57	53.27						Excluded					107
		TOTAL		818	55.27								662	44.73											1480
				Elected																					
																									
Kilaben Bay                                                    																									
	FIRST			276	33.91		60	7.37		10	1.23		345	42.38		52	6.39		65	7.99		6	0.74		814
	SECOND			1	16.67		1	16.67		1	16.67		0	0.00		2	33.33		1	16.67			Excluded		6
		TOTAL		277	34.03		61	7.49		11	1.35		345	42.38		54	6.63		66	8.11					814
	THIRD			0	0.00		4	36.36			Excluded		5	45.45		2	18.18		0	0.00					11
		TOTAL		277	34.03		65	7.99					350	43.00		56	6.88		66	8.11					814
	FOURTH			18	27.69			Excluded					10	15.38		34	52.31		3	4.62					65
		TOTAL		295	36.24								360	44.23		90	11.06		69	8.48					814
	FIFTH			50	55.56								34	37.78			Excluded		6	6.67					90
		TOTAL		345	42.38								394	48.40					75	9.21					814
	SIXTH			32	42.67								43	57.33						Excluded					75
		TOTAL		377	46.31								437	53.69											814
				Elected																					
																									
Killingworth                                                   																									
	FIRST			221	58.78		12	3.19		3	0.80		101	26.86		13	3.46		22	5.85		4	1.06		376
	SECOND			0	0.00		0	0.00		1	25.00		0	0.00		2	50.00		1	25.00			Excluded		4
		TOTAL		221	58.78		12	3.19		4	1.06		101	26.86		15	3.99		23	6.12					376
	THIRD			1	25.00		0	0.00			Excluded		1	25.00		2	50.00		0	0.00					4
		TOTAL		222	59.04		12	3.19					102	27.13		17	4.52		23	6.12					376
	FOURTH			4	33.33			Excluded					4	33.33		2	16.67		2	16.67					12
		TOTAL		226	60.11								106	28.19		19	5.05		25	6.65					376
	FIFTH			10	52.63								8	42.11			Excluded		1	5.26					19
		TOTAL		236	62.77								114	30.32					26	6.91					376
	SIXTH			12	46.15								14	53.85						Excluded					26
		TOTAL		248	65.96								128	34.04											376
				Elected																					
																									
Martindale St                                                  																									
	FIRST			919	52.33		94	5.35		30	1.71		533	30.35		79	4.50		88	5.01		13	0.74		1756
	SECOND			4	30.77		1	7.69		2	15.38		0	0.00		1	7.69		5	38.46			Excluded		13
		TOTAL		923	52.56		95	5.41		32	1.82		533	30.35		80	4.56		93	5.30					1756
	THIRD			8	25.00		3	9.38			Excluded		16	50.00		0	0.00		5	15.63					32
		TOTAL		931	53.02		98	5.58					549	31.26		80	4.56		98	5.58					1756
	FOURTH			34	34.69			Excluded					11	11.22		44	44.90		9	9.18					98
		TOTAL		965	54.95								560	31.89		124	7.06		107	6.09					1756
	FIFTH			79	63.71								30	24.19			Excluded		15	12.10					124
		TOTAL		1044	59.45								590	33.60					122	6.95					1756
	SIXTH			58	47.54								64	52.46						Excluded					122
		TOTAL		1102	62.76								654	37.24											1756
				Elected																					
																									
Martinsville                                                   																									
	FIRST			54	30.51		11	6.21		2	1.13		83	46.89		9	5.08		18	10.17		0	0.00		177
	SECOND			0	0.00		0	0.00		0	0.00		0	0.00		0	0.00		0	0.00			Excluded		0
		TOTAL		54	30.51		11	6.21		2	1.13		83	46.89		9	5.08		18	10.17					177
	THIRD			0	0.00		1	50.00			Excluded		1	50.00		0	0.00		0	0.00					2
		TOTAL		54	30.51		12	6.78					84	47.46		9	5.08		18	10.17					177
	FOURTH			4	33.33			Excluded					1	8.33		6	50.00		1	8.33					12
		TOTAL		58	32.77								85	48.02		15	8.47		19	10.73					177
	FIFTH			6	40.00								7	46.67			Excluded		2	13.33					15
		TOTAL		64	36.16								92	51.98					21	11.86					177
	SIXTH			10	47.62								11	52.38						Excluded					21
		TOTAL		74	41.81								103	58.19											177
				Elected																					
																									
Morisset                                                       																									
	FIRST			678	43.46		71	4.55		34	2.18		553	35.45		77	4.94		135	8.65		12	0.77		1560
	SECOND			0	0.00		2	16.67		1	8.33		1	8.33		4	33.33		4	33.33			Excluded		12
		TOTAL		678	43.46		73	4.68		35	2.24		554	35.51		81	5.19		139	8.91					1560
	THIRD			4	11.43		4	11.43			Excluded		16	45.71		5	14.29		6	17.14					35
		TOTAL		682	43.72		77	4.94					570	36.54		86	5.51		145	9.29					1560
	FOURTH			26	33.77			Excluded					14	18.18		29	37.66		8	10.39					77
		TOTAL		708	45.38								584	37.44		115	7.37		153	9.81					1560
	FIFTH			78	67.83								26	22.61			Excluded		11	9.57					115
		TOTAL		786	50.38								610	39.10					164	10.51					1560
	SIXTH			55	33.54								109	66.46						Excluded					164
		TOTAL		841	53.91								719	46.09											1560
				Elected																					
																									
Mount Hutton (Charlton)                                        																									
	FIRST			173	41.09		25	5.94		19	4.51		161	38.24		22	5.23		19	4.51		2	0.48		421
	SECOND			0	0.00		1	50.00		1	50.00		0	0.00		0	0.00		0	0.00			Excluded		2
		TOTAL		173	41.09		26	6.18		20	4.75		161	38.24		22	5.23		19	4.51					421
	THIRD			0	0.00		2	10.00			Excluded		5	25.00		2	10.00		11	55.00					20
		TOTAL		173	41.09		28	6.65					166	39.43		24	5.70		30	7.13					421
	FOURTH			14	50.00			Excluded					5	17.86		9	32.14		0	0.00					28
		TOTAL		187	44.42								171	40.62		33	7.84		30	7.13					421
	FIFTH			22	66.67								7	21.21			Excluded		4	12.12					33
		TOTAL		209	49.64								178	42.28					34	8.08					421
	SIXTH			12	35.29								22	64.71						Excluded					34
		TOTAL		221	52.49								200	47.51											421
				Elected																					
																									
New Lambton Heights                                            																									
	FIRST			157	29.90		57	10.86		19	3.62		229	43.62		53	10.10		8	1.52		2	0.38		525
	SECOND			0	0.00		1	50.00		0	0.00		0	0.00		0	0.00		1	50.00			Excluded		2
		TOTAL		157	29.90		58	11.05		19	3.62		229	43.62		53	10.10		9	1.71					525
	THIRD			0	0.00		0	0.00			Excluded		17	89.47		2	10.53		0	0.00					19
		TOTAL		157	29.90		58	11.05					246	46.86		55	10.48		9	1.71					525
	FOURTH			17	29.31			Excluded					9	15.52		30	51.72		2	3.45					58
		TOTAL		174	33.14								255	48.57		85	16.19		11	2.10					525
	FIFTH			60	70.59								22	25.88			Excluded		3	3.53					85
		TOTAL		234	44.57								277	52.76					14	2.67					525
	SIXTH			6	42.86								8	57.14						Excluded					14
		TOTAL		240	45.71								285	54.29											525
				Elected																					
																									
Rathmines                                                      																									
	FIRST			978	42.16		112	4.83		47	2.03		832	35.86		152	6.55		185	7.97		14	0.60		2320
	SECOND			1	7.14		0	0.00		1	7.14		0	0.00		1	7.14		11	78.57			Excluded		14
		TOTAL		979	42.20		112	4.83		48	2.07		832	35.86		153	6.59		196	8.45					2320
	THIRD			3	6.25		4	8.33			Excluded		30	62.50		4	8.33		7	14.58					48
		TOTAL		982	42.33		116	5.00					862	37.16		157	6.77		203	8.75					2320
	FOURTH			31	26.72			Excluded					20	17.24		52	44.83		13	11.21					116
		TOTAL		1013	43.66								882	38.02		209	9.01		216	9.31					2320
	FIFTH			133	63.64								59	28.23			Excluded		17	8.13					209
		TOTAL		1146	49.40								941	40.56					233	10.04					2320
	SIXTH			98	42.06								135	57.94						Excluded					233
		TOTAL		1244	53.62								1076	46.38											2320
				Elected																					
																									
Silver Ridge                                                   																									
	FIRST			314	45.57		26	3.77		14	2.03		271	39.33		36	5.22		26	3.77		2	0.29		689
	SECOND			0	0.00		0	0.00		0	0.00		0	0.00		0	0.00		2	100.00			Excluded		2
		TOTAL		314	45.57		26	3.77		14	2.03		271	39.33		36	5.22		28	4.06					689
	THIRD			1	7.14		3	21.43			Excluded		9	64.29		0	0.00		1	7.14					14
		TOTAL		315	45.72		29	4.21					280	40.64		36	5.22		29	4.21					689
	FOURTH			11	37.93			Excluded					2	6.90		16	55.17		0	0.00					29
		TOTAL		326	47.31								282	40.93		52	7.55		29	4.21					689
	FIFTH			30	57.69								17	32.69			Excluded		5	9.62					52
		TOTAL		356	51.67								299	43.40					34	4.93					689
	SIXTH			14	41.18								20	58.82						Excluded					34
		TOTAL		370	53.70								319	46.30											689
				Elected																					
																									
Speers Point                                                   																									
	FIRST			1017	47.86		82	3.86		35	1.65		625	29.41		84	3.95		274	12.89		8	0.38		2125
	SECOND			0	0.00		1	12.50		1	12.50		2	25.00		2	25.00		2	25.00			Excluded		8
		TOTAL		1017	47.86		83	3.91		36	1.69		627	29.51		86	4.05		276	12.99					2125
	THIRD			6	16.67		2	5.56			Excluded		22	61.11		4	11.11		2	5.56					36
		TOTAL		1023	48.14		85	4.00					649	30.54		90	4.24		278	13.08					2125
	FOURTH			27	31.76			Excluded					9	10.59		36	42.35		13	15.29					85
		TOTAL		1050	49.41								658	30.96		126	5.93		291	13.69					2125
	FIFTH			73	57.94								37	29.37			Excluded		16	12.70					126
		TOTAL		1123	52.85								695	32.71					307	14.45					2125
	SIXTH			99	32.25								208	67.75						Excluded					307
		TOTAL		1222	57.51								903	42.49											2125
				Elected																					
																									
Sunshine                                                       																									
	FIRST			303	42.38		26	3.64		12	1.68		273	38.18		41	5.73		57	7.97		3	0.42		715
	SECOND			1	33.33		0	0.00		0	0.00		1	33.33		0	0.00		1	33.33			Excluded		3
		TOTAL		304	42.52		26	3.64		12	1.68		274	38.32		41	5.73		58	8.11					715
	THIRD			3	25.00		0	0.00			Excluded		4	33.33		4	33.33		1	8.33					12
		TOTAL		307	42.94		26	3.64					278	38.88		45	6.29		59	8.25					715
	FOURTH			9	34.62			Excluded					5	19.23		9	34.62		3	11.54					26
		TOTAL		316	44.20								283	39.58		54	7.55		62	8.67					715
	FIFTH			30	55.56								15	27.78			Excluded		9	16.67					54
		TOTAL		346	48.39								298	41.68					71	9.93					715
	SIXTH			33	46.48								38	53.52						Excluded					71
		TOTAL		379	53.01								336	46.99											715
				Elected																					
																									
Sydney (Charlton)                                              																									
	FIRST			11	32.35		3	8.82		2	5.88		14	41.18		3	8.82		1	2.94		0	0.00		34
	SECOND			0	0.00		0	0.00		0	0.00		0	0.00		0	0.00		0	0.00			Excluded		0
		TOTAL		11	32.35		3	8.82		2	5.88		14	41.18		3	8.82		1	2.94					34
	THIRD			1	50.00		0	0.00			Excluded		1	50.00		0	0.00		0	0.00					2
		TOTAL		12	35.29		3	8.82					15	44.12		3	8.82		1	2.94					34
	FOURTH			2	66.67			Excluded					0	0.00		1	33.33		0	0.00					3
		TOTAL		14	41.18								15	44.12		4	11.76		1	2.94					34
	FIFTH			1	25.00								3	75.00			Excluded		0	0.00					4
		TOTAL		15	44.12								18	52.94					1	2.94					34
	SIXTH			0	0.00								1	100.00						Excluded					1
		TOTAL		15	44.12								19	55.88											34
				Elected																					
																									
Teralba                                                        																									
	FIRST			443	50.92		41	4.71		20	2.30		224	25.75		29	3.33		110	12.64		3	0.34		870
	SECOND			0	0.00		0	0.00		0	0.00		1	33.33		2	66.67		0	0.00			Excluded		3
		TOTAL		443	50.92		41	4.71		20	2.30		225	25.86		31	3.56		110	12.64					870
	THIRD			3	15.00		1	5.00			Excluded		15	75.00		1	5.00		0	0.00					20
		TOTAL		446	51.26		42	4.83					240	27.59		32	3.68		110	12.64					870
	FOURTH			16	38.10			Excluded					9	21.43		12	28.57		5	11.90					42
		TOTAL		462	53.10								249	28.62		44	5.06		115	13.22					870
	FIFTH			24	54.55								9	20.45			Excluded		11	25.00					44
		TOTAL		486	55.86								258	29.66					126	14.48					870
	SIXTH			53	42.06								73	57.94						Excluded					126
		TOTAL		539	61.95								331	38.05											870
				Elected																					
																									
Toronto                                                        																									
	FIRST			253	58.43		24	5.54		8	1.85		88	20.32		24	5.54		34	7.85		2	0.46		433
	SECOND			1	50.00		0	0.00		0	0.00		0	0.00		1	50.00		0	0.00			Excluded		2
		TOTAL		254	58.66		24	5.54		8	1.85		88	20.32		25	5.77		34	7.85					433
	THIRD			3	37.50		1	12.50			Excluded		2	25.00		0	0.00		2	25.00					8
		TOTAL		257	59.35		25	5.77					90	20.79		25	5.77		36	8.31					433
	FOURTH			7	28.00			Excluded					3	12.00		10	40.00		5	20.00					25
		TOTAL		264	60.97								93	21.48		35	8.08		41	9.47					433
	FIFTH			16	45.71								13	37.14			Excluded		6	17.14					35
		TOTAL		280	64.67								106	24.48					47	10.85					433
	SIXTH			16	34.04								31	65.96						Excluded					47
		TOTAL		296	68.36								137	31.64											433
				Elected																					
																									
Toronto North                                                  																									
	FIRST			486	43.82		58	5.23		21	1.89		405	36.52		53	4.78		82	7.39		4	0.36		1109
	SECOND			0	0.00		0	0.00		0	0.00		1	25.00		1	25.00		2	50.00			Excluded		4
		TOTAL		486	43.82		58	5.23		21	1.89		406	36.61		54	4.87		84	7.57					1109
	THIRD			4	19.05		1	4.76			Excluded		9	42.86		2	9.52		5	23.81					21
		TOTAL		490	44.18		59	5.32					415	37.42		56	5.05		89	8.03					1109
	FOURTH			20	33.90			Excluded					10	16.95		24	40.68		5	8.47					59
		TOTAL		510	45.99								425	38.32		80	7.21		94	8.48					1109
	FIFTH			52	65.00								19	23.75			Excluded		9	11.25					80
		TOTAL		562	50.68								444	40.04					103	9.29					1109
	SIXTH			47	45.63								56	54.37						Excluded					103
		TOTAL		609	54.91								500	45.09											1109
				Elected																					
																									
Wallsend South                                                 																									
	FIRST			1217	41.58		149	5.09		48	1.64		1092	37.31		298	10.18		113	3.86		10	0.34		2927
	SECOND			0	0.00		2	20.00		0	0.00		1	10.00		3	30.00		4	40.00			Excluded		10
		TOTAL		1217	41.58		151	5.16		48	1.64		1093	37.34		301	10.28		117	4.00					2927
	THIRD			4	8.33		6	12.50			Excluded		25	52.08		9	18.75		4	8.33					48
		TOTAL		1221	41.72		157	5.36					1118	38.20		310	10.59		121	4.13					2927
	FOURTH			50	31.85			Excluded					17	10.83		84	53.50		6	3.82					157
		TOTAL		1271	43.42								1135	38.78		394	13.46		127	4.34					2927
	FIFTH			249	63.20								118	29.95			Excluded		27	6.85					394
		TOTAL		1520	51.93								1253	42.81					154	5.26					2927
	SIXTH			71	46.10								83	53.90						Excluded					154
		TOTAL		1591	54.36								1336	45.64											2927
				Elected																					
																									
Wangi Wangi                                                    																									
	FIRST			735	44.68		71	4.32		40	2.43		513	31.19		114	6.93		166	10.09		6	0.36		1645
	SECOND			2	33.33		2	33.33		0	0.00		0	0.00		1	16.67		1	16.67			Excluded		6
		TOTAL		737	44.80		73	4.44		40	2.43		513	31.19		115	6.99		167	10.15					1645
	THIRD			7	17.50		3	7.50			Excluded		20	50.00		4	10.00		6	15.00					40
		TOTAL		744	45.23		76	4.62					533	32.40		119	7.23		173	10.52					1645
	FOURTH			27	35.53			Excluded					7	9.21		40	52.63		2	2.63					76
		TOTAL		771	46.87								540	32.83		159	9.67		175	10.64					1645
	FIFTH			106	66.67								41	25.79			Excluded		12	7.55					159
		TOTAL		877	53.31								581	35.32					187	11.37					1645
	SIXTH			63	33.69								124	66.31						Excluded					187
		TOTAL		940	57.14								705	42.86											1645
				Elected																					
																									
Warners Bay                                                    																									
	FIRST			1168	44.34		127	4.82		64	2.43		883	33.52		151	5.73		230	8.73		11	0.42		2634
	SECOND			2	18.18		1	9.09		0	0.00		1	9.09		1	9.09		6	54.55			Excluded		11
		TOTAL		1170	44.42		128	4.86		64	2.43		884	33.56		152	5.77		236	8.96					2634
	THIRD			7	10.94		9	14.06			Excluded		30	46.88		9	14.06		9	14.06					64
		TOTAL		1177	44.68		137	5.20					914	34.70		161	6.11		245	9.30					2634
	FOURTH			53	38.69			Excluded					10	7.30		67	48.91		7	5.11					137
		TOTAL		1230	46.70								924	35.08		228	8.66		252	9.57					2634
	FIFTH			131	57.46								84	36.84			Excluded		13	5.70					228
		TOTAL		1361	51.67								1008	38.27					265	10.06					2634
	SIXTH			78	29.43								187	70.57						Excluded					265
		TOTAL		1439	54.63								1195	45.37											2634
				Elected																					
																									
Warners Bay Central                                            																									
	FIRST			254	44.10		33	5.73		14	2.43		215	37.33		30	5.21		27	4.69		3	0.52		576
	SECOND			0	0.00		1	33.33		1	33.33		0	0.00		0	0.00		1	33.33			Excluded		3
		TOTAL		254	44.10		34	5.90		15	2.60		215	37.33		30	5.21		28	4.86					576
	THIRD			2	13.33		1	6.67			Excluded		9	60.00		2	13.33		1	6.67					15
		TOTAL		256	44.44		35	6.08					224	38.89		32	5.56		29	5.03					576
	FOURTH			10	28.57			Excluded					4	11.43		17	48.57		4	11.43					35
		TOTAL		266	46.18								228	39.58		49	8.51		33	5.73					576
	FIFTH			24	48.98								17	34.69			Excluded		8	16.33					49
		TOTAL		290	50.35								245	42.53					41	7.12					576
	SIXTH			18	43.90								23	56.10						Excluded					41
		TOTAL		308	53.47								268	46.53											576
				Elected																					
																									
West Wallsend                                                  																									
	FIRST			1185	61.37		124	6.42		49	2.54		342	17.71		59	3.06		166	8.60		6	0.31		1931
	SECOND			0	0.00		4	66.67		1	16.67		0	0.00		0	0.00		1	16.67			Excluded		6
		TOTAL		1185	61.37		128	6.63		50	2.59		342	17.71		59	3.06		167	8.65					1931
	THIRD			7	14.00		8	16.00			Excluded		24	48.00		6	12.00		5	10.00					50
		TOTAL		1192	61.73		136	7.04					366	18.95		65	3.37		172	8.91					1931
	FOURTH			38	27.94			Excluded					17	12.50		59	43.38		22	16.18					136
		TOTAL		1230	63.70								383	19.83		124	6.42		194	10.05					1931
	FIFTH			69	55.65								29	23.39			Excluded		26	20.97					124
		TOTAL		1299	67.27								412	21.34					220	11.39					1931
	SIXTH			97	44.09								123	55.91						Excluded					220
		TOTAL		1396	72.29								535	27.71											1931
				Elected																					
																									
Woodrising                                                     																									
	FIRST			190	59.94		11	3.47		6	1.89		79	24.92		16	5.05		14	4.42		1	0.32		317
	SECOND			1	100.00		0	0.00		0	0.00		0	0.00		0	0.00		0	0.00			Excluded		1
		TOTAL		191	60.25		11	3.47		6	1.89		79	24.92		16	5.05		14	4.42					317
	THIRD			2	33.33		1	16.67			Excluded		0	0.00		3	50.00		0	0.00					6
		TOTAL		193	60.88		12	3.79					79	24.92		19	5.99		14	4.42					317
	FOURTH			5	41.67			Excluded					0	0.00		6	50.00		1	8.33					12
		TOTAL		198	62.46								79	24.92		25	7.89		15	4.73					317
	FIFTH			13	52.00								9	36.00			Excluded		3	12.00					25
		TOTAL		211	66.56								88	27.76					18	5.68					317
	SIXTH			7	38.89								11	61.11						Excluded					18
		TOTAL		218	68.77								99	31.23											317
				Elected																					
																									
Wyee                                                           																									
	FIRST			459	39.03		47	4.00		91	7.74		431	36.65		53	4.51		92	7.82		3	0.26		1176
	SECOND			2	66.67		0	0.00		0	0.00		1	33.33		0	0.00		0	0.00			Excluded		3
		TOTAL		461	39.20		47	4.00		91	7.74		432	36.73		53	4.51		92	7.82					1176
	THIRD			1	1.10		6	6.59			Excluded		75	82.42		4	4.40		5	5.49					91
		TOTAL		462	39.29		53	4.51					507	43.11		57	4.85		97	8.25					1176
	FOURTH			18	33.96			Excluded					8	15.09		24	45.28		3	5.66					53
		TOTAL		480	40.82								515	43.79		81	6.89		100	8.50					1176
	FIFTH			53	65.43								16	19.75			Excluded		12	14.81					81
		TOTAL		533	45.32								531	45.15					112	9.52					1176
	SIXTH			61	54.46								51	45.54						Excluded					112
		TOTAL		594	50.51								582	49.49											1176
				Elected																					
																									
Wyee Point                                                     																									
	FIRST			138	57.26		7	2.90		1	0.41		72	29.88		8	3.32		15	6.22		0	0.00		241
	SECOND			0	0.00		0	0.00		0	0.00		0	0.00		0	0.00		0	0.00			Excluded		0
		TOTAL		138	57.26		7	2.90		1	0.41		72	29.88		8	3.32		15	6.22					241
	THIRD			0	0.00		0	0.00			Excluded		0	0.00		1	100.00		0	0.00					1
		TOTAL		138	57.26		7	2.90					72	29.88		9	3.73		15	6.22					241
	FOURTH			2	28.57			Excluded					2	28.57		3	42.86		0	0.00					7
		TOTAL		140	58.09								74	30.71		12	4.98		15	6.22					241
	FIFTH			6	50.00								5	41.67			Excluded		1	8.33					12
		TOTAL		146	60.58								79	32.78					16	6.64					241
	SIXTH			9	56.25								7	43.75						Excluded					16
		TOTAL		155	64.32								86	35.68											241
				Elected																					
																									
Special Hospital Team 1                                        																									
	FIRST			127	53.59		2	0.84		3	1.27		91	38.40		7	2.95		5	2.11		2	0.84		237
	SECOND			1	50.00		0	0.00		0	0.00		0	0.00		0	0.00		1	50.00			Excluded		2
		TOTAL		128	54.01		2	0.84		3	1.27		91	38.40		7	2.95		6	2.53					237
	THIRD			1	33.33		0	0.00			Excluded		2	66.67		0	0.00		0	0.00					3
		TOTAL		129	54.43		2	0.84					93	39.24		7	2.95		6	2.53					237
	FOURTH			2	100.00			Excluded					0	0.00		0	0.00		0	0.00					2
		TOTAL		131	55.27								93	39.24		7	2.95		6	2.53					237
	FIFTH			3	42.86								4	57.14			Excluded		0	0.00					7
		TOTAL		134	56.54								97	40.93					6	2.53					237
	SIXTH			3	50.00								3	50.00						Excluded					6
		TOTAL		137	57.81								100	42.19											237
				Elected																					
																									
Special Hospital Team 2                                        																									
	FIRST			47	37.60		1	0.80		4	3.20		66	52.80		1	0.80		5	4.00		1	0.80		125
	SECOND			0	0.00		0	0.00		1	100.00		0	0.00		0	0.00		0	0.00			Excluded		1
		TOTAL		47	37.60		1	0.80		5	4.00		66	52.80		1	0.80		5	4.00					125
	THIRD			0	0.00		0	0.00			Excluded		1	20.00		3	60.00		1	20.00					5
		TOTAL		47	37.60		1	0.80					67	53.60		4	3.20		6	4.80					125
	FOURTH			0	0.00			Excluded					1	100.00		0	0.00		0	0.00					1
		TOTAL		47	37.60								68	54.40		4	3.20		6	4.80					125
	FIFTH			1	25.00								3	75.00			Excluded		0	0.00					4
		TOTAL		48	38.40								71	56.80					6	4.80					125
	SIXTH			2	33.33								4	66.67						Excluded					6
		TOTAL		50	40.00								75	60.00											125
				Elected																					
																									
ABSENT																									
	FIRST			2118	42.15		372	7.40		168	3.34		1681	33.45		294	5.85		362	7.20		30	0.60		5025
	SECOND			6	20.00		2	6.67		2	6.67		3	10.00		9	30.00		8	26.67			Excluded		30
		TOTAL		2124	42.27		374	7.44		170	3.38		1684	33.51		303	6.03		370	7.36					5025
	THIRD			19	11.18		23	13.53			Excluded		67	39.41		17	10.00		44	25.88					170
		TOTAL		2143	42.65		397	7.90					1751	34.85		320	6.37		414	8.24					5025
	FOURTH			153	38.54			Excluded					72	18.14		131	33.00		41	10.33					397
		TOTAL		2296	45.69								1823	36.28		451	8.98		455	9.05					5025
	FIFTH			271	60.09								133	29.49			Excluded		47	10.42					451
		TOTAL		2567	51.08								1956	38.93					502	9.99					5025
	SIXTH			227	45.22								275	54.78						Excluded					502
		TOTAL		2794	55.60								2231	44.40											5025
				Elected																					
																									
POSTAL																									
	FIRST			1178	40.43		60	2.06		60	2.06		1317	45.20		108	3.71		184	6.31		7	0.24		2914
	SECOND			2	28.57		0	0.00		2	28.57		1	14.29		1	14.29		1	14.29			Excluded		7
		TOTAL		1180	40.49		60	2.06		62	2.13		1318	45.23		109	3.74		185	6.35					2914
	THIRD			3	4.84		10	16.13			Excluded		42	67.74		3	4.84		4	6.45					62
		TOTAL		1183	40.60		70	2.40					1360	46.67		112	3.84		189	6.49					2914
	FOURTH			28	40.00			Excluded					9	12.86		26	37.14		7	10.00					70
		TOTAL		1211	41.56								1369	46.98		138	4.74		196	6.73					2914
	FIFTH			71	51.45								43	31.16			Excluded		24	17.39					138
		TOTAL		1282	43.99								1412	48.46					220	7.55					2914
	SIXTH			118	53.64								102	46.36						Excluded					220
		TOTAL		1400	48.04								1514	51.96											2914
				Elected																					
																									
PRE POLL																									
	FIRST			1345	32.37		165	3.97		105	2.53		1965	47.29		212	5.10		348	8.38		15	0.36		4155
	SECOND			1	6.67		3	20.00		0	0.00		2	13.33		1	6.67		8	53.33			Excluded		15
		TOTAL		1346	32.39		168	4.04		105	2.53		1967	47.34		213	5.13		356	8.57					4155
	THIRD			10	9.52		10	9.52			Excluded		51	48.57		15	14.29		19	18.10					105
		TOTAL		1356	32.64		178	4.28					2018	48.57		228	5.49		375	9.03					4155
	FOURTH			53	29.78			Excluded					22	12.36		89	50.00		14	7.87					178
		TOTAL		1409	33.91								2040	49.10		317	7.63		389	9.36					4155
	FIFTH			181	57.10								106	33.44			Excluded		30	9.46					317
		TOTAL		1590	38.27								2146	51.65					419	10.08					4155
	SIXTH			152	36.28								267	63.72						Excluded					419
		TOTAL		1742	41.93								2413	58.07											4155
				Elected																					
																									
PROVISIONAL																									
	FIRST			233	51.55		35	7.74		13	2.88		113	25.00		24	5.31		32	7.08		2	0.44		452
	SECOND			0	0.00		0	0.00		0	0.00		0	0.00		1	50.00		1	50.00			Excluded		2
		TOTAL		233	51.55		35	7.74		13	2.88		113	25.00		25	5.53		33	7.30					452
	THIRD			1	7.69		3	23.08			Excluded		7	53.85		2	15.38		0	0.00					13
		TOTAL		234	51.77		38	8.41					120	26.55		27	5.97		33	7.30					452
	FOURTH			16	42.11			Excluded					3	7.89		8	21.05		11	28.95					38
		TOTAL		250	55.31								123	27.21		35	7.74		44	9.73					452
	FIFTH			21	60.00								10	28.57			Excluded		4	11.43					35
		TOTAL		271	59.96								133	29.42					48	10.62					452
	SIXTH			23	47.92								25	52.08						Excluded					48
		TOTAL		294	65.04								158	34.96											452
				Elected																					
																									
																									
																									
																									
																									
																									
																									
																									
																									
																									
																									
																									
																									
																									
																									
																									
																									
																									
																									
																									
																									
																									
																									
																									
																									
																									
																									
																									
																									
																									
																									
																									
																									
																									
																									
																									
																									
																									
																									
																									
																									
																									
																									
																									
																									
																									
																									
																									
																									
																									
																									
																									
																									
																									
																									
																									
																									
																									
																									
																									
																									
																									
																									
																									
																									
																									
																									
																									
																									
																									
																									
																									
																									
																									
																									
																									
																									
																									
																									
																									
																									
																									
																									
																									
																									
																									
																									
																									
																									
																									
																									
																									
																									
																									
																									
																									
																									
																									
																									
																									
																									
																									
																									
																									
																									
																									
																									
																									
																									
																									
																									
																									
																									
																									
																									
																									
																									
																									
																									
																									
																									
																									
																									
																									
																									
																									
																									
																									
																									
																									
																									
																									
																									
																									
																									
																									
																									
																									
																									
																									
																									
																									
																									
																									
																									
																									
																									
																									
																									
																									
																									
																									
																									
																									
																									
																									
																									
																									
																									
																									
																									
																									
																									
																									
																									
																									
																									
																									
																									
																									
																									
																									
																									
																									
																									
																									
																									
																									
																									
																									
																									
																									
																									
																									
																									
																									
																									
																									
																									
																									
																									
																									
																									
																									
																									
																									
																									
																									
																									
																									
																									
																									
																									
																									
																									
																									
																									
																									
																									
																									
																									
																									
																									
																									
																									
																									
																									
																									
																									
																									
																									
																									
																									
																									
																									
																									
																									
																									
																									
																									
																									
																									
