House of Representatives - 2001 Election: New South Wales																													
Distribution of Preferences																													
By Polling Place																													
																													
Greenway																													
				BAWDEN			SHERWOOD			PETTITT			MOSSFIELD			VLATKO			FRANCIS			TANDA			HOLDER				
				Bob			Ted			Tony			Frank			Tony			Joseph			Amarjit Singh			Rick				
				CTA			AFI			HAN			ALP			GRN			DEM			IND			LP				
	Count			Votes	%		Votes	%		Votes	%		Votes	%		Votes	%		Votes	%		Votes	%		Votes	%		Total	
Blacktown Central                                              																													
	FIRST			6	2.82		4	1.88		8	3.76		120	56.34		4	1.88		5	2.35		2	0.94		64	30.05		213	
	SECOND			0	0.00		0	0.00		0	0.00		0	0.00		1	50.00		1	50.00			Excluded		0	0.00		2	
		TOTAL		6	2.82		4	1.88		8	3.76		120	56.34		5	2.35		6	2.82					64	30.05		213	
	THIRD			0	0.00			Excluded		1	25.00		1	25.00		0	0.00		0	0.00					2	50.00		4	
		TOTAL		6	2.82					9	4.23		121	56.81		5	2.35		6	2.82					66	30.99		213	
	FOURTH			2	40.00					0	0.00		2	40.00			Excluded		1	20.00					0	0.00		5	
		TOTAL		8	3.76					9	4.23		123	57.75					7	3.29					66	30.99		213	
	FIFTH			3	42.86					0	0.00		3	42.86						Excluded					1	14.29		7	
		TOTAL		11	5.16					9	4.23		126	59.15											67	31.46		213	
	SIXTH				Excluded					4	36.36		3	27.27											4	36.36		11	
		TOTAL								13	6.10		129	60.56											71	33.33		213	
	SEVENTH										Excluded		8	61.54											5	38.46		13	
		TOTAL											137	64.32											76	35.68		213	
													Elected																
																													
Blacktown City                                                 																													
	FIRST			65	6.94		16	1.71		32	3.42		479	51.18		26	2.78		28	2.99		6	0.64		284	30.34		936	
	SECOND			0	0.00		0	0.00		1	16.67		1	16.67		0	0.00		2	33.33			Excluded		2	33.33		6	
		TOTAL		65	6.94		16	1.71		33	3.53		480	51.28		26	2.78		30	3.21					286	30.56		936	
	THIRD			3	18.75			Excluded		6	37.50		2	12.50		3	18.75		0	0.00					2	12.50		16	
		TOTAL		68	7.26					39	4.17		482	51.50		29	3.10		30	3.21					288	30.77		936	
	FOURTH			2	6.90					1	3.45		9	31.03			Excluded		12	41.38					5	17.24		29	
		TOTAL		70	7.48					40	4.27		491	52.46					42	4.49					293	31.30		936	
	FIFTH			4	9.52					2	4.76		24	57.14						Excluded					12	28.57		42	
		TOTAL		74	7.91					42	4.49		515	55.02											305	32.59		936	
	SIXTH				Excluded					25	33.78		18	24.32											31	41.89		74	
		TOTAL								67	7.16		533	56.94											336	35.90		936	
	SEVENTH										Excluded		43	64.18											24	35.82		67	
		TOTAL											576	61.54											360	38.46		936	
													Elected																
																													
Blacktown East                                                 																													
	FIRST			134	4.90		65	2.38		184	6.73		1225	44.77		80	2.92		111	4.06		26	0.95		911	33.30		2736	
	SECOND			2	7.69		2	7.69		0	0.00		8	30.77		3	11.54		4	15.38			Excluded		7	26.92		26	
		TOTAL		136	4.97		67	2.45		184	6.73		1233	45.07		83	3.03		115	4.20					918	33.55		2736	
	THIRD			10	14.93			Excluded		26	38.81		10	14.93		9	13.43		2	2.99					10	14.93		67	
		TOTAL		146	5.34					210	7.68		1243	45.43		92	3.36		117	4.28					928	33.92		2736	
	FOURTH			4	4.35					8	8.70		34	36.96			Excluded		32	34.78					14	15.22		92	
		TOTAL		150	5.48					218	7.97		1277	46.67					149	5.45					942	34.43		2736	
	FIFTH			11	7.38					10	6.71		82	55.03						Excluded					46	30.87		149	
		TOTAL		161	5.88					228	8.33		1359	49.67											988	36.11		2736	
	SIXTH				Excluded					60	37.27		42	26.09											59	36.65		161	
		TOTAL								288	10.53		1401	51.21											1047	38.27		2736	
	SEVENTH										Excluded		142	49.31											146	50.69		288	
		TOTAL											1543	56.40											1193	43.60		2736	
													Elected																
																													
Blacktown Hospital                                             																													
	FIRST			11	3.63		3	0.99		10	3.30		182	60.07		8	2.64		12	3.96		3	0.99		74	24.42		303	
	SECOND			0	0.00		0	0.00		0	0.00		0	0.00		1	33.33		2	66.67			Excluded		0	0.00		3	
		TOTAL		11	3.63		3	0.99		10	3.30		182	60.07		9	2.97		14	4.62					74	24.42		303	
	THIRD			0	0.00			Excluded		1	33.33		1	33.33		0	0.00		0	0.00					1	33.33		3	
		TOTAL		11	3.63					11	3.63		183	60.40		9	2.97		14	4.62					75	24.75		303	
	FOURTH			1	11.11					2	22.22		2	22.22			Excluded		3	33.33					1	11.11		9	
		TOTAL		12	3.96					13	4.29		185	61.06					17	5.61					76	25.08		303	
	FIFTH			2	11.76					0	0.00		11	64.71						Excluded					4	23.53		17	
		TOTAL		14	4.62					13	4.29		196	64.69											80	26.40		303	
	SIXTH				Excluded					3	21.43		7	50.00											4	28.57		14	
		TOTAL								16	5.28		203	67.00											84	27.72		303	
	SEVENTH										Excluded		10	62.50											6	37.50		16	
		TOTAL											213	70.30											90	29.70		303	
													Elected																
																													
Blacktown North                                                																													
	FIRST			108	8.08		17	1.27		89	6.66		638	47.75		23	1.72		23	1.72		12	0.90		426	31.89		1336	
	SECOND			0	0.00		1	8.33		0	0.00		2	16.67		6	50.00		2	16.67			Excluded		1	8.33		12	
		TOTAL		108	8.08		18	1.35		89	6.66		640	47.90		29	2.17		25	1.87					427	31.96		1336	
	THIRD			5	27.78			Excluded		4	22.22		7	38.89		0	0.00		1	5.56					1	5.56		18	
		TOTAL		113	8.46					93	6.96		647	48.43		29	2.17		26	1.95					428	32.04		1336	
	FOURTH			1	3.45					3	10.34		12	41.38			Excluded		7	24.14					6	20.69		29	
		TOTAL		114	8.53					96	7.19		659	49.33					33	2.47					434	32.49		1336	
	FIFTH			6	18.18					4	12.12		14	42.42						Excluded					9	27.27		33	
		TOTAL		120	8.98					100	7.49		673	50.37											443	33.16		1336	
	SIXTH				Excluded					30	25.00		24	20.00											66	55.00		120	
		TOTAL								130	9.73		697	52.17											509	38.10		1336	
	SEVENTH										Excluded		68	52.31											62	47.69		130	
		TOTAL											765	57.26											571	42.74		1336	
													Elected																
																													
Blacktown South                                                																													
	FIRST			108	5.08		35	1.65		143	6.73		1001	47.13		51	2.40		92	4.33		11	0.52		683	32.16		2124	
	SECOND			0	0.00		1	9.09		1	9.09		4	36.36		1	9.09		3	27.27			Excluded		1	9.09		11	
		TOTAL		108	5.08		36	1.69		144	6.78		1005	47.32		52	2.45		95	4.47					684	32.20		2124	
	THIRD			12	33.33			Excluded		12	33.33		5	13.89		2	5.56		3	8.33					2	5.56		36	
		TOTAL		120	5.65					156	7.34		1010	47.55		54	2.54		98	4.61					686	32.30		2124	
	FOURTH			3	5.56					5	9.26		23	42.59			Excluded		19	35.19					4	7.41		54	
		TOTAL		123	5.79					161	7.58		1033	48.63					117	5.51					690	32.49		2124	
	FIFTH			9	7.69					9	7.69		72	61.54						Excluded					27	23.08		117	
		TOTAL		132	6.21					170	8.00		1105	52.02											717	33.76		2124	
	SIXTH				Excluded					63	47.73		21	15.91											48	36.36		132	
		TOTAL								233	10.97		1126	53.01											765	36.02		2124	
	SEVENTH										Excluded		109	46.78											124	53.22		233	
		TOTAL											1235	58.15											889	41.85		2124	
													Elected																
																													
Blacktown West (Greenway)                                      																													
	FIRST			63	5.16		25	2.05		98	8.02		571	46.73		49	4.01		45	3.68		6	0.49		365	29.87		1222	
	SECOND			1	16.67		0	0.00		0	0.00		1	16.67		1	16.67		0	0.00			Excluded		3	50.00		6	
		TOTAL		64	5.24		25	2.05		98	8.02		572	46.81		50	4.09		45	3.68					368	30.11		1222	
	THIRD			6	24.00			Excluded		6	24.00		5	20.00		1	4.00		1	4.00					6	24.00		25	
		TOTAL		70	5.73					104	8.51		577	47.22		51	4.17		46	3.76					374	30.61		1222	
	FOURTH			1	1.96					3	5.88		24	47.06			Excluded		19	37.25					4	7.84		51	
		TOTAL		71	5.81					107	8.76		601	49.18					65	5.32					378	30.93		1222	
	FIFTH			11	16.92					2	3.08		34	52.31						Excluded					18	27.69		65	
		TOTAL		82	6.71					109	8.92		635	51.96											396	32.41		1222	
	SIXTH				Excluded					29	35.37		26	31.71											27	32.93		82	
		TOTAL								138	11.29		661	54.09											423	34.62		1222	
	SEVENTH										Excluded		60	43.48											78	56.52		138	
		TOTAL											721	59.00											501	41.00		1222	
													Elected																
																													
Dean Park                                                      																													
	FIRST			90	6.27		23	1.60		63	4.39		863	60.10		31	2.16		34	2.37		17	1.18		315	21.94		1436	
	SECOND			0	0.00		3	17.65		1	5.88		4	23.53		1	5.88		3	17.65			Excluded		5	29.41		17	
		TOTAL		90	6.27		26	1.81		64	4.46		867	60.38		32	2.23		37	2.58					320	22.28		1436	
	THIRD			8	30.77			Excluded		5	19.23		6	23.08		3	11.54		1	3.85					3	11.54		26	
		TOTAL		98	6.82					69	4.81		873	60.79		35	2.44		38	2.65					323	22.49		1436	
	FOURTH			4	11.43					2	5.71		16	45.71			Excluded		11	31.43					2	5.71		35	
		TOTAL		102	7.10					71	4.94		889	61.91					49	3.41					325	22.63		1436	
	FIFTH			7	14.29					8	16.33		26	53.06						Excluded					8	16.33		49	
		TOTAL		109	7.59					79	5.50		915	63.72											333	23.19		1436	
	SIXTH				Excluded					31	28.44		29	26.61											49	44.95		109	
		TOTAL								110	7.66		944	65.74											382	26.60		1436	
	SEVENTH										Excluded		67	60.91											43	39.09		110	
		TOTAL											1011	70.40											425	29.60		1436	
													Elected																
																													
Glenwood                                                       																													
	FIRST			145	4.09		48	1.36		107	3.02		1216	34.33		72	2.03		162	4.57		36	1.02		1756	49.58		3542	
	SECOND			4	11.11		0	0.00		4	11.11		12	33.33		4	11.11		6	16.67			Excluded		6	16.67		36	
		TOTAL		149	4.21		48	1.36		111	3.13		1228	34.67		76	2.15		168	4.74					1762	49.75		3542	
	THIRD			6	12.50			Excluded		18	37.50		6	12.50		5	10.42		2	4.17					11	22.92		48	
		TOTAL		155	4.38					129	3.64		1234	34.84		81	2.29		170	4.80					1773	50.06		3542	
	FOURTH			3	3.70					9	11.11		25	30.86			Excluded		30	37.04					14	17.28		81	
		TOTAL		158	4.46					138	3.90		1259	35.54					200	5.65					1787	50.45		3542	
	FIFTH			9	4.50					11	5.50		112	56.00						Excluded					68	34.00		200	
		TOTAL		167	4.71					149	4.21		1371	38.71											1855	52.37		3542	
	SIXTH				Excluded					27	16.17		43	25.75											97	58.08		167	
		TOTAL								176	4.97		1414	39.92											1952	55.11		3542	
	SEVENTH										Excluded		85	48.30											91	51.70		176	
		TOTAL											1499	42.32											2043	57.68		3542	
													Elected																
																													
Glenwood West                                                  																													
	FIRST			104	6.57		33	2.09		49	3.10		587	37.10		40	2.53		45	2.84		9	0.57		715	45.20		1582	
	SECOND			0	0.00		0	0.00		0	0.00		1	11.11		2	22.22		2	22.22			Excluded		4	44.44		9	
		TOTAL		104	6.57		33	2.09		49	3.10		588	37.17		42	2.65		47	2.97					719	45.45		1582	
	THIRD			3	9.09			Excluded		14	42.42		6	18.18		5	15.15		0	0.00					5	15.15		33	
		TOTAL		107	6.76					63	3.98		594	37.55		47	2.97		47	2.97					724	45.76		1582	
	FOURTH			3	6.38					2	4.26		13	27.66			Excluded		19	40.43					10	21.28		47	
		TOTAL		110	6.95					65	4.11		607	38.37					66	4.17					734	46.40		1582	
	FIFTH			10	15.15					4	6.06		29	43.94						Excluded					23	34.85		66	
		TOTAL		120	7.59					69	4.36		636	40.20											757	47.85		1582	
	SIXTH				Excluded					35	29.17		22	18.33											63	52.50		120	
		TOTAL								104	6.57		658	41.59											820	51.83		1582	
	SEVENTH										Excluded		69	66.35											35	33.65		104	
		TOTAL											727	45.95											855	54.05		1582	
													Elected																
																													
Grantham                                                       																													
	FIRST			105	6.09		31	1.80		126	7.30		891	51.65		45	2.61		53	3.07		7	0.41		467	27.07		1725	
	SECOND			0	0.00		1	14.29		0	0.00		1	14.29		1	14.29		3	42.86			Excluded		1	14.29		7	
		TOTAL		105	6.09		32	1.86		126	7.30		892	51.71		46	2.67		56	3.25					468	27.13		1725	
	THIRD			1	3.13			Excluded		15	46.88		7	21.88		5	15.63		1	3.13					3	9.38		32	
		TOTAL		106	6.14					141	8.17		899	52.12		51	2.96		57	3.30					471	27.30		1725	
	FOURTH			3	5.88					6	11.76		16	31.37			Excluded		22	43.14					4	7.84		51	
		TOTAL		109	6.32					147	8.52		915	53.04					79	4.58					475	27.54		1725	
	FIFTH			13	16.46					6	7.59		45	56.96						Excluded					15	18.99		79	
		TOTAL		122	7.07					153	8.87		960	55.65											490	28.41		1725	
	SIXTH				Excluded					36	29.51		24	19.67											62	50.82		122	
		TOTAL								189	10.96		984	57.04											552	32.00		1725	
	SEVENTH										Excluded		82	43.39											107	56.61		189	
		TOTAL											1066	61.80											659	38.20		1725	
													Elected																
																													
Grantham Heights                                               																													
	FIRST			93	6.20		30	2.00		67	4.47		636	42.40		31	2.07		58	3.87		13	0.87		572	38.13		1500	
	SECOND			2	15.38		0	0.00		1	7.69		4	30.77		2	15.38		2	15.38			Excluded		2	15.38		13	
		TOTAL		95	6.33		30	2.00		68	4.53		640	42.67		33	2.20		60	4.00					574	38.27		1500	
	THIRD			2	6.67			Excluded		8	26.67		5	16.67		5	16.67		2	6.67					8	26.67		30	
		TOTAL		97	6.47					76	5.07		645	43.00		38	2.53		62	4.13					582	38.80		1500	
	FOURTH			3	7.89					3	7.89		12	31.58			Excluded		18	47.37					2	5.26		38	
		TOTAL		100	6.67					79	5.27		657	43.80					80	5.33					584	38.93		1500	
	FIFTH			12	15.00					8	10.00		44	55.00						Excluded					16	20.00		80	
		TOTAL		112	7.47					87	5.80		701	46.73											600	40.00		1500	
	SIXTH				Excluded					28	25.00		27	24.11											57	50.89		112	
		TOTAL								115	7.67		728	48.53											657	43.80		1500	
	SEVENTH										Excluded		59	51.30											56	48.70		115	
		TOTAL											787	52.47											713	47.53		1500	
													Elected																
																													
Hambledon                                                      																													
	FIRST			100	5.09		42	2.14		68	3.46		715	36.42		40	2.04		78	3.97		25	1.27		895	45.59		1963	
	SECOND			3	12.00		1	4.00		0	0.00		7	28.00		3	12.00		2	8.00			Excluded		9	36.00		25	
		TOTAL		103	5.25		43	2.19		68	3.46		722	36.78		43	2.19		80	4.08					904	46.05		1963	
	THIRD			3	6.98			Excluded		17	39.53		5	11.63		3	6.98		1	2.33					14	32.56		43	
		TOTAL		106	5.40					85	4.33		727	37.04		46	2.34		81	4.13					918	46.77		1963	
	FOURTH			3	6.52					4	8.70		10	21.74			Excluded		20	43.48					9	19.57		46	
		TOTAL		109	5.55					89	4.53		737	37.54					101	5.15					927	47.22		1963	
	FIFTH			12	11.88					5	4.95		51	50.50						Excluded					33	32.67		101	
		TOTAL		121	6.16					94	4.79		788	40.14											960	48.90		1963	
	SIXTH				Excluded					38	31.40		25	20.66											58	47.93		121	
		TOTAL								132	6.72		813	41.42											1018	51.86		1963	
	SEVENTH										Excluded		68	51.52											64	48.48		132	
		TOTAL											881	44.88											1082	55.12		1963	
													Elected																
																													
Kings Langley                                                  																													
	FIRST			90	4.21		42	1.96		97	4.53		651	30.43		74	3.46		131	6.12		9	0.42		1045	48.85		2139	
	SECOND			0	0.00		0	0.00		0	0.00		1	11.11		1	11.11		3	33.33			Excluded		4	44.44		9	
		TOTAL		90	4.21		42	1.96		97	4.53		652	30.48		75	3.51		134	6.26					1049	49.04		2139	
	THIRD			5	11.90			Excluded		11	26.19		7	16.67		3	7.14		4	9.52					12	28.57		42	
		TOTAL		95	4.44					108	5.05		659	30.81		78	3.65		138	6.45					1061	49.60		2139	
	FOURTH			4	5.13					5	6.41		18	23.08			Excluded		39	50.00					12	15.38		78	
		TOTAL		99	4.63					113	5.28		677	31.65					177	8.27					1073	50.16		2139	
	FIFTH			11	6.21					8	4.52		110	62.15						Excluded					48	27.12		177	
		TOTAL		110	5.14					121	5.66		787	36.79											1121	52.41		2139	
	SIXTH				Excluded					36	32.73		14	12.73											60	54.55		110	
		TOTAL								157	7.34		801	37.45											1181	55.21		2139	
	SEVENTH										Excluded		64	40.76											93	59.24		157	
		TOTAL											865	40.44											1274	59.56		2139	
													Elected																
																													
Kings Langley North                                            																													
	FIRST			110	4.24		33	1.27		150	5.78		777	29.93		57	2.20		131	5.05		21	0.81		1317	50.73		2596	
	SECOND			1	4.76		0	0.00		2	9.52		7	33.33		5	23.81		2	9.52			Excluded		4	19.05		21	
		TOTAL		111	4.28		33	1.27		152	5.86		784	30.20		62	2.39		133	5.12					1321	50.89		2596	
	THIRD			3	9.09			Excluded		7	21.21		9	27.27		3	9.09		7	21.21					4	12.12		33	
		TOTAL		114	4.39					159	6.12		793	30.55		65	2.50		140	5.39					1325	51.04		2596	
	FOURTH			7	10.77					4	6.15		17	26.15			Excluded		33	50.77					4	6.15		65	
		TOTAL		121	4.66					163	6.28		810	31.20					173	6.66					1329	51.19		2596	
	FIFTH			18	10.40					4	2.31		91	52.60						Excluded					60	34.68		173	
		TOTAL		139	5.35					167	6.43		901	34.71											1389	53.51		2596	
	SIXTH				Excluded					42	30.22		27	19.42											70	50.36		139	
		TOTAL								209	8.05		928	35.75											1459	56.20		2596	
	SEVENTH										Excluded		77	36.84											132	63.16		209	
		TOTAL											1005	38.71											1591	61.29		2596	
													Elected																
																													
Kings Park                                                     																													
	FIRST			62	5.23		26	2.19		61	5.14		471	39.71		40	3.37		50	4.22		7	0.59		469	39.54		1186	
	SECOND			0	0.00		1	14.29		0	0.00		1	14.29		0	0.00		2	28.57			Excluded		3	42.86		7	
		TOTAL		62	5.23		27	2.28		61	5.14		472	39.80		40	3.37		52	4.38					472	39.80		1186	
	THIRD			4	14.81			Excluded		11	40.74		5	18.52		3	11.11		1	3.70					3	11.11		27	
		TOTAL		66	5.56					72	6.07		477	40.22		43	3.63		53	4.47					475	40.05		1186	
	FOURTH			4	9.30					6	13.95		8	18.60			Excluded		21	48.84					4	9.30		43	
		TOTAL		70	5.90					78	6.58		485	40.89					74	6.24					479	40.39		1186	
	FIFTH			5	6.76					4	5.41		52	70.27						Excluded					13	17.57		74	
		TOTAL		75	6.32					82	6.91		537	45.28											492	41.48		1186	
	SIXTH				Excluded					22	29.33		14	18.67											39	52.00		75	
		TOTAL								104	8.77		551	46.46											531	44.77		1186	
	SEVENTH										Excluded		56	53.85											48	46.15		104	
		TOTAL											607	51.18											579	48.82		1186	
													Elected																
																													
Lalor Park                                                     																													
	FIRST			110	4.87		52	2.30		161	7.13		1176	52.08		46	2.04		46	2.04		11	0.49		656	29.05		2258	
	SECOND			0	0.00		2	18.18		0	0.00		2	18.18		3	27.27		2	18.18			Excluded		2	18.18		11	
		TOTAL		110	4.87		54	2.39		161	7.13		1178	52.17		49	2.17		48	2.13					658	29.14		2258	
	THIRD			9	16.67			Excluded		23	42.59		9	16.67		4	7.41		3	5.56					6	11.11		54	
		TOTAL		119	5.27					184	8.15		1187	52.57		53	2.35		51	2.26					664	29.41		2258	
	FOURTH			3	5.66					5	9.43		21	39.62			Excluded		14	26.42					10	18.87		53	
		TOTAL		122	5.40					189	8.37		1208	53.50					65	2.88					674	29.85		2258	
	FIFTH			9	13.85					6	9.23		21	32.31						Excluded					29	44.62		65	
		TOTAL		131	5.80					195	8.64		1229	54.43											703	31.13		2258	
	SIXTH				Excluded					53	40.46		28	21.37											50	38.17		131	
		TOTAL								248	10.98		1257	55.67											753	33.35		2258	
	SEVENTH										Excluded		115	46.37											133	53.63		248	
		TOTAL											1372	60.76											886	39.24		2258	
													Elected																
																													
Lawson Park                                                    																													
	FIRST			128	6.92		26	1.40		97	5.24		828	44.73		33	1.78		62	3.35		16	0.86		661	35.71		1851	
	SECOND			2	12.50		1	6.25		1	6.25		3	18.75		1	6.25		3	18.75			Excluded		5	31.25		16	
		TOTAL		130	7.02		27	1.46		98	5.29		831	44.89		34	1.84		65	3.51					666	35.98		1851	
	THIRD			4	14.81			Excluded		7	25.93		8	29.63		3	11.11		2	7.41					3	11.11		27	
		TOTAL		134	7.24					105	5.67		839	45.33		37	2.00		67	3.62					669	36.14		1851	
	FOURTH			5	13.51					2	5.41		17	45.95			Excluded		7	18.92					6	16.22		37	
		TOTAL		139	7.51					107	5.78		856	46.25					74	4.00					675	36.47		1851	
	FIFTH			6	8.11					2	2.70		37	50.00						Excluded					29	39.19		74	
		TOTAL		145	7.83					109	5.89		893	48.24											704	38.03		1851	
	SIXTH				Excluded					48	33.10		23	15.86											74	51.03		145	
		TOTAL								157	8.48		916	49.49											778	42.03		1851	
	SEVENTH										Excluded		75	47.77											82	52.23		157	
		TOTAL											991	53.54											860	46.46		1851	
													Elected																
																													
Lynwood Park                                                   																													
	FIRST			65	5.55		30	2.56		57	4.87		555	47.40		16	1.37		28	2.39		10	0.85		410	35.01		1171	
	SECOND			0	0.00		1	10.00		0	0.00		5	50.00		2	20.00		0	0.00			Excluded		2	20.00		10	
		TOTAL		65	5.55		31	2.65		57	4.87		560	47.82		18	1.54		28	2.39					412	35.18		1171	
	THIRD			3	9.68			Excluded		13	41.94		4	12.90		2	6.45		3	9.68					6	19.35		31	
		TOTAL		68	5.81					70	5.98		564	48.16		20	1.71		31	2.65					418	35.70		1171	
	FOURTH			1	5.00					2	10.00		6	30.00			Excluded		8	40.00					3	15.00		20	
		TOTAL		69	5.89					72	6.15		570	48.68					39	3.33					421	35.95		1171	
	FIFTH			5	12.82					9	23.08		14	35.90						Excluded					11	28.21		39	
		TOTAL		74	6.32					81	6.92		584	49.87											432	36.89		1171	
	SIXTH				Excluded					30	40.54		13	17.57											31	41.89		74	
		TOTAL								111	9.48		597	50.98											463	39.54		1171	
	SEVENTH										Excluded		68	61.26											43	38.74		111	
		TOTAL											665	56.79											506	43.21		1171	
													Elected																
																													
Marayong (Greenway)                                            																													
	FIRST			98	4.63		45	2.12		170	8.03		1097	51.79		46	2.17		68	3.21		21	0.99		573	27.05		2118	
	SECOND			0	0.00		2	9.52		0	0.00		2	9.52		6	28.57		6	28.57			Excluded		5	23.81		21	
		TOTAL		98	4.63		47	2.22		170	8.03		1099	51.89		52	2.46		74	3.49					578	27.29		2118	
	THIRD			6	12.77			Excluded		20	42.55		4	8.51		7	14.89		4	8.51					6	12.77		47	
		TOTAL		104	4.91					190	8.97		1103	52.08		59	2.79		78	3.68					584	27.57		2118	
	FOURTH			5	8.47					7	11.86		20	33.90			Excluded		20	33.90					7	11.86		59	
		TOTAL		109	5.15					197	9.30		1123	53.02					98	4.63					591	27.90		2118	
	FIFTH			12	12.24					9	9.18		49	50.00						Excluded					28	28.57		98	
		TOTAL		121	5.71					206	9.73		1172	55.34											619	29.23		2118	
	SIXTH				Excluded					57	47.11		21	17.36											43	35.54		121	
		TOTAL								263	12.42		1193	56.33											662	31.26		2118	
	SEVENTH										Excluded		127	48.29											136	51.71		263	
		TOTAL											1320	62.32											798	37.68		2118	
													Elected																
																													
Marayong Heights                                               																													
	FIRST			78	6.24		33	2.64		59	4.72		673	53.80		34	2.72		31	2.48		15	1.20		328	26.22		1251	
	SECOND			1	6.67		1	6.67		0	0.00		4	26.67		2	13.33		3	20.00			Excluded		4	26.67		15	
		TOTAL		79	6.31		34	2.72		59	4.72		677	54.12		36	2.88		34	2.72					332	26.54		1251	
	THIRD			5	14.71			Excluded		17	50.00		3	8.82		1	2.94		0	0.00					8	23.53		34	
		TOTAL		84	6.71					76	6.08		680	54.36		37	2.96		34	2.72					340	27.18		1251	
	FOURTH			1	2.70					4	10.81		13	35.14			Excluded		16	43.24					3	8.11		37	
		TOTAL		85	6.79					80	6.39		693	55.40					50	4.00					343	27.42		1251	
	FIFTH			2	4.00					7	14.00		31	62.00						Excluded					10	20.00		50	
		TOTAL		87	6.95					87	6.95		724	57.87											353	28.22		1251	
	SIXTH				Excluded					36	41.38		16	18.39											35	40.23		87	
		TOTAL								123	9.83		740	59.15											388	31.02		1251	
	SEVENTH										Excluded		75	60.98											48	39.02		123	
		TOTAL											815	65.15											436	34.85		1251	
													Elected																
																													
Marayong West (Greenway)                                       																													
	FIRST			101	5.63		44	2.45		69	3.85		908	50.61		72	4.01		41	2.29		16	0.89		543	30.27		1794	
	SECOND			2	12.50		2	12.50		0	0.00		3	18.75		5	31.25		1	6.25			Excluded		3	18.75		16	
		TOTAL		103	5.74		46	2.56		69	3.85		911	50.78		77	4.29		42	2.34					546	30.43		1794	
	THIRD			6	13.04			Excluded		13	28.26		9	19.57		7	15.22		6	13.04					5	10.87		46	
		TOTAL		109	6.08					82	4.57		920	51.28		84	4.68		48	2.68					551	30.71		1794	
	FOURTH			3	3.57					8	9.52		42	50.00			Excluded		21	25.00					10	11.90		84	
		TOTAL		112	6.24					90	5.02		962	53.62					69	3.85					561	31.27		1794	
	FIFTH			11	15.94					4	5.80		36	52.17						Excluded					18	26.09		69	
		TOTAL		123	6.86					94	5.24		998	55.63											579	32.27		1794	
	SIXTH				Excluded					30	24.39		39	31.71											54	43.90		123	
		TOTAL								124	6.91		1037	57.80											633	35.28		1794	
	SEVENTH										Excluded		75	60.48											49	39.52		124	
		TOTAL											1112	61.98											682	38.02		1794	
													Elected																
																													
Marsden Park                                                   																													
	FIRST			38	7.25		22	4.20		43	8.21		187	35.69		13	2.48		12	2.29		2	0.38		207	39.50		524	
	SECOND			0	0.00		0	0.00		0	0.00		0	0.00		1	50.00		1	50.00			Excluded		0	0.00		2	
		TOTAL		38	7.25		22	4.20		43	8.21		187	35.69		14	2.67		13	2.48					207	39.50		524	
	THIRD			2	9.09			Excluded		6	27.27		5	22.73		3	13.64		3	13.64					3	13.64		22	
		TOTAL		40	7.63					49	9.35		192	36.64		17	3.24		16	3.05					210	40.08		524	
	FOURTH			2	11.76					4	23.53		5	29.41			Excluded		4	23.53					2	11.76		17	
		TOTAL		42	8.02					53	10.11		197	37.60					20	3.82					212	40.46		524	
	FIFTH			1	5.00					2	10.00		10	50.00						Excluded					7	35.00		20	
		TOTAL		43	8.21					55	10.50		207	39.50											219	41.79		524	
	SIXTH				Excluded					20	46.51		7	16.28											16	37.21		43	
		TOTAL								75	14.31		214	40.84											235	44.85		524	
	SEVENTH										Excluded		45	60.00											30	40.00		75	
		TOTAL											259	49.43											265	50.57		524	
													Elected																
																													
Metella Road                                                   																													
	FIRST			183	5.94		69	2.24		140	4.54		1306	42.38		93	3.02		138	4.48		24	0.78		1129	36.63		3082	
	SECOND			1	4.17		1	4.17		0	0.00		4	16.67		4	16.67		5	20.83			Excluded		9	37.50		24	
		TOTAL		184	5.97		70	2.27		140	4.54		1310	42.50		97	3.15		143	4.64					1138	36.92		3082	
	THIRD			11	15.71			Excluded		24	34.29		16	22.86		5	7.14		3	4.29					11	15.71		70	
		TOTAL		195	6.33					164	5.32		1326	43.02		102	3.31		146	4.74					1149	37.28		3082	
	FOURTH			7	6.86					7	6.86		38	37.25			Excluded		32	31.37					18	17.65		102	
		TOTAL		202	6.55					171	5.55		1364	44.26					178	5.78					1167	37.87		3082	
	FIFTH			14	7.87					13	7.30		100	56.18						Excluded					51	28.65		178	
		TOTAL		216	7.01					184	5.97		1464	47.50											1218	39.52		3082	
	SIXTH				Excluded					61	28.24		55	25.46											100	46.30		216	
		TOTAL								245	7.95		1519	49.29											1318	42.76		3082	
	SEVENTH										Excluded		121	49.39											124	50.61		245	
		TOTAL											1640	53.21											1442	46.79		3082	
													Elected																
																													
Oldfield Road                                                  																													
	FIRST			116	7.71		27	1.79		54	3.59		793	52.69		35	2.33		41	2.72		11	0.73		428	28.44		1505	
	SECOND			1	9.09		0	0.00		1	9.09		2	18.18		0	0.00		4	36.36			Excluded		3	27.27		11	
		TOTAL		117	7.77		27	1.79		55	3.65		795	52.82		35	2.33		45	2.99					431	28.64		1505	
	THIRD			6	22.22			Excluded		3	11.11		6	22.22		5	18.52		4	14.81					3	11.11		27	
		TOTAL		123	8.17					58	3.85		801	53.22		40	2.66		49	3.26					434	28.84		1505	
	FOURTH			8	20.00					2	5.00		12	30.00			Excluded		15	37.50					3	7.50		40	
		TOTAL		131	8.70					60	3.99		813	54.02					64	4.25					437	29.04		1505	
	FIFTH			6	9.38					9	14.06		36	56.25						Excluded					13	20.31		64	
		TOTAL		137	9.10					69	4.58		849	56.41											450	29.90		1505	
	SIXTH				Excluded					40	29.20		27	19.71											70	51.09		137	
		TOTAL								109	7.24		876	58.21											520	34.55		1505	
	SEVENTH										Excluded		70	64.22											39	35.78		109	
		TOTAL											946	62.86											559	37.14		1505	
													Elected																
																													
Prospect                                                       																													
	FIRST			28	10.69		6	2.29		12	4.58		114	43.51		9	3.44		11	4.20		3	1.15		79	30.15		262	
	SECOND			0	0.00		0	0.00		1	33.33		1	33.33		1	33.33		0	0.00			Excluded		0	0.00		3	
		TOTAL		28	10.69		6	2.29		13	4.96		115	43.89		10	3.82		11	4.20					79	30.15		262	
	THIRD			1	16.67			Excluded		3	50.00		1	16.67		0	0.00		0	0.00					1	16.67		6	
		TOTAL		29	11.07					16	6.11		116	44.27		10	3.82		11	4.20					80	30.53		262	
	FOURTH			2	20.00					0	0.00		5	50.00			Excluded		3	30.00					0	0.00		10	
		TOTAL		31	11.83					16	6.11		121	46.18					14	5.34					80	30.53		262	
	FIFTH			2	14.29					1	7.14		8	57.14						Excluded					3	21.43		14	
		TOTAL		33	12.60					17	6.49		129	49.24											83	31.68		262	
	SIXTH				Excluded					4	12.12		10	30.30											19	57.58		33	
		TOTAL								21	8.02		139	53.05											102	38.93		262	
	SEVENTH										Excluded		13	61.90											8	38.10		21	
		TOTAL											152	58.02											110	41.98		262	
													Elected																
																													
Quakers Hill                                                   																													
	FIRST			128	5.53		38	1.64		114	4.92		1185	51.17		62	2.68		98	4.23		17	0.73		674	29.10		2316	
	SECOND			0	0.00		1	5.88		2	11.76		5	29.41		1	5.88		3	17.65			Excluded		5	29.41		17	
		TOTAL		128	5.53		39	1.68		116	5.01		1190	51.38		63	2.72		101	4.36					679	29.32		2316	
	THIRD			5	12.82			Excluded		11	28.21		10	25.64		1	2.56		5	12.82					7	17.95		39	
		TOTAL		133	5.74					127	5.48		1200	51.81		64	2.76		106	4.58					686	29.62		2316	
	FOURTH			3	4.69					7	10.94		32	50.00			Excluded		15	23.44					7	10.94		64	
		TOTAL		136	5.87					134	5.79		1232	53.20					121	5.22					693	29.92		2316	
	FIFTH			14	11.57					9	7.44		64	52.89						Excluded					34	28.10		121	
		TOTAL		150	6.48					143	6.17		1296	55.96											727	31.39		2316	
	SIXTH				Excluded					52	34.67		30	20.00											68	45.33		150	
		TOTAL								195	8.42		1326	57.25											795	34.33		2316	
	SEVENTH										Excluded		106	54.36											89	45.64		195	
		TOTAL											1432	61.83											884	38.17		2316	
													Elected																
																													
Quakers Hill East                                              																													
	FIRST			167	5.20		47	1.46		163	5.07		1259	39.20		60	1.87		156	4.86		23	0.72		1337	41.63		3212	
	SECOND			2	8.70		2	8.70		0	0.00		8	34.78		3	13.04		5	21.74			Excluded		3	13.04		23	
		TOTAL		169	5.26		49	1.53		163	5.07		1267	39.45		63	1.96		161	5.01					1340	41.72		3212	
	THIRD			4	8.16			Excluded		19	38.78		13	26.53		2	4.08		3	6.12					8	16.33		49	
		TOTAL		173	5.39					182	5.67		1280	39.85		65	2.02		164	5.11					1348	41.97		3212	
	FOURTH			5	7.69					5	7.69		34	52.31			Excluded		16	24.62					5	7.69		65	
		TOTAL		178	5.54					187	5.82		1314	40.91					180	5.60					1353	42.12		3212	
	FIFTH			12	6.67					8	4.44		91	50.56						Excluded					69	38.33		180	
		TOTAL		190	5.92					195	6.07		1405	43.74											1422	44.27		3212	
	SIXTH				Excluded					44	23.16		37	19.47											109	57.37		190	
		TOTAL								239	7.44		1442	44.89											1531	47.67		3212	
	SEVENTH										Excluded		111	46.44											128	53.56		239	
		TOTAL											1553	48.35											1659	51.65		3212	
													Elected																
																													
Quakers Hill North                                             																													
	FIRST			146	5.26		45	1.62		91	3.28		1020	36.76		57	2.05		155	5.59		27	0.97		1234	44.47		2775	
	SECOND			0	0.00		0	0.00		1	3.70		9	33.33		3	11.11		8	29.63			Excluded		6	22.22		27	
		TOTAL		146	5.26		45	1.62		92	3.32		1029	37.08		60	2.16		163	5.87					1240	44.68		2775	
	THIRD			4	8.89			Excluded		15	33.33		10	22.22		5	11.11		1	2.22					10	22.22		45	
		TOTAL		150	5.41					107	3.86		1039	37.44		65	2.34		164	5.91					1250	45.05		2775	
	FOURTH			4	6.15					7	10.77		27	41.54			Excluded		17	26.15					10	15.38		65	
		TOTAL		154	5.55					114	4.11		1066	38.41					181	6.52					1260	45.41		2775	
	FIFTH			13	7.18					8	4.42		90	49.72						Excluded					70	38.67		181	
		TOTAL		167	6.02					122	4.40		1156	41.66											1330	47.93		2775	
	SIXTH				Excluded					35	20.96		42	25.15											90	53.89		167	
		TOTAL								157	5.66		1198	43.17											1420	51.17		2775	
	SEVENTH										Excluded		82	52.23											75	47.77		157	
		TOTAL											1280	46.13											1495	53.87		2775	
													Elected																
																													
Quakers Hill West                                              																													
	FIRST			17	7.52		4	1.77		9	3.98		119	52.65		6	2.65		10	4.42		3	1.33		58	25.66		226	
	SECOND			0	0.00		0	0.00		0	0.00		1	33.33		0	0.00		1	33.33			Excluded		1	33.33		3	
		TOTAL		17	7.52		4	1.77		9	3.98		120	53.10		6	2.65		11	4.87					59	26.11		226	
	THIRD			0	0.00			Excluded		3	75.00		1	25.00		0	0.00		0	0.00					0	0.00		4	
		TOTAL		17	7.52					12	5.31		121	53.54		6	2.65		11	4.87					59	26.11		226	
	FOURTH			0	0.00					0	0.00		0	0.00			Excluded		5	83.33					1	16.67		6	
		TOTAL		17	7.52					12	5.31		121	53.54					16	7.08					60	26.55		226	
	FIFTH			2	12.50					0	0.00		10	62.50						Excluded					4	25.00		16	
		TOTAL		19	8.41					12	5.31		131	57.96											64	28.32		226	
	SIXTH				Excluded					4	21.05		7	36.84											8	42.11		19	
		TOTAL								16	7.08		138	61.06											72	31.86		226	
	SEVENTH										Excluded		11	68.75											5	31.25		16	
		TOTAL											149	65.93											77	34.07		226	
													Elected																
																													
Riverstone                                                     																													
	FIRST			76	5.03		21	1.39		145	9.60		645	42.69		34	2.25		30	1.99		6	0.40		554	36.66		1511	
	SECOND			0	0.00		1	16.67		1	16.67		1	16.67		2	33.33		1	16.67			Excluded		0	0.00		6	
		TOTAL		76	5.03		22	1.46		146	9.66		646	42.75		36	2.38		31	2.05					554	36.66		1511	
	THIRD			3	13.64			Excluded		8	36.36		3	13.64		4	18.18		1	4.55					3	13.64		22	
		TOTAL		79	5.23					154	10.19		649	42.95		40	2.65		32	2.12					557	36.86		1511	
	FOURTH			2	5.00					5	12.50		10	25.00			Excluded		18	45.00					5	12.50		40	
		TOTAL		81	5.36					159	10.52		659	43.61					50	3.31					562	37.19		1511	
	FIFTH			11	22.00					2	4.00		24	48.00						Excluded					13	26.00		50	
		TOTAL		92	6.09					161	10.66		683	45.20											575	38.05		1511	
	SIXTH				Excluded					40	43.48		9	9.78											43	46.74		92	
		TOTAL								201	13.30		692	45.80											618	40.90		1511	
	SEVENTH										Excluded		92	45.77											109	54.23		201	
		TOTAL											784	51.89											727	48.11		1511	
													Elected																
																													
Riverstone East                                                																													
	FIRST			117	7.43		43	2.73		134	8.51		543	34.48		48	3.05		46	2.92		5	0.32		639	40.57		1575	
	SECOND			0	0.00		2	40.00		1	20.00		0	0.00		2	40.00		0	0.00			Excluded		0	0.00		5	
		TOTAL		117	7.43		45	2.86		135	8.57		543	34.48		50	3.17		46	2.92					639	40.57		1575	
	THIRD			5	11.11			Excluded		23	51.11		4	8.89		6	13.33		1	2.22					6	13.33		45	
		TOTAL		122	7.75					158	10.03		547	34.73		56	3.56		47	2.98					645	40.95		1575	
	FOURTH			3	5.36					6	10.71		15	26.79			Excluded		22	39.29					10	17.86		56	
		TOTAL		125	7.94					164	10.41		562	35.68					69	4.38					655	41.59		1575	
	FIFTH			7	10.14					6	8.70		28	40.58						Excluded					28	40.58		69	
		TOTAL		132	8.38					170	10.79		590	37.46											683	43.37		1575	
	SIXTH				Excluded					40	30.30		15	11.36											77	58.33		132	
		TOTAL								210	13.33		605	38.41											760	48.25		1575	
	SEVENTH										Excluded		102	48.57											108	51.43		210	
		TOTAL											707	44.89											868	55.11		1575	
													Elected																
																													
Schofields                                                     																													
	FIRST			105	7.03		33	2.21		128	8.57		507	33.94		40	2.68		40	2.68		9	0.60		632	42.30		1494	
	SECOND			0	0.00		1	11.11		0	0.00		1	11.11		3	33.33		0	0.00			Excluded		4	44.44		9	
		TOTAL		105	7.03		34	2.28		128	8.57		508	34.00		43	2.88		40	2.68					636	42.57		1494	
	THIRD			3	8.82			Excluded		14	41.18		11	32.35		3	8.82		1	2.94					2	5.88		34	
		TOTAL		108	7.23					142	9.50		519	34.74		46	3.08		41	2.74					638	42.70		1494	
	FOURTH			3	6.52					6	13.04		12	26.09			Excluded		20	43.48					5	10.87		46	
		TOTAL		111	7.43					148	9.91		531	35.54					61	4.08					643	43.04		1494	
	FIFTH			4	6.56					5	8.20		32	52.46						Excluded					20	32.79		61	
		TOTAL		115	7.70					153	10.24		563	37.68											663	44.38		1494	
	SIXTH				Excluded					45	39.13		13	11.30											57	49.57		115	
		TOTAL								198	13.25		576	38.55											720	48.19		1494	
	SEVENTH										Excluded		88	44.44											110	55.56		198	
		TOTAL											664	44.44											830	55.56		1494	
													Elected																
																													
Seven Hills                                                    																													
	FIRST			101	6.00		38	2.26		126	7.49		826	49.08		47	2.79		48	2.85		17	1.01		480	28.52		1683	
	SECOND			0	0.00		1	5.88		0	0.00		7	41.18		4	23.53		4	23.53			Excluded		1	5.88		17	
		TOTAL		101	6.00		39	2.32		126	7.49		833	49.49		51	3.03		52	3.09					481	28.58		1683	
	THIRD			5	12.82			Excluded		14	35.90		8	20.51		3	7.69		1	2.56					8	20.51		39	
		TOTAL		106	6.30					140	8.32		841	49.97		54	3.21		53	3.15					489	29.06		1683	
	FOURTH			4	7.41					5	9.26		16	29.63			Excluded		26	48.15					3	5.56		54	
		TOTAL		110	6.54					145	8.62		857	50.92					79	4.69					492	29.23		1683	
	FIFTH			8	10.13					9	11.39		41	51.90						Excluded					21	26.58		79	
		TOTAL		118	7.01					154	9.15		898	53.36											513	30.48		1683	
	SIXTH				Excluded					45	38.14		24	20.34											49	41.53		118	
		TOTAL								199	11.82		922	54.78											562	33.39		1683	
	SEVENTH										Excluded		92	46.23											107	53.77		199	
		TOTAL											1014	60.25											669	39.75		1683	
													Elected																
																													
Seven Hills High                                               																													
	FIRST			94	5.92		43	2.71		99	6.23		590	37.15		48	3.02		77	4.85		12	0.76		625	39.36		1588	
	SECOND			1	8.33		0	0.00		2	16.67		4	33.33		3	25.00		1	8.33			Excluded		1	8.33		12	
		TOTAL		95	5.98		43	2.71		101	6.36		594	37.41		51	3.21		78	4.91					626	39.42		1588	
	THIRD			6	13.95			Excluded		13	30.23		11	25.58		3	6.98		4	9.30					6	13.95		43	
		TOTAL		101	6.36					114	7.18		605	38.10		54	3.40		82	5.16					632	39.80		1588	
	FOURTH			4	7.41					6	11.11		20	37.04			Excluded		21	38.89					3	5.56		54	
		TOTAL		105	6.61					120	7.56		625	39.36					103	6.49					635	39.99		1588	
	FIFTH			8	7.77					2	1.94		64	62.14						Excluded					29	28.16		103	
		TOTAL		113	7.12					122	7.68		689	43.39											664	41.81		1588	
	SIXTH				Excluded					24	21.24		24	21.24											65	57.52		113	
		TOTAL								146	9.19		713	44.90											729	45.91		1588	
	SEVENTH										Excluded		86	58.90											60	41.10		146	
		TOTAL											799	50.31											789	49.69		1588	
													Elected																
																													
Seven Hills North                                              																													
	FIRST			103	5.98		28	1.63		50	2.90		549	31.86		55	3.19		59	3.42		10	0.58		869	50.44		1723	
	SECOND			1	10.00		0	0.00		1	10.00		3	30.00		2	20.00		1	10.00			Excluded		2	20.00		10	
		TOTAL		104	6.04		28	1.63		51	2.96		552	32.04		57	3.31		60	3.48					871	50.55		1723	
	THIRD			2	7.14			Excluded		9	32.14		7	25.00		7	25.00		0	0.00					3	10.71		28	
		TOTAL		106	6.15					60	3.48		559	32.44		64	3.71		60	3.48					874	50.73		1723	
	FOURTH			3	4.69					6	9.38		10	15.63			Excluded		28	43.75					17	26.56		64	
		TOTAL		109	6.33					66	3.83		569	33.02					88	5.11					891	51.71		1723	
	FIFTH			15	17.05					2	2.27		49	55.68						Excluded					22	25.00		88	
		TOTAL		124	7.20					68	3.95		618	35.87											913	52.99		1723	
	SIXTH				Excluded					24	19.35		27	21.77											73	58.87		124	
		TOTAL								92	5.34		645	37.43											986	57.23		1723	
	SEVENTH										Excluded		49	53.26											43	46.74		92	
		TOTAL											694	40.28											1029	59.72		1723	
													Elected																
																													
Seven Hills West                                               																													
	FIRST			78	4.28		41	2.25		116	6.37		961	52.77		35	1.92		63	3.46		16	0.88		511	28.06		1821	
	SECOND			3	18.75		1	6.25		0	0.00		3	18.75		1	6.25		4	25.00			Excluded		4	25.00		16	
		TOTAL		81	4.45		42	2.31		116	6.37		964	52.94		36	1.98		67	3.68					515	28.28		1821	
	THIRD			5	11.90			Excluded		18	42.86		4	9.52		6	14.29		0	0.00					9	21.43		42	
		TOTAL		86	4.72					134	7.36		968	53.16		42	2.31		67	3.68					524	28.78		1821	
	FOURTH			2	4.76					3	7.14		21	50.00			Excluded		12	28.57					4	9.52		42	
		TOTAL		88	4.83					137	7.52		989	54.31					79	4.34					528	29.00		1821	
	FIFTH			6	7.59					10	12.66		52	65.82						Excluded					11	13.92		79	
		TOTAL		94	5.16					147	8.07		1041	57.17											539	29.60		1821	
	SIXTH				Excluded					35	37.23		18	19.15											41	43.62		94	
		TOTAL								182	9.99		1059	58.15											580	31.85		1821	
	SEVENTH										Excluded		96	52.75											86	47.25		182	
		TOTAL											1155	63.43											666	36.57		1821	
													Elected																
																													
St Michael's                                                   																													
	FIRST			97	7.78		11	0.88		54	4.33		631	50.64		34	2.73		38	3.05		14	1.12		367	29.45		1246	
	SECOND			1	7.14		1	7.14		0	0.00		2	14.29		3	21.43		3	21.43			Excluded		4	28.57		14	
		TOTAL		98	7.87		12	0.96		54	4.33		633	50.80		37	2.97		41	3.29					371	29.78		1246	
	THIRD			5	41.67			Excluded		3	25.00		1	8.33		1	8.33		0	0.00					2	16.67		12	
		TOTAL		103	8.27					57	4.57		634	50.88		38	3.05		41	3.29					373	29.94		1246	
	FOURTH			3	7.89					5	13.16		15	39.47			Excluded		9	23.68					6	15.79		38	
		TOTAL		106	8.51					62	4.98		649	52.09					50	4.01					379	30.42		1246	
	FIFTH			8	16.00					5	10.00		24	48.00						Excluded					13	26.00		50	
		TOTAL		114	9.15					67	5.38		673	54.01											392	31.46		1246	
	SIXTH				Excluded					39	34.21		26	22.81											49	42.98		114	
		TOTAL								106	8.51		699	56.10											441	35.39		1246	
	SEVENTH										Excluded		58	54.72											48	45.28		106	
		TOTAL											757	60.75											489	39.25		1246	
													Elected																
																													
Sydney (Greenway)                                              																													
	FIRST			3	2.59		1	0.86		0	0.00		60	51.72		6	5.17		5	4.31		1	0.86		40	34.48		116	
	SECOND			0	0.00		0	0.00		0	0.00		0	0.00		1	100.00		0	0.00			Excluded		0	0.00		1	
		TOTAL		3	2.59		1	0.86		0	0.00		60	51.72		7	6.03		5	4.31					40	34.48		116	
	THIRD			1	100.00			Excluded		0	0.00		0	0.00		0	0.00		0	0.00					0	0.00		1	
		TOTAL		4	3.45					0	0.00		60	51.72		7	6.03		5	4.31					40	34.48		116	
	FOURTH			0	0.00					1	14.29		4	57.14			Excluded		1	14.29					1	14.29		7	
		TOTAL		4	3.45					1	0.86		64	55.17					6	5.17					41	35.34		116	
	FIFTH			0	0.00					1	16.67		4	66.67						Excluded					1	16.67		6	
		TOTAL		4	3.45					2	1.72		68	58.62											42	36.21		116	
	SIXTH				Excluded					1	25.00		2	50.00											1	25.00		4	
		TOTAL								3	2.59		70	60.34											43	37.07		116	
	SEVENTH										Excluded		0	0.00											3	100.00		3	
		TOTAL											70	60.34											46	39.66		116	
													Elected																
																													
Vineyard East (Greenway)                                       																													
	FIRST			12	7.89		3	1.97		21	13.82		46	30.26		1	0.66		4	2.63		5	3.29		60	39.47		152	
	SECOND			1	20.00		1	20.00		0	0.00		2	40.00		0	0.00		0	0.00			Excluded		1	20.00		5	
		TOTAL		13	8.55		4	2.63		21	13.82		48	31.58		1	0.66		4	2.63					61	40.13		152	
	THIRD			0	0.00			Excluded		3	75.00		0	0.00		0	0.00		0	0.00					1	25.00		4	
		TOTAL		13	8.55					24	15.79		48	31.58		1	0.66		4	2.63					62	40.79		152	
	FOURTH			1	100.00					0	0.00		0	0.00			Excluded		0	0.00					0	0.00		1	
		TOTAL		14	9.21					24	15.79		48	31.58					4	2.63					62	40.79		152	
	FIFTH			1	25.00					0	0.00		1	25.00						Excluded					2	50.00		4	
		TOTAL		15	9.87					24	15.79		49	32.24											64	42.11		152	
	SIXTH				Excluded					4	26.67		4	26.67											7	46.67		15	
		TOTAL								28	18.42		53	34.87											71	46.71		152	
	SEVENTH										Excluded		12	42.86											16	57.14		28	
		TOTAL											65	42.76											87	57.24		152	
													Elected																
																													
Walters Road (Greenway)                                        																													
	FIRST			67	6.00		32	2.87		55	4.93		530	47.49		39	3.49		31	2.78		12	1.08		350	31.36		1116	
	SECOND			1	8.33		0	0.00		0	0.00		6	50.00		1	8.33		3	25.00			Excluded		1	8.33		12	
		TOTAL		68	6.09		32	2.87		55	4.93		536	48.03		40	3.58		34	3.05					351	31.45		1116	
	THIRD			5	15.63			Excluded		11	34.38		10	31.25		2	6.25		3	9.38					1	3.13		32	
		TOTAL		73	6.54					66	5.91		546	48.92		42	3.76		37	3.32					352	31.54		1116	
	FOURTH			3	7.14					4	9.52		11	26.19			Excluded		19	45.24					5	11.90		42	
		TOTAL		76	6.81					70	6.27		557	49.91					56	5.02					357	31.99		1116	
	FIFTH			6	10.71					3	5.36		32	57.14						Excluded					15	26.79		56	
		TOTAL		82	7.35					73	6.54		589	52.78											372	33.33		1116	
	SIXTH				Excluded					34	41.46		15	18.29											33	40.24		82	
		TOTAL								107	9.59		604	54.12											405	36.29		1116	
	SEVENTH										Excluded		66	61.68											41	38.32		107	
		TOTAL											670	60.04											446	39.96		1116	
													Elected																
																													
Special Hospital Team 1                                        																													
	FIRST			14	7.37		1	0.53		1	0.53		70	36.84		1	0.53		2	1.05		1	0.53		100	52.63		190	
	SECOND			1	100.00		0	0.00		0	0.00		0	0.00		0	0.00		0	0.00			Excluded		0	0.00		1	
		TOTAL		15	7.89		1	0.53		1	0.53		70	36.84		1	0.53		2	1.05					100	52.63		190	
	THIRD			0	0.00			Excluded		0	0.00		0	0.00		0	0.00		0	0.00					1	100.00		1	
		TOTAL		15	7.89					1	0.53		70	36.84		1	0.53		2	1.05					101	53.16		190	
	FOURTH			0	0.00					0	0.00		1	100.00			Excluded		0	0.00					0	0.00		1	
		TOTAL		15	7.89					1	0.53		71	37.37					2	1.05					101	53.16		190	
	FIFTH			1	50.00					0	0.00		0	0.00						Excluded					1	50.00		2	
		TOTAL		16	8.42					1	0.53		71	37.37											102	53.68		190	
	SIXTH				Excluded					10	62.50		2	12.50											4	25.00		16	
		TOTAL								11	5.79		73	38.42											106	55.79		190	
	SEVENTH										Excluded		9	81.82											2	18.18		11	
		TOTAL											82	43.16											108	56.84		190	
													Elected																
																													
ABSENT																													
	FIRST			323	6.15		233	4.44		312	5.95		1765	33.63		250	4.76		251	4.78		65	1.24		2049	39.04		5248	
	SECOND			4	6.15		3	4.62		2	3.08		2	3.08		8	12.31		31	47.69			Excluded		15	23.08		65	
		TOTAL		327	6.23		236	4.50		314	5.98		1767	33.67		258	4.92		282	5.37					2064	39.33		5248	
	THIRD			31	13.14			Excluded		68	28.81		55	23.31		23	9.75		16	6.78					43	18.22		236	
		TOTAL		358	6.82					382	7.28		1822	34.72		281	5.35		298	5.68					2107	40.15		5248	
	FOURTH			26	9.25					38	13.52		75	26.69			Excluded		99	35.23					43	15.30		281	
		TOTAL		384	7.32					420	8.00		1897	36.15					397	7.56					2150	40.97		5248	
	FIFTH			34	8.56					47	11.84		192	48.36						Excluded					124	31.23		397	
		TOTAL		418	7.96					467	8.90		2089	39.81											2274	43.33		5248	
	SIXTH				Excluded					177	42.34		95	22.73											146	34.93		418	
		TOTAL								644	12.27		2184	41.62											2420	46.11		5248	
	SEVENTH										Excluded		435	67.55											209	32.45		644	
		TOTAL											2619	49.90											2629	50.10		5248	
													Elected																
																													
POSTAL																													
	FIRST			96	4.48		35	1.63		120	5.60		907	42.30		25	1.17		52	2.43		10	0.47		899	41.93		2144	
	SECOND			1	10.00		1	10.00		1	10.00		0	0.00		1	10.00		2	20.00			Excluded		4	40.00		10	
		TOTAL		97	4.52		36	1.68		121	5.64		907	42.30		26	1.21		54	2.52					903	42.12		2144	
	THIRD			3	8.33			Excluded		9	25.00		11	30.56		4	11.11		2	5.56					7	19.44		36	
		TOTAL		100	4.66					130	6.06		918	42.82		30	1.40		56	2.61					910	42.44		2144	
	FOURTH			4	13.33					1	3.33		9	30.00			Excluded		11	36.67					5	16.67		30	
		TOTAL		104	4.85					131	6.11		927	43.24					67	3.13					915	42.68		2144	
	FIFTH			7	10.45					7	10.45		36	53.73						Excluded					17	25.37		67	
		TOTAL		111	5.18					138	6.44		963	44.92											932	43.47		2144	
	SIXTH				Excluded					24	21.62		25	22.52											62	55.86		111	
		TOTAL								162	7.56		988	46.08											994	46.36		2144	
	SEVENTH										Excluded		63	38.89											99	61.11		162	
		TOTAL											1051	49.02											1093	50.98		2144	
													Elected																
																													
PRE POLL																													
	FIRST			169	5.67		73	2.45		183	6.15		1290	43.32		75	2.52		107	3.59		25	0.84		1056	35.46		2978	
	SECOND			2	8.00		3	12.00		3	12.00		6	24.00		2	8.00		3	12.00			Excluded		6	24.00		25	
		TOTAL		171	5.74		76	2.55		186	6.25		1296	43.52		77	2.59		110	3.69					1062	35.66		2978	
	THIRD			9	11.84			Excluded		23	30.26		16	21.05		7	9.21		7	9.21					14	18.42		76	
		TOTAL		180	6.04					209	7.02		1312	44.06		84	2.82		117	3.93					1076	36.13		2978	
	FOURTH			8	9.52					15	17.86		27	32.14			Excluded		21	25.00					13	15.48		84	
		TOTAL		188	6.31					224	7.52		1339	44.96					138	4.63					1089	36.57		2978	
	FIFTH			15	10.87					9	6.52		72	52.17						Excluded					42	30.43		138	
		TOTAL		203	6.82					233	7.82		1411	47.38											1131	37.98		2978	
	SIXTH				Excluded					65	32.02		51	25.12											87	42.86		203	
		TOTAL								298	10.01		1462	49.09											1218	40.90		2978	
	SEVENTH										Excluded		138	46.31											160	53.69		298	
		TOTAL											1600	53.73											1378	46.27		2978	
													Elected																
																													
PROVISIONAL																													
	FIRST			20	4.72		11	2.59		20	4.72		217	51.18		11	2.59		10	2.36		3	0.71		132	31.13		424	
	SECOND			0	0.00		1	33.33		0	0.00		0	0.00		0	0.00		0	0.00			Excluded		2	66.67		3	
		TOTAL		20	4.72		12	2.83		20	4.72		217	51.18		11	2.59		10	2.36					134	31.60		424	
	THIRD			1	8.33			Excluded		4	33.33		3	25.00		2	16.67		1	8.33					1	8.33		12	
		TOTAL		21	4.95					24	5.66		220	51.89		13	3.07		11	2.59					135	31.84		424	
	FOURTH			0	0.00					5	38.46		3	23.08			Excluded		4	30.77					1	7.69		13	
		TOTAL		21	4.95					29	6.84		223	52.59					15	3.54					136	32.08		424	
	FIFTH			3	20.00					1	6.67		6	40.00						Excluded					5	33.33		15	
		TOTAL		24	5.66					30	7.08		229	54.01											141	33.25		424	
	SIXTH				Excluded					5	20.83		7	29.17											12	50.00		24	
		TOTAL								35	8.25		236	55.66											153	36.08		424	
	SEVENTH										Excluded		19	54.29											16	45.71		35	
		TOTAL											255	60.14											169	39.86		424	
													Elected																
																													
																													
																													
																													
																													
																													
																													
																													
																													
																													
																													
																													
																													
																													
																													
																													
																													
																													
																													
																													
																													
																													
																													
																													
																													
																													
																													
																													
																													
																													
																													
																													
																													
																													
																													
																													
																													
																													
																													
																													
																													
																													
																													
																													
																													
																													
																													
																													
																													
																													
																													
																													
																													
																													
																													
																													
																													
																													
																													
																													
																													
																													
																													
																													
																													
																													
																													
																													
																													
																													
																													
																													
																													
																													
																													
																													
																													
																													
																													
																													
																													
																													
																													
																													
																													
																													
																													
																													
																													
																													
																													
																													
																													
																													
																													
																													
																													
																													
																													
																													
																													
																													
																													
																													
																													
																													
																													
																													
																													
																													
																													
																													
																													
																													
																													
																													
																													
																													
																													
																													
																													
																													
																													
																													
																													
																													
																													
																													
																													
																													
																													
																													
																													
																													
																													
																													
																													
																													
																													
																													
																													
																													
																													
																													
																													
																													
																													
																													
																													
																													
																													
																													
																													
																													
																													
																													
																													
																													
																													
																													
																													
																													
																													
																													
																													
																													
																													
																													
																													
																													
																													
																													
																													
																													
																													
																													
																													
																													
																													
																													
