House of Representatives - 2001 Election: New South Wales																													
Distribution of Preferences																													
By Polling Place																													
																													
Prospect																													
				FILIPCZYK			HUTCHINSON			OATES			HAROON			PERKINS			PEACOCK			TAI			CROSIO				
				Rebecca			John Robert			Garry A			Lewis			Gareth			Thomas			Kek			Janice				
				GRN			HAN			AFI			CTA			LP			DEM			UNI			ALP				
	Count			Votes	%		Votes	%		Votes	%		Votes	%		Votes	%		Votes	%		Votes	%		Votes	%		Total	
Abbotsbury                                                     																													
	FIRST			55	3.81		35	2.42		20	1.38		19	1.31		607	42.01		40	2.77		11	0.76		658	45.54		1445	
	SECOND			4	36.36		0	0.00		0	0.00		0	0.00		2	18.18		0	0.00			Excluded		5	45.45		11	
		TOTAL		59	4.08		35	2.42		20	1.38		19	1.31		609	42.15		40	2.77					663	45.88		1445	
	THIRD			2	10.00		7	35.00			Excluded		2	10.00		6	30.00		0	0.00					3	15.00		20	
		TOTAL		61	4.22		42	2.91					21	1.45		615	42.56		40	2.77					666	46.09		1445	
	FOURTH			14	35.00		2	5.00					3	7.50		12	30.00			Excluded					9	22.50		40	
		TOTAL		75	5.19		44	3.04					24	1.66		627	43.39								675	46.71		1445	
	FIFTH			8	33.33		1	4.17						Excluded		7	29.17								8	33.33		24	
		TOTAL		83	5.74		45	3.11								634	43.88								683	47.27		1445	
	SIXTH			14	31.11			Excluded								19	42.22								12	26.67		45	
		TOTAL		97	6.71											653	45.19								695	48.10		1445	
	SEVENTH				Excluded											53	54.64								44	45.36		97	
		TOTAL														706	48.86								739	51.14		1445	
																									Elected				
																													
Banks Drive                                                    																													
	FIRST			180	4.77		254	6.73		89	2.36		72	1.91		1256	33.28		102	2.70		9	0.24		1812	48.01		3774	
	SECOND			3	33.33		0	0.00		0	0.00		1	11.11		0	0.00		2	22.22			Excluded		3	33.33		9	
		TOTAL		183	4.85		254	6.73		89	2.36		73	1.93		1256	33.28		104	2.76					1815	48.09		3774	
	THIRD			11	12.36		29	32.58			Excluded		5	5.62		24	26.97		7	7.87					13	14.61		89	
		TOTAL		194	5.14		283	7.50					78	2.07		1280	33.92		111	2.94					1828	48.44		3774	
	FOURTH			23	20.72		9	8.11					10	9.01		33	29.73			Excluded					36	32.43		111	
		TOTAL		217	5.75		292	7.74					88	2.33		1313	34.79								1864	49.39		3774	
	FIFTH			12	13.64		15	17.05						Excluded		42	47.73								19	21.59		88	
		TOTAL		229	6.07		307	8.13								1355	35.90								1883	49.89		3774	
	SIXTH			82	26.71			Excluded								168	54.72								57	18.57		307	
		TOTAL		311	8.24											1523	40.36								1940	51.40		3774	
	SEVENTH				Excluded											157	50.48								154	49.52		311	
		TOTAL														1680	44.52								2094	55.48		3774	
																									Elected				
																													
Blackwell                                                      																													
	FIRST			80	3.29		185	7.61		70	2.88		43	1.77		837	34.42		71	2.92		9	0.37		1137	46.75		2432	
	SECOND			1	11.11		1	11.11		0	0.00		0	0.00		2	22.22		2	22.22			Excluded		3	33.33		9	
		TOTAL		81	3.33		186	7.65		70	2.88		43	1.77		839	34.50		73	3.00					1140	46.88		2432	
	THIRD			8	11.43		29	41.43			Excluded		1	1.43		22	31.43		4	5.71					6	8.57		70	
		TOTAL		89	3.66		215	8.84					44	1.81		861	35.40		77	3.17					1146	47.12		2432	
	FOURTH			19	24.68		5	6.49					7	9.09		18	23.38			Excluded					28	36.36		77	
		TOTAL		108	4.44		220	9.05					51	2.10		879	36.14								1174	48.27		2432	
	FIFTH			7	13.73		2	3.92						Excluded		31	60.78								11	21.57		51	
		TOTAL		115	4.73		222	9.13								910	37.42								1185	48.73		2432	
	SIXTH			77	34.68			Excluded								94	42.34								51	22.97		222	
		TOTAL		192	7.89											1004	41.28								1236	50.82		2432	
	SEVENTH				Excluded											103	53.65								89	46.35		192	
		TOTAL														1107	45.52								1325	54.48		2432	
																									Elected				
																													
Bossley Park                                                   																													
	FIRST			115	3.81		91	3.02		31	1.03		137	4.54		757	25.09		62	2.06		38	1.26		1786	59.20		3017	
	SECOND			3	7.89		0	0.00		1	2.63		1	2.63		3	7.89		13	34.21			Excluded		17	44.74		38	
		TOTAL		118	3.91		91	3.02		32	1.06		138	4.57		760	25.19		75	2.49					1803	59.76		3017	
	THIRD			5	15.63		10	31.25			Excluded		4	12.50		5	15.63		1	3.13					7	21.88		32	
		TOTAL		123	4.08		101	3.35					142	4.71		765	25.36		76	2.52					1810	59.99		3017	
	FOURTH			24	31.58		2	2.63					6	7.89		14	18.42			Excluded					30	39.47		76	
		TOTAL		147	4.87		103	3.41					148	4.91		779	25.82								1840	60.99		3017	
	FIFTH			17	11.49		12	8.11						Excluded		80	54.05								39	26.35		148	
		TOTAL		164	5.44		115	3.81								859	28.47								1879	62.28		3017	
	SIXTH			44	38.26			Excluded								44	38.26								27	23.48		115	
		TOTAL		208	6.89											903	29.93								1906	63.18		3017	
	SEVENTH				Excluded											119	57.21								89	42.79		208	
		TOTAL														1022	33.87								1995	66.13		3017	
																									Elected				
																													
Bossley Park High                                              																													
	FIRST			87	4.87		51	2.86		33	1.85		55	3.08		490	27.45		42	2.35		22	1.23		1005	56.30		1785	
	SECOND			3	13.64		1	4.55		0	0.00		0	0.00		1	4.55		5	22.73			Excluded		12	54.55		22	
		TOTAL		90	5.04		52	2.91		33	1.85		55	3.08		491	27.51		47	2.63					1017	56.97		1785	
	THIRD			8	24.24		13	39.39			Excluded		2	6.06		7	21.21		2	6.06					1	3.03		33	
		TOTAL		98	5.49		65	3.64					57	3.19		498	27.90		49	2.75					1018	57.03		1785	
	FOURTH			13	26.53		1	2.04					3	6.12		12	24.49			Excluded					20	40.82		49	
		TOTAL		111	6.22		66	3.70					60	3.36		510	28.57								1038	58.15		1785	
	FIFTH			11	18.33		10	16.67						Excluded		20	33.33								19	31.67		60	
		TOTAL		122	6.83		76	4.26								530	29.69								1057	59.22		1785	
	SIXTH			38	50.00			Excluded								25	32.89								13	17.11		76	
		TOTAL		160	8.96											555	31.09								1070	59.94		1785	
	SEVENTH				Excluded											107	66.88								53	33.13		160	
		TOTAL														662	37.09								1123	62.91		1785	
																									Elected				
																													
Clairgate                                                      																													
	FIRST			68	3.11		123	5.62		54	2.47		63	2.88		812	37.11		72	3.29		8	0.37		988	45.16		2188	
	SECOND			0	0.00		0	0.00		0	0.00		0	0.00		3	37.50		3	37.50			Excluded		2	25.00		8	
		TOTAL		68	3.11		123	5.62		54	2.47		63	2.88		815	37.25		75	3.43					990	45.25		2188	
	THIRD			8	14.81		18	33.33			Excluded		3	5.56		11	20.37		8	14.81					6	11.11		54	
		TOTAL		76	3.47		141	6.44					66	3.02		826	37.75		83	3.79					996	45.52		2188	
	FOURTH			23	27.71		4	4.82					4	4.82		24	28.92			Excluded					28	33.73		83	
		TOTAL		99	4.52		145	6.63					70	3.20		850	38.85								1024	46.80		2188	
	FIFTH			5	7.14		11	15.71						Excluded		35	50.00								19	27.14		70	
		TOTAL		104	4.75		156	7.13								885	40.45								1043	47.67		2188	
	SIXTH			65	41.67			Excluded								61	39.10								30	19.23		156	
		TOTAL		169	7.72											946	43.24								1073	49.04		2188	
	SEVENTH				Excluded											99	58.58								70	41.42		169	
		TOTAL														1045	47.76								1143	52.24		2188	
																									Elected				
																													
Erskine Park                                                   																													
	FIRST			128	3.93		248	7.61		68	2.09		73	2.24		1151	35.33		80	2.46		13	0.40		1497	45.95		3258	
	SECOND			1	7.69		0	0.00		0	0.00		1	7.69		6	46.15		1	7.69			Excluded		4	30.77		13	
		TOTAL		129	3.96		248	7.61		68	2.09		74	2.27		1157	35.51		81	2.49					1501	46.07		3258	
	THIRD			18	26.47		11	16.18			Excluded		1	1.47		16	23.53		5	7.35					17	25.00		68	
		TOTAL		147	4.51		259	7.95					75	2.30		1173	36.00		86	2.64					1518	46.59		3258	
	FOURTH			27	31.40		6	6.98					6	6.98		19	22.09			Excluded					28	32.56		86	
		TOTAL		174	5.34		265	8.13					81	2.49		1192	36.59								1546	47.45		3258	
	FIFTH			13	16.05		9	11.11						Excluded		37	45.68								22	27.16		81	
		TOTAL		187	5.74		274	8.41								1229	37.72								1568	48.13		3258	
	SIXTH			59	21.53			Excluded								175	63.87								40	14.60		274	
		TOTAL		246	7.55											1404	43.09								1608	49.36		3258	
	SEVENTH				Excluded											145	58.94								101	41.06		246	
		TOTAL														1549	47.54								1709	52.46		3258	
																									Elected				
																													
Fairfield                                                      																													
	FIRST			84	5.63		28	1.88		23	1.54		127	8.51		153	10.25		20	1.34		13	0.87		1044	69.97		1492	
	SECOND			0	0.00		0	0.00		1	7.69		0	0.00		0	0.00		1	7.69			Excluded		11	84.62		13	
		TOTAL		84	5.63		28	1.88		24	1.61		127	8.51		153	10.25		21	1.41					1055	70.71		1492	
	THIRD			2	8.33		6	25.00			Excluded		3	12.50		8	33.33		0	0.00					5	20.83		24	
		TOTAL		86	5.76		34	2.28					130	8.71		161	10.79		21	1.41					1060	71.05		1492	
	FOURTH			8	38.10		2	9.52					0	0.00		3	14.29			Excluded					8	38.10		21	
		TOTAL		94	6.30		36	2.41					130	8.71		164	10.99								1068	71.58		1492	
	FIFTH			5	3.85		10	7.69						Excluded		84	64.62								31	23.85		130	
		TOTAL		99	6.64		46	3.08								248	16.62								1099	73.66		1492	
	SIXTH			18	39.13			Excluded								14	30.43								14	30.43		46	
		TOTAL		117	7.84											262	17.56								1113	74.60		1492	
	SEVENTH				Excluded											79	67.52								38	32.48		117	
		TOTAL														341	22.86								1151	77.14		1492	
																									Elected				
																													
Fairfield Central                                              																													
	FIRST			45	4.15		17	1.57		5	0.46		39	3.60		136	12.55		12	1.11		13	1.20		817	75.37		1084	
	SECOND			0	0.00		1	7.69		1	7.69		0	0.00		1	7.69		2	15.38			Excluded		8	61.54		13	
		TOTAL		45	4.15		18	1.66		6	0.55		39	3.60		137	12.64		14	1.29					825	76.11		1084	
	THIRD			0	0.00		1	16.67			Excluded		1	16.67		2	33.33		0	0.00					2	33.33		6	
		TOTAL		45	4.15		19	1.75					40	3.69		139	12.82		14	1.29					827	76.29		1084	
	FOURTH			4	28.57		1	7.14					2	14.29		1	7.14			Excluded					6	42.86		14	
		TOTAL		49	4.52		20	1.85					42	3.87		140	12.92								833	76.85		1084	
	FIFTH			4	9.52		4	9.52						Excluded		15	35.71								19	45.24		42	
		TOTAL		53	4.89		24	2.21								155	14.30								852	78.60		1084	
	SIXTH			10	41.67			Excluded								10	41.67								4	16.67		24	
		TOTAL		63	5.81											165	15.22								856	78.97		1084	
	SEVENTH				Excluded											41	65.08								22	34.92		63	
		TOTAL														206	19.00								878	81.00		1084	
																									Elected				
																													
Fairfield East (Prospect)                                      																													
	FIRST			32	4.19		17	2.23		15	1.96		15	1.96		139	18.19		13	1.70		21	2.75		512	67.02		764	
	SECOND			1	4.76		0	0.00		0	0.00		2	9.52		1	4.76		1	4.76			Excluded		16	76.19		21	
		TOTAL		33	4.32		17	2.23		15	1.96		17	2.23		140	18.32		14	1.83					528	69.11		764	
	THIRD			1	6.67		5	33.33			Excluded		4	26.67		3	20.00		1	6.67					1	6.67		15	
		TOTAL		34	4.45		22	2.88					21	2.75		143	18.72		15	1.96					529	69.24		764	
	FOURTH			5	33.33		0	0.00					0	0.00		3	20.00			Excluded					7	46.67		15	
		TOTAL		39	5.10		22	2.88					21	2.75		146	19.11								536	70.16		764	
	FIFTH			1	4.76		2	9.52						Excluded		8	38.10								10	47.62		21	
		TOTAL		40	5.24		24	3.14								154	20.16								546	71.47		764	
	SIXTH			7	29.17			Excluded								13	54.17								4	16.67		24	
		TOTAL		47	6.15											167	21.86								550	71.99		764	
	SEVENTH				Excluded											20	42.55								27	57.45		47	
		TOTAL														187	24.48								577	75.52		764	
																									Elected				
																													
Fairfield Heights                                              																													
	FIRST			152	4.42		114	3.31		44	1.28		75	2.18		751	21.83		58	1.69		80	2.32		2167	62.98		3441	
	SECOND			10	12.50		0	0.00		0	0.00		0	0.00		7	8.75		16	20.00			Excluded		47	58.75		80	
		TOTAL		162	4.71		114	3.31		44	1.28		75	2.18		758	22.03		74	2.15					2214	64.34		3441	
	THIRD			6	13.64		17	38.64			Excluded		3	6.82		8	18.18		2	4.55					8	18.18		44	
		TOTAL		168	4.88		131	3.81					78	2.27		766	22.26		76	2.21					2222	64.57		3441	
	FOURTH			22	28.95		4	5.26					5	6.58		15	19.74			Excluded					30	39.47		76	
		TOTAL		190	5.52		135	3.92					83	2.41		781	22.70								2252	65.45		3441	
	FIFTH			13	15.66		10	12.05						Excluded		42	50.60								18	21.69		83	
		TOTAL		203	5.90		145	4.21								823	23.92								2270	65.97		3441	
	SIXTH			48	33.10			Excluded								64	44.14								33	22.76		145	
		TOTAL		251	7.29											887	25.78								2303	66.93		3441	
	SEVENTH				Excluded											140	55.78								111	44.22		251	
		TOTAL														1027	29.85								2414	70.15		3441	
																									Elected				
																													
Fairfield North                                                																													
	FIRST			75	4.80		25	1.60		10	0.64		37	2.37		228	14.61		25	1.60		56	3.59		1105	70.79		1561	
	SECOND			2	3.57		0	0.00		0	0.00		0	0.00		2	3.57		16	28.57			Excluded		36	64.29		56	
		TOTAL		77	4.93		25	1.60		10	0.64		37	2.37		230	14.73		41	2.63					1141	73.09		1561	
	THIRD			3	30.00		2	20.00			Excluded		0	0.00		2	20.00		2	20.00					1	10.00		10	
		TOTAL		80	5.12		27	1.73					37	2.37		232	14.86		43	2.75					1142	73.16		1561	
	FOURTH			18	41.86		1	2.33					4	9.30		6	13.95			Excluded					14	32.56		43	
		TOTAL		98	6.28		28	1.79					41	2.63		238	15.25								1156	74.06		1561	
	FIFTH			7	17.07		2	4.88						Excluded		18	43.90								14	34.15		41	
		TOTAL		105	6.73		30	1.92								256	16.40								1170	74.95		1561	
	SIXTH			13	43.33			Excluded								8	26.67								9	30.00		30	
		TOTAL		118	7.56											264	16.91								1179	75.53		1561	
	SEVENTH				Excluded											65	55.08								53	44.92		118	
		TOTAL														329	21.08								1232	78.92		1561	
																									Elected				
																													
Fairfield South                                                																													
	FIRST			89	4.20		68	3.21		24	1.13		28	1.32		402	18.95		43	2.03		96	4.53		1371	64.64		2121	
	SECOND			8	8.33		5	5.21		0	0.00		3	3.13		6	6.25		26	27.08			Excluded		48	50.00		96	
		TOTAL		97	4.57		73	3.44		24	1.13		31	1.46		408	19.24		69	3.25					1419	66.90		2121	
	THIRD			4	16.67		8	33.33			Excluded		1	4.17		6	25.00		1	4.17					4	16.67		24	
		TOTAL		101	4.76		81	3.82					32	1.51		414	19.52		70	3.30					1423	67.09		2121	
	FOURTH			37	52.86		3	4.29					4	5.71		6	8.57			Excluded					20	28.57		70	
		TOTAL		138	6.51		84	3.96					36	1.70		420	19.80								1443	68.03		2121	
	FIFTH			6	16.67		4	11.11						Excluded		15	41.67								11	30.56		36	
		TOTAL		144	6.79		88	4.15								435	20.51								1454	68.55		2121	
	SIXTH			36	40.91			Excluded								29	32.95								23	26.14		88	
		TOTAL		180	8.49											464	21.88								1477	69.64		2121	
	SEVENTH				Excluded											83	46.11								97	53.89		180	
		TOTAL														547	25.79								1574	74.21		2121	
																									Elected				
																													
Fairfield West                                                 																													
	FIRST			168	5.47		109	3.55		40	1.30		111	3.61		523	17.02		54	1.76		57	1.85		2011	65.44		3073	
	SECOND			1	1.75		2	3.51		0	0.00		2	3.51		5	8.77		4	7.02			Excluded		43	75.44		57	
		TOTAL		169	5.50		111	3.61		40	1.30		113	3.68		528	17.18		58	1.89					2054	66.84		3073	
	THIRD			5	12.50		14	35.00			Excluded		2	5.00		9	22.50		0	0.00					10	25.00		40	
		TOTAL		174	5.66		125	4.07					115	3.74		537	17.47		58	1.89					2064	67.17		3073	
	FOURTH			15	25.86		4	6.90					6	10.34		10	17.24			Excluded					23	39.66		58	
		TOTAL		189	6.15		129	4.20					121	3.94		547	17.80								2087	67.91		3073	
	FIFTH			11	9.09		16	13.22						Excluded		58	47.93								36	29.75		121	
		TOTAL		200	6.51		145	4.72								605	19.69								2123	69.09		3073	
	SIXTH			48	33.10			Excluded								63	43.45								34	23.45		145	
		TOTAL		248	8.07											668	21.74								2157	70.19		3073	
	SEVENTH				Excluded											149	60.08								99	39.92		248	
		TOTAL														817	26.59								2256	73.41		3073	
																									Elected				
																													
Fairvale High                                                  																													
	FIRST			86	5.57		69	4.47		14	0.91		38	2.46		286	18.54		20	1.30		42	2.72		988	64.03		1543	
	SECOND			3	7.14		0	0.00		1	2.38		0	0.00		1	2.38		9	21.43			Excluded		28	66.67		42	
		TOTAL		89	5.77		69	4.47		15	0.97		38	2.46		287	18.60		29	1.88					1016	65.85		1543	
	THIRD			0	0.00		5	33.33			Excluded		1	6.67		4	26.67		3	20.00					2	13.33		15	
		TOTAL		89	5.77		74	4.80					39	2.53		291	18.86		32	2.07					1018	65.98		1543	
	FOURTH			10	31.25		2	6.25					2	6.25		5	15.63			Excluded					13	40.63		32	
		TOTAL		99	6.42		76	4.93					41	2.66		296	19.18								1031	66.82		1543	
	FIFTH			8	19.51		2	4.88						Excluded		21	51.22								10	24.39		41	
		TOTAL		107	6.93		78	5.06								317	20.54								1041	67.47		1543	
	SIXTH			28	35.90			Excluded								32	41.03								18	23.08		78	
		TOTAL		135	8.75											349	22.62								1059	68.63		1543	
	SEVENTH				Excluded											77	57.04								58	42.96		135	
		TOTAL														426	27.61								1117	72.39		1543	
																									Elected				
																													
Governor Philip King                                           																													
	FIRST			93	5.08		57	3.11		22	1.20		46	2.51		370	20.22		38	2.08		43	2.35		1161	63.44		1830	
	SECOND			4	9.30		0	0.00		1	2.33		0	0.00		5	11.63		6	13.95			Excluded		27	62.79		43	
		TOTAL		97	5.30		57	3.11		23	1.26		46	2.51		375	20.49		44	2.40					1188	64.92		1830	
	THIRD			3	13.04		11	47.83			Excluded		0	0.00		1	4.35		4	17.39					4	17.39		23	
		TOTAL		100	5.46		68	3.72					46	2.51		376	20.55		48	2.62					1192	65.14		1830	
	FOURTH			14	29.17		3	6.25					6	12.50		9	18.75			Excluded					16	33.33		48	
		TOTAL		114	6.23		71	3.88					52	2.84		385	21.04								1208	66.01		1830	
	FIFTH			12	23.08		6	11.54						Excluded		20	38.46								14	26.92		52	
		TOTAL		126	6.89		77	4.21								405	22.13								1222	66.78		1830	
	SIXTH			36	46.75			Excluded								26	33.77								15	19.48		77	
		TOTAL		162	8.85											431	23.55								1237	67.60		1830	
	SEVENTH				Excluded											103	63.58								59	36.42		162	
		TOTAL														534	29.18								1296	70.82		1830	
																									Elected				
																													
Greystanes                                                     																													
	FIRST			143	4.36		158	4.82		51	1.56		86	2.62		1223	37.30		100	3.05		10	0.30		1508	45.99		3279	
	SECOND			1	10.00		0	0.00		1	10.00		1	10.00		1	10.00		3	30.00			Excluded		3	30.00		10	
		TOTAL		144	4.39		158	4.82		52	1.59		87	2.65		1224	37.33		103	3.14					1511	46.08		3279	
	THIRD			8	15.38		16	30.77			Excluded		2	3.85		16	30.77		3	5.77					7	13.46		52	
		TOTAL		152	4.64		174	5.31					89	2.71		1240	37.82		106	3.23					1518	46.29		3279	
	FOURTH			28	26.42		7	6.60					9	8.49		17	16.04			Excluded					45	42.45		106	
		TOTAL		180	5.49		181	5.52					98	2.99		1257	38.33								1563	47.67		3279	
	FIFTH			8	8.16		8	8.16						Excluded		69	70.41								13	13.27		98	
		TOTAL		188	5.73		189	5.76								1326	40.44								1576	48.06		3279	
	SIXTH			49	25.93			Excluded								111	58.73								29	15.34		189	
		TOTAL		237	7.23											1437	43.82								1605	48.95		3279	
	SEVENTH				Excluded											122	51.48								115	48.52		237	
		TOTAL														1559	47.54								1720	52.46		3279	
																									Elected				
																													
Greystanes North                                               																													
	FIRST			94	4.91		103	5.38		31	1.62		32	1.67		573	29.91		50	2.61		10	0.52		1023	53.39		1916	
	SECOND			0	0.00		0	0.00		2	20.00		0	0.00		0	0.00		3	30.00			Excluded		5	50.00		10	
		TOTAL		94	4.91		103	5.38		33	1.72		32	1.67		573	29.91		53	2.77					1028	53.65		1916	
	THIRD			4	12.12		12	36.36			Excluded		2	6.06		7	21.21		3	9.09					5	15.15		33	
		TOTAL		98	5.11		115	6.00					34	1.77		580	30.27		56	2.92					1033	53.91		1916	
	FOURTH			17	30.36		0	0.00					2	3.57		17	30.36			Excluded					20	35.71		56	
		TOTAL		115	6.00		115	6.00					36	1.88		597	31.16								1053	54.96		1916	
	FIFTH			6	16.67		5	13.89						Excluded		17	47.22								8	22.22		36	
		TOTAL		121	6.32		120	6.26								614	32.05								1061	55.38		1916	
	SIXTH			39	32.50			Excluded								60	50.00								21	17.50		120	
		TOTAL		160	8.35											674	35.18								1082	56.47		1916	
	SEVENTH				Excluded											103	64.38								57	35.63		160	
		TOTAL														777	40.55								1139	59.45		1916	
																									Elected				
																													
Holroyd                                                        																													
	FIRST			42	3.77		71	6.37		22	1.97		11	0.99		395	35.43		37	3.32		2	0.18		535	47.98		1115	
	SECOND			0	0.00		0	0.00		0	0.00		1	50.00		1	50.00		0	0.00			Excluded		0	0.00		2	
		TOTAL		42	3.77		71	6.37		22	1.97		12	1.08		396	35.52		37	3.32					535	47.98		1115	
	THIRD			3	13.64		8	36.36			Excluded		4	18.18		5	22.73		1	4.55					1	4.55		22	
		TOTAL		45	4.04		79	7.09					16	1.43		401	35.96		38	3.41					536	48.07		1115	
	FOURTH			12	31.58		1	2.63					1	2.63		11	28.95			Excluded					13	34.21		38	
		TOTAL		57	5.11		80	7.17					17	1.52		412	36.95								549	49.24		1115	
	FIFTH			3	17.65		3	17.65						Excluded		5	29.41								6	35.29		17	
		TOTAL		60	5.38		83	7.44								417	37.40								555	49.78		1115	
	SIXTH			22	26.51			Excluded								41	49.40								20	24.10		83	
		TOTAL		82	7.35											458	41.08								575	51.57		1115	
	SEVENTH				Excluded											45	54.88								37	45.12		82	
		TOTAL														503	45.11								612	54.89		1115	
																									Elected				
																													
Horsley Park                                                   																													
	FIRST			80	6.30		81	6.38		24	1.89		14	1.10		616	48.50		23	1.81		4	0.31		428	33.70		1270	
	SECOND			1	25.00		0	0.00		0	0.00		0	0.00		1	25.00		1	25.00			Excluded		1	25.00		4	
		TOTAL		81	6.38		81	6.38		24	1.89		14	1.10		617	48.58		24	1.89					429	33.78		1270	
	THIRD			2	8.33		11	45.83			Excluded		2	8.33		5	20.83		0	0.00					4	16.67		24	
		TOTAL		83	6.54		92	7.24					16	1.26		622	48.98		24	1.89					433	34.09		1270	
	FOURTH			5	20.83		2	8.33					1	4.17		6	25.00			Excluded					10	41.67		24	
		TOTAL		88	6.93		94	7.40					17	1.34		628	49.45								443	34.88		1270	
	FIFTH			5	29.41		5	29.41						Excluded		6	35.29								1	5.88		17	
		TOTAL		93	7.32		99	7.80								634	49.92								444	34.96		1270	
	SIXTH			43	43.43			Excluded								48	48.48								8	8.08		99	
		TOTAL		136	10.71											682	53.70								452	35.59		1270	
	SEVENTH				Excluded											95	69.85								41	30.15		136	
		TOTAL														777	61.18								493	38.82		1270	
																									Elected				
																													
Kemps Creek (Prospect)                                         																													
	FIRST			24	4.75		52	10.30		11	2.18		6	1.19		266	52.67		9	1.78		8	1.58		129	25.54		505	
	SECOND			0	0.00		1	12.50		0	0.00		0	0.00		0	0.00		7	87.50			Excluded		0	0.00		8	
		TOTAL		24	4.75		53	10.50		11	2.18		6	1.19		266	52.67		16	3.17					129	25.54		505	
	THIRD			1	9.09		3	27.27			Excluded		0	0.00		3	27.27		1	9.09					3	27.27		11	
		TOTAL		25	4.95		56	11.09					6	1.19		269	53.27		17	3.37					132	26.14		505	
	FOURTH			3	17.65		0	0.00					1	5.88		12	70.59			Excluded					1	5.88		17	
		TOTAL		28	5.54		56	11.09					7	1.39		281	55.64								133	26.34		505	
	FIFTH			0	0.00		0	0.00						Excluded		7	100.00								0	0.00		7	
		TOTAL		28	5.54		56	11.09								288	57.03								133	26.34		505	
	SIXTH			25	44.64			Excluded								25	44.64								6	10.71		56	
		TOTAL		53	10.50											313	61.98								139	27.52		505	
	SEVENTH				Excluded											44	83.02								9	16.98		53	
		TOTAL														357	70.69								148	29.31		505	
																									Elected				
																													
Pendle Hill South                                              																													
	FIRST			70	4.31		72	4.43		33	2.03		36	2.22		594	36.55		44	2.71		11	0.68		765	47.08		1625	
	SECOND			2	18.18		0	0.00		0	0.00		0	0.00		4	36.36		0	0.00			Excluded		5	45.45		11	
		TOTAL		72	4.43		72	4.43		33	2.03		36	2.22		598	36.80		44	2.71					770	47.38		1625	
	THIRD			6	18.18		14	42.42			Excluded		3	9.09		5	15.15		1	3.03					4	12.12		33	
		TOTAL		78	4.80		86	5.29					39	2.40		603	37.11		45	2.77					774	47.63		1625	
	FOURTH			15	33.33		2	4.44					4	8.89		11	24.44			Excluded					13	28.89		45	
		TOTAL		93	5.72		88	5.42					43	2.65		614	37.78								787	48.43		1625	
	FIFTH			4	9.30		10	23.26						Excluded		24	55.81								5	11.63		43	
		TOTAL		97	5.97		98	6.03								638	39.26								792	48.74		1625	
	SIXTH			35	35.71			Excluded								40	40.82								23	23.47		98	
		TOTAL		132	8.12											678	41.72								815	50.15		1625	
	SEVENTH				Excluded											70	53.03								62	46.97		132	
		TOTAL														748	46.03								877	53.97		1625	
																									Elected				
																													
Prairievale                                                    																													
	FIRST			124	4.94		51	2.03		20	0.80		69	2.75		524	20.87		38	1.51		64	2.55		1621	64.56		2511	
	SECOND			7	10.94		1	1.56		1	1.56		0	0.00		4	6.25		10	15.63			Excluded		41	64.06		64	
		TOTAL		131	5.22		52	2.07		21	0.84		69	2.75		528	21.03		48	1.91					1662	66.19		2511	
	THIRD			2	9.52		6	28.57			Excluded		3	14.29		5	23.81		1	4.76					4	19.05		21	
		TOTAL		133	5.30		58	2.31					72	2.87		533	21.23		49	1.95					1666	66.35		2511	
	FOURTH			15	30.61		0	0.00					8	16.33		6	12.24			Excluded					20	40.82		49	
		TOTAL		148	5.89		58	2.31					80	3.19		539	21.47								1686	67.14		2511	
	FIFTH			10	12.50		8	10.00						Excluded		29	36.25								33	41.25		80	
		TOTAL		158	6.29		66	2.63								568	22.62								1719	68.46		2511	
	SIXTH			29	43.94			Excluded								20	30.30								17	25.76		66	
		TOTAL		187	7.45											588	23.42								1736	69.14		2511	
	SEVENTH				Excluded											100	53.48								87	46.52		187	
		TOTAL														688	27.40								1823	72.60		2511	
																									Elected				
																													
Ringrose                                                       																													
	FIRST			95	4.31		106	4.81		42	1.91		43	1.95		781	35.47		45	2.04		14	0.64		1076	48.86		2202	
	SECOND			3	21.43		0	0.00		1	7.14		0	0.00		2	14.29		6	42.86			Excluded		2	14.29		14	
		TOTAL		98	4.45		106	4.81		43	1.95		43	1.95		783	35.56		51	2.32					1078	48.96		2202	
	THIRD			6	13.95		14	32.56			Excluded		4	9.30		10	23.26		5	11.63					4	9.30		43	
		TOTAL		104	4.72		120	5.45					47	2.13		793	36.01		56	2.54					1082	49.14		2202	
	FOURTH			16	28.57		2	3.57					3	5.36		12	21.43			Excluded					23	41.07		56	
		TOTAL		120	5.45		122	5.54					50	2.27		805	36.56								1105	50.18		2202	
	FIFTH			6	12.00		6	12.00						Excluded		29	58.00								9	18.00		50	
		TOTAL		126	5.72		128	5.81								834	37.87								1114	50.59		2202	
	SIXTH			48	37.50			Excluded								43	33.59								37	28.91		128	
		TOTAL		174	7.90											877	39.83								1151	52.27		2202	
	SEVENTH				Excluded											93	53.45								81	46.55		174	
		TOTAL														970	44.05								1232	55.95		2202	
																									Elected				
																													
Smithfield                                                     																													
	FIRST			86	4.33		79	3.98		28	1.41		41	2.07		448	22.57		35	1.76		21	1.06		1247	62.82		1985	
	SECOND			2	9.52		0	0.00		0	0.00		0	0.00		2	9.52		4	19.05			Excluded		13	61.90		21	
		TOTAL		88	4.43		79	3.98		28	1.41		41	2.07		450	22.67		39	1.96					1260	63.48		1985	
	THIRD			7	25.00		11	39.29			Excluded		2	7.14		4	14.29		1	3.57					3	10.71		28	
		TOTAL		95	4.79		90	4.53					43	2.17		454	22.87		40	2.02					1263	63.63		1985	
	FOURTH			8	20.00		3	7.50					2	5.00		11	27.50			Excluded					16	40.00		40	
		TOTAL		103	5.19		93	4.69					45	2.27		465	23.43								1279	64.43		1985	
	FIFTH			3	6.67		6	13.33						Excluded		23	51.11								13	28.89		45	
		TOTAL		106	5.34		99	4.99								488	24.58								1292	65.09		1985	
	SIXTH			38	38.38			Excluded								42	42.42								19	19.19		99	
		TOTAL		144	7.25											530	26.70								1311	66.05		1985	
	SEVENTH				Excluded											82	56.94								62	43.06		144	
		TOTAL														612	30.83								1373	69.17		1985	
																									Elected				
																													
Smithfield East                                                																													
	FIRST			54	3.28		65	3.95		28	1.70		26	1.58		376	22.84		31	1.88		5	0.30		1061	64.46		1646	
	SECOND			0	0.00		0	0.00		1	20.00		0	0.00		1	20.00		1	20.00			Excluded		2	40.00		5	
		TOTAL		54	3.28		65	3.95		29	1.76		26	1.58		377	22.90		32	1.94					1063	64.58		1646	
	THIRD			3	10.34		11	37.93			Excluded		0	0.00		7	24.14		1	3.45					7	24.14		29	
		TOTAL		57	3.46		76	4.62					26	1.58		384	23.33		33	2.00					1070	65.01		1646	
	FOURTH			10	30.30		3	9.09					4	12.12		5	15.15			Excluded					11	33.33		33	
		TOTAL		67	4.07		79	4.80					30	1.82		389	23.63								1081	65.67		1646	
	FIFTH			4	13.33		5	16.67						Excluded		9	30.00								12	40.00		30	
		TOTAL		71	4.31		84	5.10								398	24.18								1093	66.40		1646	
	SIXTH			24	28.57			Excluded								32	38.10								28	33.33		84	
		TOTAL		95	5.77											430	26.12								1121	68.10		1646	
	SEVENTH				Excluded											53	55.79								42	44.21		95	
		TOTAL														483	29.34								1163	70.66		1646	
																									Elected				
																													
Smithfield West                                                																													
	FIRST			171	4.91		195	5.60		53	1.52		92	2.64		827	23.74		63	1.81		41	1.18		2042	58.61		3484	
	SECOND			5	12.20		0	0.00		3	7.32		2	4.88		4	9.76		8	19.51			Excluded		19	46.34		41	
		TOTAL		176	5.05		195	5.60		56	1.61		94	2.70		831	23.85		71	2.04					2061	59.16		3484	
	THIRD			7	12.50		23	41.07			Excluded		7	12.50		10	17.86		2	3.57					7	12.50		56	
		TOTAL		183	5.25		218	6.26					101	2.90		841	24.14		73	2.10					2068	59.36		3484	
	FOURTH			20	27.40		6	8.22					4	5.48		14	19.18			Excluded					29	39.73		73	
		TOTAL		203	5.83		224	6.43					105	3.01		855	24.54								2097	60.19		3484	
	FIFTH			21	20.00		8	7.62						Excluded		54	51.43								22	20.95		105	
		TOTAL		224	6.43		232	6.66								909	26.09								2119	60.82		3484	
	SIXTH			62	26.72			Excluded								133	57.33								37	15.95		232	
		TOTAL		286	8.21											1042	29.91								2156	61.88		3484	
	SEVENTH				Excluded											150	52.45								136	47.55		286	
		TOTAL														1192	34.21								2292	65.79		3484	
																									Elected				
																													
St Clair                                                       																													
	FIRST			58	3.78		97	6.32		49	3.19		29	1.89		532	34.68		45	2.93		2	0.13		722	47.07		1534	
	SECOND			0	0.00		0	0.00		0	0.00		0	0.00		1	50.00		0	0.00			Excluded		1	50.00		2	
		TOTAL		58	3.78		97	6.32		49	3.19		29	1.89		533	34.75		45	2.93					723	47.13		1534	
	THIRD			8	16.33		18	36.73			Excluded		1	2.04		13	26.53		0	0.00					9	18.37		49	
		TOTAL		66	4.30		115	7.50					30	1.96		546	35.59		45	2.93					732	47.72		1534	
	FOURTH			10	22.22		3	6.67					1	2.22		9	20.00			Excluded					22	48.89		45	
		TOTAL		76	4.95		118	7.69					31	2.02		555	36.18								754	49.15		1534	
	FIFTH			3	9.68		2	6.45						Excluded		17	54.84								9	29.03		31	
		TOTAL		79	5.15		120	7.82								572	37.29								763	49.74		1534	
	SIXTH			33	27.50			Excluded								63	52.50								24	20.00		120	
		TOTAL		112	7.30											635	41.40								787	51.30		1534	
	SEVENTH				Excluded											66	58.93								46	41.07		112	
		TOTAL														701	45.70								833	54.30		1534	
																									Elected				
																													
St Johns Park High                                             																													
	FIRST			98	4.02		53	2.18		24	0.99		91	3.74		444	18.23		57	2.34		79	3.24		1589	65.26		2435	
	SECOND			6	7.59		1	1.27		0	0.00		0	0.00		9	11.39		21	26.58			Excluded		42	53.16		79	
		TOTAL		104	4.27		54	2.22		24	0.99		91	3.74		453	18.60		78	3.20					1631	66.98		2435	
	THIRD			3	12.50		8	33.33			Excluded		7	29.17		1	4.17		1	4.17					4	16.67		24	
		TOTAL		107	4.39		62	2.55					98	4.02		454	18.64		79	3.24					1635	67.15		2435	
	FOURTH			36	45.57		2	2.53					6	7.59		8	10.13			Excluded					27	34.18		79	
		TOTAL		143	5.87		64	2.63					104	4.27		462	18.97								1662	68.25		2435	
	FIFTH			18	17.31		10	9.62						Excluded		48	46.15								28	26.92		104	
		TOTAL		161	6.61		74	3.04								510	20.94								1690	69.40		2435	
	SIXTH			32	43.24			Excluded								30	40.54								12	16.22		74	
		TOTAL		193	7.93											540	22.18								1702	69.90		2435	
	SEVENTH				Excluded											91	47.15								102	52.85		193	
		TOTAL														631	25.91								1804	74.09		2435	
																									Elected				
																													
Sydney (Prospect)                                              																													
	FIRST			3	3.09		3	3.09		1	1.03		1	1.03		27	27.84		5	5.15		2	2.06		55	56.70		97	
	SECOND			0	0.00		0	0.00		0	0.00		0	0.00		0	0.00		0	0.00			Excluded		2	100.00		2	
		TOTAL		3	3.09		3	3.09		1	1.03		1	1.03		27	27.84		5	5.15					57	58.76		97	
	THIRD			1	100.00		0	0.00			Excluded		0	0.00		0	0.00		0	0.00					0	0.00		1	
		TOTAL		4	4.12		3	3.09					1	1.03		27	27.84		5	5.15					57	58.76		97	
	FOURTH			4	80.00		0	0.00					0	0.00		0	0.00			Excluded					1	20.00		5	
		TOTAL		8	8.25		3	3.09					1	1.03		27	27.84								58	59.79		97	
	FIFTH			0	0.00		0	0.00						Excluded		1	100.00								0	0.00		1	
		TOTAL		8	8.25		3	3.09								28	28.87								58	59.79		97	
	SIXTH			1	33.33			Excluded								1	33.33								1	33.33		3	
		TOTAL		9	9.28											29	29.90								59	60.82		97	
	SEVENTH				Excluded											5	55.56								4	44.44		9	
		TOTAL														34	35.05								63	64.95		97	
																									Elected				
																													
Wakeley (Prospect)                                             																													
	FIRST			83	4.86		45	2.63		21	1.23		80	4.68		347	20.30		25	1.46		37	2.17		1071	62.67		1709	
	SECOND			1	2.70		1	2.70		2	5.41		2	5.41		6	16.22		5	13.51			Excluded		20	54.05		37	
		TOTAL		84	4.92		46	2.69		23	1.35		82	4.80		353	20.66		30	1.76					1091	63.84		1709	
	THIRD			3	13.04		7	30.43			Excluded		4	17.39		4	17.39		1	4.35					4	17.39		23	
		TOTAL		87	5.09		53	3.10					86	5.03		357	20.89		31	1.81					1095	64.07		1709	
	FOURTH			9	29.03		2	6.45					0	0.00		9	29.03			Excluded					11	35.48		31	
		TOTAL		96	5.62		55	3.22					86	5.03		366	21.42								1106	64.72		1709	
	FIFTH			6	6.98		8	9.30						Excluded		35	40.70								37	43.02		86	
		TOTAL		102	5.97		63	3.69								401	23.46								1143	66.88		1709	
	SIXTH			28	44.44			Excluded								21	33.33								14	22.22		63	
		TOTAL		130	7.61											422	24.69								1157	67.70		1709	
	SEVENTH				Excluded											88	67.69								42	32.31		130	
		TOTAL														510	29.84								1199	70.16		1709	
																									Elected				
																													
Widemere                                                       																													
	FIRST			73	4.59		91	5.72		31	1.95		21	1.32		603	37.90		44	2.77		3	0.19		725	45.57		1591	
	SECOND			0	0.00		0	0.00		0	0.00		0	0.00		0	0.00		0	0.00			Excluded		3	100.00		3	
		TOTAL		73	4.59		91	5.72		31	1.95		21	1.32		603	37.90		44	2.77					728	45.76		1591	
	THIRD			9	29.03		12	38.71			Excluded		2	6.45		5	16.13		1	3.23					2	6.45		31	
		TOTAL		82	5.15		103	6.47					23	1.45		608	38.21		45	2.83					730	45.88		1591	
	FOURTH			11	24.44		1	2.22					2	4.44		16	35.56			Excluded					15	33.33		45	
		TOTAL		93	5.85		104	6.54					25	1.57		624	39.22								745	46.83		1591	
	FIFTH			4	16.00		1	4.00						Excluded		15	60.00								5	20.00		25	
		TOTAL		97	6.10		105	6.60								639	40.16								750	47.14		1591	
	SIXTH			35	33.33			Excluded								50	47.62								20	19.05		105	
		TOTAL		132	8.30											689	43.31								770	48.40		1591	
	SEVENTH				Excluded											75	56.82								57	43.18		132	
		TOTAL														764	48.02								827	51.98		1591	
																									Elected				
																													
William Stimson                                                																													
	FIRST			113	3.92		85	2.95		37	1.28		73	2.53		737	25.59		62	2.15		37	1.28		1736	60.28		2880	
	SECOND			0	0.00		0	0.00		1	2.70		1	2.70		0	0.00		14	37.84			Excluded		21	56.76		37	
		TOTAL		113	3.92		85	2.95		38	1.32		74	2.57		737	25.59		76	2.64					1757	61.01		2880	
	THIRD			11	28.95		10	26.32			Excluded		3	7.89		8	21.05		0	0.00					6	15.79		38	
		TOTAL		124	4.31		95	3.30					77	2.67		745	25.87		76	2.64					1763	61.22		2880	
	FOURTH			29	38.16		5	6.58					5	6.58		11	14.47			Excluded					26	34.21		76	
		TOTAL		153	5.31		100	3.47					82	2.85		756	26.25								1789	62.12		2880	
	FIFTH			14	17.07		9	10.98						Excluded		42	51.22								17	20.73		82	
		TOTAL		167	5.80		109	3.78								798	27.71								1806	62.71		2880	
	SIXTH			43	39.45			Excluded								36	33.03								30	27.52		109	
		TOTAL		210	7.29											834	28.96								1836	63.75		2880	
	SEVENTH				Excluded											113	53.81								97	46.19		210	
		TOTAL														947	32.88								1933	67.12		2880	
																									Elected				
																													
Special Hospital Team 1                                        																													
	FIRST			1	7.69		1	7.69		0	0.00		0	0.00		1	7.69		0	0.00		1	7.69		9	69.23		13	
	SECOND			0	0.00		0	0.00		0	0.00		1	100.00		0	0.00		0	0.00			Excluded		0	0.00		1	
		TOTAL		1	7.69		1	7.69		0	0.00		1	7.69		1	7.69		0	0.00					9	69.23		13	
	THIRD			0	0.00		0	0.00			Excluded		0	0.00		0	0.00		0	0.00					0	0.00		0	
		TOTAL		1	7.69		1	7.69					1	7.69		1	7.69		0	0.00					9	69.23		13	
	FOURTH			0	0.00		0	0.00					0	0.00		0	0.00			Excluded					0	0.00		0	
		TOTAL		1	7.69		1	7.69					1	7.69		1	7.69								9	69.23		13	
	FIFTH			0	0.00		0	0.00						Excluded		0	0.00								1	100.00		1	
		TOTAL		1	7.69		1	7.69								1	7.69								10	76.92		13	
	SIXTH			1	100.00			Excluded								0	0.00								0	0.00		1	
		TOTAL		2	15.38											1	7.69								10	76.92		13	
	SEVENTH				Excluded											1	50.00								1	50.00		2	
		TOTAL														2	15.38								11	84.62		13	
																									Elected				
																													
ABSENT																													
	FIRST			366	7.70		277	5.82		123	2.59		111	2.33		1415	29.75		164	3.45		83	1.75		2217	46.61		4756	
	SECOND			17	20.48		0	0.00		1	1.20		3	3.61		9	10.84		16	19.28			Excluded		37	44.58		83	
		TOTAL		383	8.05		277	5.82		124	2.61		114	2.40		1424	29.94		180	3.78					2254	47.39		4756	
	THIRD			21	16.94		46	37.10			Excluded		4	3.23		19	15.32		10	8.06					24	19.35		124	
		TOTAL		404	8.49		323	6.79					118	2.48		1443	30.34		190	3.99					2278	47.90		4756	
	FOURTH			56	29.47		10	5.26					16	8.42		33	17.37			Excluded					75	39.47		190	
		TOTAL		460	9.67		333	7.00					134	2.82		1476	31.03								2353	49.47		4756	
	FIFTH			29	21.64		19	14.18						Excluded		53	39.55								33	24.63		134	
		TOTAL		489	10.28		352	7.40								1529	32.15								2386	50.17		4756	
	SIXTH			138	39.20			Excluded								125	35.51								89	25.28		352	
		TOTAL		627	13.18											1654	34.78								2475	52.04		4756	
	SEVENTH				Excluded											349	55.66								278	44.34		627	
		TOTAL														2003	42.12								2753	57.88		4756	
																									Elected				
																													
POSTAL																													
	FIRST			34	2.04		123	7.37		32	1.92		26	1.56		554	33.21		24	1.44		18	1.08		857	51.38		1668	
	SECOND			1	5.56		0	0.00		2	11.11		1	5.56		4	22.22		1	5.56			Excluded		9	50.00		18	
		TOTAL		35	2.10		123	7.37		34	2.04		27	1.62		558	33.45		25	1.50					866	51.92		1668	
	THIRD			9	26.47		13	38.24			Excluded		0	0.00		5	14.71		2	5.88					5	14.71		34	
		TOTAL		44	2.64		136	8.15					27	1.62		563	33.75		27	1.62					871	52.22		1668	
	FOURTH			8	29.63		3	11.11					3	11.11		5	18.52			Excluded					8	29.63		27	
		TOTAL		52	3.12		139	8.33					30	1.80		568	34.05								879	52.70		1668	
	FIFTH			4	13.33		5	16.67						Excluded		17	56.67								4	13.33		30	
		TOTAL		56	3.36		144	8.63								585	35.07								883	52.94		1668	
	SIXTH			34	23.61			Excluded								52	36.11								58	40.28		144	
		TOTAL		90	5.40											637	38.19								941	56.41		1668	
	SEVENTH				Excluded											46	51.11								44	48.89		90	
		TOTAL														683	40.95								985	59.05		1668	
																									Elected				
																													
PRE POLL																													
	FIRST			70	3.99		68	3.87		44	2.51		37	2.11		533	30.37		64	3.65		36	2.05		903	51.45		1755	
	SECOND			2	5.56		1	2.78		1	2.78		1	2.78		6	16.67		5	13.89			Excluded		20	55.56		36	
		TOTAL		72	4.10		69	3.93		45	2.56		38	2.17		539	30.71		69	3.93					923	52.59		1755	
	THIRD			8	17.78		15	33.33			Excluded		3	6.67		11	24.44		3	6.67					5	11.11		45	
		TOTAL		80	4.56		84	4.79					41	2.34		550	31.34		72	4.10					928	52.88		1755	
	FOURTH			15	20.83		3	4.17					3	4.17		17	23.61			Excluded					34	47.22		72	
		TOTAL		95	5.41		87	4.96					44	2.51		567	32.31								962	54.81		1755	
	FIFTH			8	18.18		7	15.91						Excluded		19	43.18								10	22.73		44	
		TOTAL		103	5.87		94	5.36								586	33.39								972	55.38		1755	
	SIXTH			34	36.17			Excluded								38	40.43								22	23.40		94	
		TOTAL		137	7.81											624	35.56								994	56.64		1755	
	SEVENTH				Excluded											78	56.93								59	43.07		137	
		TOTAL														702	40.00								1053	60.00		1755	
																									Elected				
																													
PROVISIONAL																													
	FIRST			20	5.59		13	3.63		7	1.96		24	6.70		62	17.32		6	1.68		8	2.23		218	60.89		358	
	SECOND			0	0.00		0	0.00		1	12.50		0	0.00		1	12.50		2	25.00			Excluded		4	50.00		8	
		TOTAL		20	5.59		13	3.63		8	2.23		24	6.70		63	17.60		8	2.23					222	62.01		358	
	THIRD			1	12.50		2	25.00			Excluded		0	0.00		4	50.00		0	0.00					1	12.50		8	
		TOTAL		21	5.87		15	4.19					24	6.70		67	18.72		8	2.23					223	62.29		358	
	FOURTH			4	50.00		0	0.00					0	0.00		3	37.50			Excluded					1	12.50		8	
		TOTAL		25	6.98		15	4.19					24	6.70		70	19.55								224	62.57		358	
	FIFTH			4	16.67		5	20.83						Excluded		9	37.50								6	25.00		24	
		TOTAL		29	8.10		20	5.59								79	22.07								230	64.25		358	
	SIXTH			9	45.00			Excluded								10	50.00								1	5.00		20	
		TOTAL		38	10.61											89	24.86								231	64.53		358	
	SEVENTH				Excluded											28	73.68								10	26.32		38	
		TOTAL														117	32.68								241	67.32		358	
																									Elected				
																													
																													
																													
																													
																													
																													
																													
																													
																													
																													
																													
																													
																													
																													
																													
																													
																													
																													
																													
																													
																													
																													
																													
																													
																													
																													
																													
																													
																													
																													
																													
																													
																													
																													
																													
																													
																													
																													
																													
																													
																													
																													
																													
																													
																													
																													
																													
																													
																													
																													
																													
																													
																													
																													
																													
																													
																													
																													
																													
																													
																													
																													
																													
																													
																													
																													
																													
																													
																													
																													
																													
																													
																													
																													
																													
																													
																													
																													
																													
																													
																													
																													
																													
																													
																													
																													
																													
																													
																													
																													
																													
																													
																													
																													
																													
																													
																													
																													
																													
																													
																													
																													
																													
																													
																													
																													
																													
																													
																													
																													
																													
																													
																													
																													
																													
																													
																													
																													
																													
																													
																													
																													
																													
																													
																													
																													
																													
																													
																													
																													
																													
																													
																													
																													
																													
																													
																													
																													
																													
																													
																													
																													
																													
																													
																													
																													
																													
																													
