House of Representatives - 2001 Election: New South Wales																																		
Distribution of Preferences 																																		
By Polling Place																																		
																																		
Fowler																																		
				JOHNSON			GRANT			POULARAS			WATSON			BRAZENALL			CHUNG			ROSSO			GASKELL			MENDELSSOHN			IRWIN			
				Hal			Lee			Manny			Glenn			Max			Steve			Oscar			Robin			David			Julia			
				CEC			GRN			CTA			LP			AFI			UNI			HAN			NGST			DEM			ALP			
	Count			Votes	%		Votes	%		Votes	%		Votes	%		Votes	%		Votes	%		Votes	%		Votes	%		Votes	%		Votes	%		Total
Ashcroft                                                       																																		
	FIRST			34	2.29		37	2.49		21	1.42		228	15.36		34	2.29		19	1.28		80	5.39		23	1.55		21	1.42		987	66.51		1484
	SECOND			3	8.82		2	5.88		1	2.94		7	20.59			Excluded		0	0.00		6	17.65		6	17.65		2	5.88		7	20.59		34
		TOTAL		37	2.49		39	2.63		22	1.48		235	15.84					19	1.28		86	5.80		29	1.95		23	1.55		994	66.98		1484
	THIRD			1	4.55		5	22.73			Excluded		6	27.27					1	4.55		1	4.55		0	0.00		3	13.64		5	22.73		22
		TOTAL		38	2.56		44	2.96					241	16.24					20	1.35		87	5.86		29	1.95		26	1.75		999	67.32		1484
	FOURTH			3	11.54		6	23.08					3	11.54					1	3.85		3	11.54		1	3.85			Excluded		9	34.62		26
		TOTAL		41	2.76		50	3.37					244	16.44					21	1.42		90	6.06		30	2.02					1008	67.92		1484
	FIFTH			4	13.33		8	26.67					3	10.00					3	10.00		2	6.67			Excluded					10	33.33		30
		TOTAL		45	3.03		58	3.91					247	16.64					24	1.62		92	6.20								1018	68.60		1484
	SIXTH			14	24.14			Excluded					9	15.52					6	10.34		6	10.34								23	39.66		58
		TOTAL		59	3.98								256	17.25					30	2.02		98	6.60								1041	70.15		1484
	SEVENTH			33	33.67								20	20.41					6	6.12			Excluded								39	39.80		98
		TOTAL		92	6.20								276	18.60					36	2.43											1080	72.78		1484
	EIGHTH				Excluded								60	65.22					17	18.48											15	16.30		92
		TOTAL											336	22.64					53	3.57											1095	73.79		1484
	NINTH												30	56.60						Excluded											23	43.40		53
		TOTAL											366	24.66																	1118	75.34		1484
																															Elected			
																																		
Bonnyrigg                                                      																																		
	FIRST			68	3.51		46	2.38		14	0.72		197	10.18		19	0.98		111	5.74		35	1.81		47	2.43		39	2.02		1359	70.23		1935
	SECOND			2	10.53		0	0.00		1	5.26		8	42.11			Excluded		2	10.53		3	15.79		2	10.53		0	0.00		1	5.26		19
		TOTAL		70	3.62		46	2.38		15	0.78		205	10.59					113	5.84		38	1.96		49	2.53		39	2.02		1360	70.28		1935
	THIRD			2	13.33		3	20.00			Excluded		3	20.00					0	0.00		0	0.00		1	6.67		2	13.33		4	26.67		15
		TOTAL		72	3.72		49	2.53					208	10.75					113	5.84		38	1.96		50	2.58		41	2.12		1364	70.49		1935
	FOURTH			3	7.32		4	9.76					6	14.63					5	12.20		1	2.44		2	4.88			Excluded		20	48.78		41
		TOTAL		75	3.88		53	2.74					214	11.06					118	6.10		39	2.02		52	2.69					1384	71.52		1935
	FIFTH			4	7.69		5	9.62					4	7.69					2	3.85		4	7.69			Excluded					33	63.46		52
		TOTAL		79	4.08		58	3.00					218	11.27					120	6.20		43	2.22								1417	73.23		1935
	SIXTH			22	37.93			Excluded					9	15.52					13	22.41		3	5.17								11	18.97		58
		TOTAL		101	5.22								227	11.73					133	6.87		46	2.38								1428	73.80		1935
	SEVENTH			16	34.78								8	17.39					8	17.39			Excluded								14	30.43		46
		TOTAL		117	6.05								235	12.14					141	7.29											1442	74.52		1935
	EIGHTH				Excluded								87	74.36					20	17.09											10	8.55		117
		TOTAL											322	16.64					161	8.32											1452	75.04		1935
	NINTH												48	29.81						Excluded											113	70.19		161
		TOTAL											370	19.12																	1565	80.88		1935
																															Elected			
																																		
Bonnyrigg Heights                                              																																		
	FIRST			51	1.89		61	2.26		43	1.59		573	21.20		19	0.70		77	2.85		73	2.70		36	1.33		46	1.70		1724	63.78		2703
	SECOND			1	5.26		2	10.53		0	0.00		5	26.32			Excluded		0	0.00		6	31.58		4	21.05		0	0.00		1	5.26		19
		TOTAL		52	1.92		63	2.33		43	1.59		578	21.38					77	2.85		79	2.92		40	1.48		46	1.70		1725	63.82		2703
	THIRD			3	6.98		7	16.28			Excluded		17	39.53					2	4.65		5	11.63		5	11.63		1	2.33		3	6.98		43
		TOTAL		55	2.03		70	2.59					595	22.01					79	2.92		84	3.11		45	1.66		47	1.74		1728	63.93		2703
	FOURTH			1	2.13		14	29.79					7	14.89					0	0.00		2	4.26		2	4.26			Excluded		21	44.68		47
		TOTAL		56	2.07		84	3.11					602	22.27					79	2.92		86	3.18		47	1.74					1749	64.71		2703
	FIFTH			3	6.38		4	8.51					5	10.64					3	6.38		9	19.15			Excluded					23	48.94		47
		TOTAL		59	2.18		88	3.26					607	22.46					82	3.03		95	3.51								1772	65.56		2703
	SIXTH			22	25.00			Excluded					12	13.64					14	15.91		5	5.68								35	39.77		88
		TOTAL		81	3.00								619	22.90					96	3.55		100	3.70								1807	66.85		2703
	SEVENTH			38	38.00								29	29.00					17	17.00			Excluded								16	16.00		100
		TOTAL		119	4.40								648	23.97					113	4.18											1823	67.44		2703
	EIGHTH				Excluded								92	77.31					16	13.45											11	9.24		119
		TOTAL											740	27.38					129	4.77											1834	67.85		2703
	NINTH												52	40.31						Excluded											77	59.69		129
		TOTAL											792	29.30																	1911	70.70		2703
																															Elected			
																																		
Bonnyrigg High                                                 																																		
	FIRST			29	2.68		22	2.04		16	1.48		137	12.67		14	1.30		91	8.42		26	2.41		23	2.13		16	1.48		707	65.40		1081
	SECOND			2	14.29		3	21.43		2	14.29		0	0.00			Excluded		1	7.14		3	21.43		2	14.29		0	0.00		1	7.14		14
		TOTAL		31	2.87		25	2.31		18	1.67		137	12.67					92	8.51		29	2.68		25	2.31		16	1.48		708	65.49		1081
	THIRD			1	5.56		2	11.11			Excluded		9	50.00					1	5.56		2	11.11		2	11.11		1	5.56		0	0.00		18
		TOTAL		32	2.96		27	2.50					146	13.51					93	8.60		31	2.87		27	2.50		17	1.57		708	65.49		1081
	FOURTH			2	11.76		4	23.53					2	11.76					2	11.76		2	11.76		1	5.88			Excluded		4	23.53		17
		TOTAL		34	3.15		31	2.87					148	13.69					95	8.79		33	3.05		28	2.59					712	65.86		1081
	FIFTH			1	3.57		0	0.00					4	14.29					4	14.29		4	14.29			Excluded					15	53.57		28
		TOTAL		35	3.24		31	2.87					152	14.06					99	9.16		37	3.42								727	67.25		1081
	SIXTH			5	16.13			Excluded					8	25.81					3	9.68		3	9.68								12	38.71		31
		TOTAL		40	3.70								160	14.80					102	9.44		40	3.70								739	68.36		1081
	SEVENTH			9	22.50								15	37.50					7	17.50			Excluded								9	22.50		40
		TOTAL		49	4.53								175	16.19					109	10.08											748	69.20		1081
	EIGHTH				Excluded								37	75.51					6	12.24											6	12.24		49
		TOTAL											212	19.61					115	10.64											754	69.75		1081
	NINTH												35	30.43						Excluded											80	69.57		115
		TOTAL											247	22.85																	834	77.15		1081
																															Elected			
																																		
Cabramatta                                                     																																		
	FIRST			127	2.90		74	1.69		27	0.62		380	8.68		31	0.71		490	11.19		32	0.73		78	1.78		58	1.32		3081	70.37		4378
	SECOND			3	9.68		1	3.23		3	9.68		8	25.81			Excluded		7	22.58		1	3.23		4	12.90		4	12.90		0	0.00		31
		TOTAL		130	2.97		75	1.71		30	0.69		388	8.86					497	11.35		33	0.75		82	1.87		62	1.42		3081	70.37		4378
	THIRD			2	6.67		9	30.00			Excluded		9	30.00					0	0.00		3	10.00		2	6.67		2	6.67		3	10.00		30
		TOTAL		132	3.02		84	1.92					397	9.07					497	11.35		36	0.82		84	1.92		64	1.46		3084	70.44		4378
	FOURTH			4	6.25		9	14.06					5	7.81					14	21.88		4	6.25		8	12.50			Excluded		20	31.25		64
		TOTAL		136	3.11		93	2.12					402	9.18					511	11.67		40	0.91		92	2.10					3104	70.90		4378
	FIFTH			13	14.13		7	7.61					2	2.17					16	17.39		10	10.87			Excluded					44	47.83		92
		TOTAL		149	3.40		100	2.28					404	9.23					527	12.04		50	1.14								3148	71.90		4378
	SIXTH			31	31.00			Excluded					11	11.00					13	13.00		6	6.00								39	39.00		100
		TOTAL		180	4.11								415	9.48					540	12.33		56	1.28								3187	72.80		4378
	SEVENTH			10	17.86								10	17.86					19	33.93			Excluded								17	30.36		56
		TOTAL		190	4.34								425	9.71					559	12.77											3204	73.18		4378
	EIGHTH				Excluded								140	73.68					32	16.84											18	9.47		190
		TOTAL											565	12.91					591	13.50											3222	73.60		4378
	NINTH												167	28.26						Excluded											424	71.74		591
		TOTAL											732	16.72																	3646	83.28		4378
																															Elected			
																																		
Cabramatta East                                                																																		
	FIRST			88	3.63		42	1.73		33	1.36		272	11.21		27	1.11		213	8.78		44	1.81		43	1.77		32	1.32		1632	67.27		2426
	SECOND			5	18.52		3	11.11		3	11.11		2	7.41			Excluded		5	18.52		3	11.11		1	3.70		3	11.11		2	7.41		27
		TOTAL		93	3.83		45	1.85		36	1.48		274	11.29					218	8.99		47	1.94		44	1.81		35	1.44		1634	67.35		2426
	THIRD			6	16.67		6	16.67			Excluded		11	30.56					3	8.33		2	5.56		4	11.11		2	5.56		2	5.56		36
		TOTAL		99	4.08		51	2.10					285	11.75					221	9.11		49	2.02		48	1.98		37	1.53		1636	67.44		2426
	FOURTH			2	5.41		6	16.22					5	13.51					4	10.81		1	2.70		2	5.41			Excluded		17	45.95		37
		TOTAL		101	4.16		57	2.35					290	11.95					225	9.27		50	2.06		50	2.06					1653	68.14		2426
	FIFTH			8	16.00		8	16.00					5	10.00					4	8.00		3	6.00			Excluded					22	44.00		50
		TOTAL		109	4.49		65	2.68					295	12.16					229	9.44		53	2.18								1675	69.04		2426
	SIXTH			21	32.31			Excluded					7	10.77					12	18.46		12	18.46								13	20.00		65
		TOTAL		130	5.36								302	12.45					241	9.93		65	2.68								1688	69.58		2426
	SEVENTH			16	24.62								16	24.62					9	13.85			Excluded								24	36.92		65
		TOTAL		146	6.02								318	13.11					250	10.31											1712	70.57		2426
	EIGHTH				Excluded								97	66.44					28	19.18											21	14.38		146
		TOTAL											415	17.11					278	11.46											1733	71.43		2426
	NINTH												84	30.22						Excluded											194	69.78		278
		TOTAL											499	20.57																	1927	79.43		2426
																															Elected			
																																		
Cabramatta High                                                																																		
	FIRST			62	2.91		36	1.69		19	0.89		277	13.00		15	0.70		228	10.70		30	1.41		36	1.69		19	0.89		1408	66.10		2130
	SECOND			3	20.00		1	6.67		1	6.67		1	6.67			Excluded		0	0.00		2	13.33		1	6.67		3	20.00		3	20.00		15
		TOTAL		65	3.05		37	1.74		20	0.94		278	13.05					228	10.70		32	1.50		37	1.74		22	1.03		1411	66.24		2130
	THIRD			2	10.00		2	10.00			Excluded		3	15.00					1	5.00		3	15.00		2	10.00		5	25.00		2	10.00		20
		TOTAL		67	3.15		39	1.83					281	13.19					229	10.75		35	1.64		39	1.83		27	1.27		1413	66.34		2130
	FOURTH			0	0.00		8	29.63					1	3.70					2	7.41		1	3.70		6	22.22			Excluded		9	33.33		27
		TOTAL		67	3.15		47	2.21					282	13.24					231	10.85		36	1.69		45	2.11					1422	66.76		2130
	FIFTH			8	17.78		4	8.89					5	11.11					5	11.11		2	4.44			Excluded					21	46.67		45
		TOTAL		75	3.52		51	2.39					287	13.47					236	11.08		38	1.78								1443	67.75		2130
	SIXTH			16	31.37			Excluded					8	15.69					9	17.65		2	3.92								16	31.37		51
		TOTAL		91	4.27								295	13.85					245	11.50		40	1.88								1459	68.50		2130
	SEVENTH			8	20.00								17	42.50					7	17.50			Excluded								8	20.00		40
		TOTAL		99	4.65								312	14.65					252	11.83											1467	68.87		2130
	EIGHTH				Excluded								71	71.72					17	17.17											11	11.11		99
		TOTAL											383	17.98					269	12.63											1478	69.39		2130
	NINTH												70	26.02						Excluded											199	73.98		269
		TOTAL											453	21.27																	1677	78.73		2130
																															Elected			
																																		
Cabramatta West                                                																																		
	FIRST			62	3.88		44	2.75		34	2.13		258	16.15		14	0.88		123	7.70		45	2.82		33	2.07		37	2.32		948	59.32		1598
	SECOND			1	7.14		1	7.14		1	7.14		3	21.43			Excluded		1	7.14		4	28.57		1	7.14		1	7.14		1	7.14		14
		TOTAL		63	3.94		45	2.82		35	2.19		261	16.33					124	7.76		49	3.07		34	2.13		38	2.38		949	59.39		1598
	THIRD			4	11.43		4	11.43			Excluded		15	42.86					2	5.71		4	11.43		3	8.57		2	5.71		1	2.86		35
		TOTAL		67	4.19		49	3.07					276	17.27					126	7.88		53	3.32		37	2.32		40	2.50		950	59.45		1598
	FOURTH			1	2.50		11	27.50					4	10.00					8	20.00		2	5.00		2	5.00			Excluded		12	30.00		40
		TOTAL		68	4.26		60	3.75					280	17.52					134	8.39		55	3.44		39	2.44					962	60.20		1598
	FIFTH			7	17.95		5	12.82					4	10.26					3	7.69		2	5.13			Excluded					18	46.15		39
		TOTAL		75	4.69		65	4.07					284	17.77					137	8.57		57	3.57								980	61.33		1598
	SIXTH			12	18.46			Excluded					19	29.23					9	13.85		6	9.23								19	29.23		65
		TOTAL		87	5.44								303	18.96					146	9.14		63	3.94								999	62.52		1598
	SEVENTH			17	26.98								19	30.16					10	15.87			Excluded								17	26.98		63
		TOTAL		104	6.51								322	20.15					156	9.76											1016	63.58		1598
	EIGHTH				Excluded								78	75.00					14	13.46											12	11.54		104
		TOTAL											400	25.03					170	10.64											1028	64.33		1598
	NINTH												46	27.06						Excluded											124	72.94		170
		TOTAL											446	27.91																	1152	72.09		1598
																															Elected			
																																		
Canley Heights                                                 																																		
	FIRST			97	3.16		65	2.12		39	1.27		483	15.73		32	1.04		215	7.00		101	3.29		64	2.08		46	1.50		1929	62.81		3071
	SECOND			4	12.50		1	3.13		1	3.13		3	9.38			Excluded		6	18.75		4	12.50		6	18.75		1	3.13		6	18.75		32
		TOTAL		101	3.29		66	2.15		40	1.30		486	15.83					221	7.20		105	3.42		70	2.28		47	1.53		1935	63.01		3071
	THIRD			3	7.50		3	7.50			Excluded		18	45.00					1	2.50		4	10.00		5	12.50		3	7.50		3	7.50		40
		TOTAL		104	3.39		69	2.25					504	16.41					222	7.23		109	3.55		75	2.44		50	1.63		1938	63.11		3071
	FOURTH			2	4.00		14	28.00					4	8.00					4	8.00		4	8.00		7	14.00			Excluded		15	30.00		50
		TOTAL		106	3.45		83	2.70					508	16.54					226	7.36		113	3.68		82	2.67					1953	63.59		3071
	FIFTH			3	3.66		7	8.54					7	8.54					7	8.54		14	17.07			Excluded					44	53.66		82
		TOTAL		109	3.55		90	2.93					515	16.77					233	7.59		127	4.14								1997	65.03		3071
	SIXTH			15	16.67			Excluded					15	16.67					17	18.89		11	12.22								32	35.56		90
		TOTAL		124	4.04								530	17.26					250	8.14		138	4.49								2029	66.07		3071
	SEVENTH			40	28.99								48	34.78					17	12.32			Excluded								33	23.91		138
		TOTAL		164	5.34								578	18.82					267	8.69											2062	67.14		3071
	EIGHTH				Excluded								136	82.93					15	9.15											13	7.93		164
		TOTAL											714	23.25					282	9.18											2075	67.57		3071
	NINTH												98	34.75						Excluded											184	65.25		282
		TOTAL											812	26.44																	2259	73.56		3071
																															Elected			
																																		
Canley Vale                                                    																																		
	FIRST			100	3.96		47	1.86		39	1.54		268	10.61		24	0.95		290	11.48		28	1.11		39	1.54		29	1.15		1662	65.80		2526
	SECOND			3	12.50		3	12.50		3	12.50		3	12.50			Excluded		2	8.33		3	12.50		3	12.50		0	0.00		4	16.67		24
		TOTAL		103	4.08		50	1.98		42	1.66		271	10.73					292	11.56		31	1.23		42	1.66		29	1.15		1666	65.95		2526
	THIRD			5	11.90		5	11.90			Excluded		12	28.57					7	16.67		4	9.52		3	7.14		0	0.00		6	14.29		42
		TOTAL		108	4.28		55	2.18					283	11.20					299	11.84		35	1.39		45	1.78		29	1.15		1672	66.19		2526
	FOURTH			1	3.45		5	17.24					4	13.79					1	3.45		0	0.00		2	6.90			Excluded		16	55.17		29
		TOTAL		109	4.32		60	2.38					287	11.36					300	11.88		35	1.39		47	1.86					1688	66.83		2526
	FIFTH			6	12.77		6	12.77					4	8.51					8	17.02		2	4.26			Excluded					21	44.68		47
		TOTAL		115	4.55		66	2.61					291	11.52					308	12.19		37	1.46								1709	67.66		2526
	SIXTH			32	48.48			Excluded					12	18.18					6	9.09		4	6.06								12	18.18		66
		TOTAL		147	5.82								303	12.00					314	12.43		41	1.62								1721	68.13		2526
	SEVENTH			6	14.63								11	26.83					13	31.71			Excluded								11	26.83		41
		TOTAL		153	6.06								314	12.43					327	12.95											1732	68.57		2526
	EIGHTH				Excluded								114	74.51					19	12.42											20	13.07		153
		TOTAL											428	16.94					346	13.70											1752	69.36		2526
	NINTH												122	35.26						Excluded											224	64.74		346
		TOTAL											550	21.77																	1976	78.23		2526
																															Elected			
																																		
Canley Vale High                                               																																		
	FIRST			3	0.85		10	2.82		4	1.13		62	17.46		3	0.85		24	6.76		14	3.94		8	2.25		11	3.10		216	60.85		355
	SECOND			0	0.00		2	66.67		0	0.00		0	0.00			Excluded		1	33.33		0	0.00		0	0.00		0	0.00		0	0.00		3
		TOTAL		3	0.85		12	3.38		4	1.13		62	17.46					25	7.04		14	3.94		8	2.25		11	3.10		216	60.85		355
	THIRD			0	0.00		0	0.00			Excluded		0	0.00					2	50.00		0	0.00		1	25.00		0	0.00		1	25.00		4
		TOTAL		3	0.85		12	3.38					62	17.46					27	7.61		14	3.94		9	2.54		11	3.10		217	61.13		355
	FOURTH			0	0.00		4	36.36					1	9.09					0	0.00		1	9.09		3	27.27			Excluded		2	18.18		11
		TOTAL		3	0.85		16	4.51					63	17.75					27	7.61		15	4.23		12	3.38					219	61.69		355
	FIFTH			1	8.33		1	8.33					0	0.00					1	8.33		1	8.33			Excluded					8	66.67		12
		TOTAL		4	1.13		17	4.79					63	17.75					28	7.89		16	4.51								227	63.94		355
	SIXTH			7	41.18			Excluded					2	11.76					4	23.53		0	0.00								4	23.53		17
		TOTAL		11	3.10								65	18.31					32	9.01		16	4.51								231	65.07		355
	SEVENTH			6	37.50								2	12.50					1	6.25			Excluded								7	43.75		16
		TOTAL		17	4.79								67	18.87					33	9.30											238	67.04		355
	EIGHTH				Excluded								10	58.82					2	11.76											5	29.41		17
		TOTAL											77	21.69					35	9.86											243	68.45		355
	NINTH												6	17.14						Excluded											29	82.86		35
		TOTAL											83	23.38																	272	76.62		355
																															Elected			
																																		
Cartwright (Fowler)                                            																																		
	FIRST			18	2.66		12	1.78		11	1.63		134	19.82		13	1.92		6	0.89		35	5.18		12	1.78		16	2.37		419	61.98		676
	SECOND			0	0.00		2	15.38		0	0.00		2	15.38			Excluded		1	7.69		3	23.08		1	7.69		1	7.69		3	23.08		13
		TOTAL		18	2.66		14	2.07		11	1.63		136	20.12					7	1.04		38	5.62		13	1.92		17	2.51		422	62.43		676
	THIRD			1	9.09		2	18.18			Excluded		2	18.18					0	0.00		1	9.09		2	18.18		0	0.00		3	27.27		11
		TOTAL		19	2.81		16	2.37					138	20.41					7	1.04		39	5.77		15	2.22		17	2.51		425	62.87		676
	FOURTH			1	5.88		5	29.41					1	5.88					0	0.00		0	0.00		2	11.76			Excluded		8	47.06		17
		TOTAL		20	2.96		21	3.11					139	20.56					7	1.04		39	5.77		17	2.51					433	64.05		676
	FIFTH			1	5.88		2	11.76					2	11.76					2	11.76		2	11.76			Excluded					8	47.06		17
		TOTAL		21	3.11		23	3.40					141	20.86					9	1.33		41	6.07								441	65.24		676
	SIXTH			8	34.78			Excluded					1	4.35					2	8.70		3	13.04								9	39.13		23
		TOTAL		29	4.29								142	21.01					11	1.63		44	6.51								450	66.57		676
	SEVENTH			6	13.64								13	29.55					8	18.18			Excluded								17	38.64		44
		TOTAL		35	5.18								155	22.93					19	2.81											467	69.08		676
	EIGHTH				Excluded								18	51.43					13	37.14											4	11.43		35
		TOTAL											173	25.59					32	4.73											471	69.67		676
	NINTH												24	75.00						Excluded											8	25.00		32
		TOTAL											197	29.14																	479	70.86		676
																															Elected			
																																		
Edensor Park                                                   																																		
	FIRST			84	3.49		53	2.20		66	2.74		611	25.35		42	1.74		108	4.48		63	2.61		42	1.74		71	2.95		1270	52.70		2410
	SECOND			4	9.52		6	14.29		6	14.29		5	11.90			Excluded		3	7.14		4	9.52		10	23.81		3	7.14		1	2.38		42
		TOTAL		88	3.65		59	2.45		72	2.99		616	25.56					111	4.61		67	2.78		52	2.16		74	3.07		1271	52.74		2410
	THIRD			5	6.94		10	13.89			Excluded		24	33.33					1	1.39		4	5.56		12	16.67		8	11.11		8	11.11		72
		TOTAL		93	3.86		69	2.86					640	26.56					112	4.65		71	2.95		64	2.66		82	3.40		1279	53.07		2410
	FOURTH			2	2.44		11	13.41					15	18.29					4	4.88		2	2.44		12	14.63			Excluded		36	43.90		82
		TOTAL		95	3.94		80	3.32					655	27.18					116	4.81		73	3.03		76	3.15					1315	54.56		2410
	FIFTH			5	6.58		7	9.21					10	13.16					7	9.21		8	10.53			Excluded					39	51.32		76
		TOTAL		100	4.15		87	3.61					665	27.59					123	5.10		81	3.36								1354	56.18		2410
	SIXTH			22	25.29			Excluded					20	22.99					8	9.20		10	11.49								27	31.03		87
		TOTAL		122	5.06								685	28.42					131	5.44		91	3.78								1381	57.30		2410
	SEVENTH			22	24.18								29	31.87					12	13.19			Excluded								28	30.77		91
		TOTAL		144	5.98								714	29.63					143	5.93											1409	58.46		2410
	EIGHTH				Excluded								102	70.83					26	18.06											16	11.11		144
		TOTAL											816	33.86					169	7.01											1425	59.13		2410
	NINTH												73	43.20						Excluded											96	56.80		169
		TOTAL											889	36.89																	1521	63.11		2410
																															Elected			
																																		
Fairfield East (Fowler)                                        																																		
	FIRST			21	4.95		9	2.12		7	1.65		84	19.81		5	1.18		22	5.19		11	2.59		9	2.12		7	1.65		249	58.73		424
	SECOND			0	0.00		1	20.00		2	40.00		1	20.00			Excluded		0	0.00		0	0.00		0	0.00		0	0.00		1	20.00		5
		TOTAL		21	4.95		10	2.36		9	2.12		85	20.05					22	5.19		11	2.59		9	2.12		7	1.65		250	58.96		424
	THIRD			0	0.00		2	22.22			Excluded		4	44.44					0	0.00		1	11.11		1	11.11		0	0.00		1	11.11		9
		TOTAL		21	4.95		12	2.83					89	20.99					22	5.19		12	2.83		10	2.36		7	1.65		251	59.20		424
	FOURTH			0	0.00		1	14.29					0	0.00					2	28.57		0	0.00		1	14.29			Excluded		3	42.86		7
		TOTAL		21	4.95		13	3.07					89	20.99					24	5.66		12	2.83		11	2.59					254	59.91		424
	FIFTH			1	9.09		1	9.09					2	18.18					1	9.09		2	18.18			Excluded					4	36.36		11
		TOTAL		22	5.19		14	3.30					91	21.46					25	5.90		14	3.30								258	60.85		424
	SIXTH			2	14.29			Excluded					4	28.57					5	35.71		0	0.00								3	21.43		14
		TOTAL		24	5.66								95	22.41					30	7.08		14	3.30								261	61.56		424
	SEVENTH			2	14.29								3	21.43					4	28.57			Excluded								5	35.71		14
		TOTAL		26	6.13								98	23.11					34	8.02											266	62.74		424
	EIGHTH				Excluded								21	80.77					1	3.85											4	15.38		26
		TOTAL											119	28.07					35	8.25											270	63.68		424
	NINTH												12	34.29						Excluded											23	65.71		35
		TOTAL											131	30.90																	293	69.10		424
																															Elected			
																																		
Harrington Street                                              																																		
	FIRST			90	3.10		69	2.38		26	0.90		552	19.03		20	0.69		158	5.45		109	3.76		47	1.62		52	1.79		1777	61.28		2900
	SECOND			1	5.00		5	25.00		0	0.00		3	15.00			Excluded		3	15.00		1	5.00		3	15.00		1	5.00		3	15.00		20
		TOTAL		91	3.14		74	2.55		26	0.90		555	19.14					161	5.55		110	3.79		50	1.72		53	1.83		1780	61.38		2900
	THIRD			1	3.85		5	19.23			Excluded		10	38.46					4	15.38		0	0.00		1	3.85		0	0.00		5	19.23		26
		TOTAL		92	3.17		79	2.72					565	19.48					165	5.69		110	3.79		51	1.76		53	1.83		1785	61.55		2900
	FOURTH			2	3.77		8	15.09					5	9.43					2	3.77		4	7.55		4	7.55			Excluded		28	52.83		53
		TOTAL		94	3.24		87	3.00					570	19.66					167	5.76		114	3.93		55	1.90					1813	62.52		2900
	FIFTH			2	3.64		9	16.36					6	10.91					10	18.18		4	7.27			Excluded					24	43.64		55
		TOTAL		96	3.31		96	3.31					576	19.86					177	6.10		118	4.07								1837	63.34		2900
	SIXTH			28	29.17			Excluded					20	20.83					16	16.67		6	6.25								26	27.08		96
		TOTAL		124	4.28								596	20.55					193	6.66		124	4.28								1863	64.24		2900
	SEVENTH			60	48.39								21	16.94					8	6.45			Excluded								35	28.23		124
		TOTAL		184	6.34								617	21.28					201	6.93											1898	65.45		2900
	EIGHTH				Excluded								146	79.35					20	10.87											18	9.78		184
		TOTAL											763	26.31					221	7.62											1916	66.07		2900
	NINTH												71	32.13						Excluded											150	67.87		221
		TOTAL											834	28.76																	2066	71.24		2900
																															Elected			
																																		
Heckenberg                                                     																																		
	FIRST			38	2.33		27	1.66		37	2.27		277	16.98		25	1.53		30	1.84		79	4.84		35	2.15		32	1.96		1051	64.44		1631
	SECOND			2	8.00		1	4.00		1	4.00		3	12.00			Excluded		0	0.00		10	40.00		4	16.00		1	4.00		3	12.00		25
		TOTAL		40	2.45		28	1.72		38	2.33		280	17.17					30	1.84		89	5.46		39	2.39		33	2.02		1054	64.62		1631
	THIRD			4	10.53		2	5.26			Excluded		15	39.47					1	2.63		5	13.16		2	5.26		2	5.26		7	18.42		38
		TOTAL		44	2.70		30	1.84					295	18.09					31	1.90		94	5.76		41	2.51		35	2.15		1061	65.05		1631
	FOURTH			2	5.71		7	20.00					7	20.00					3	8.57		3	8.57		4	11.43			Excluded		9	25.71		35
		TOTAL		46	2.82		37	2.27					302	18.52					34	2.08		97	5.95		45	2.76					1070	65.60		1631
	FIFTH			6	13.33		6	13.33					6	13.33					2	4.44		9	20.00			Excluded					16	35.56		45
		TOTAL		52	3.19		43	2.64					308	18.88					36	2.21		106	6.50								1086	66.58		1631
	SIXTH			13	30.23			Excluded					6	13.95					10	23.26		5	11.63								9	20.93		43
		TOTAL		65	3.99								314	19.25					46	2.82		111	6.81								1095	67.14		1631
	SEVENTH			32	28.83								32	28.83					10	9.01			Excluded								37	33.33		111
		TOTAL		97	5.95								346	21.21					56	3.43											1132	69.41		1631
	EIGHTH				Excluded								62	63.92					18	18.56											17	17.53		97
		TOTAL											408	25.02					74	4.54											1149	70.45		1631
	NINTH												21	28.38						Excluded											53	71.62		74
		TOTAL											429	26.30																	1202	73.70		1631
																															Elected			
																																		
James Busby (Fowler)                                           																																		
	FIRST			60	3.48		52	3.01		25	1.45		356	20.63		19	1.10		24	1.39		104	6.03		30	1.74		36	2.09		1020	59.10		1726
	SECOND			1	5.26		0	0.00		3	15.79		3	15.79			Excluded		4	21.05		4	21.05		4	21.05		0	0.00		0	0.00		19
		TOTAL		61	3.53		52	3.01		28	1.62		359	20.80					28	1.62		108	6.26		34	1.97		36	2.09		1020	59.10		1726
	THIRD			2	7.14		2	7.14			Excluded		10	35.71					3	10.71		3	10.71		5	17.86		0	0.00		3	10.71		28
		TOTAL		63	3.65		54	3.13					369	21.38					31	1.80		111	6.43		39	2.26		36	2.09		1023	59.27		1726
	FOURTH			2	5.56		8	22.22					4	11.11					1	2.78		3	8.33		6	16.67			Excluded		12	33.33		36
		TOTAL		65	3.77		62	3.59					373	21.61					32	1.85		114	6.60		45	2.61					1035	59.97		1726
	FIFTH			1	2.22		6	13.33					5	11.11					3	6.67		4	8.89			Excluded					26	57.78		45
		TOTAL		66	3.82		68	3.94					378	21.90					35	2.03		118	6.84								1061	61.47		1726
	SIXTH			22	32.35			Excluded					10	14.71					13	19.12		3	4.41								20	29.41		68
		TOTAL		88	5.10								388	22.48					48	2.78		121	7.01								1081	62.63		1726
	SEVENTH			32	26.45								31	25.62					21	17.36			Excluded								37	30.58		121
		TOTAL		120	6.95								419	24.28					69	4.00											1118	64.77		1726
	EIGHTH				Excluded								85	70.83					18	15.00											17	14.17		120
		TOTAL											504	29.20					87	5.04											1135	65.76		1726
	NINTH												55	63.22						Excluded											32	36.78		87
		TOTAL											559	32.39																	1167	67.61		1726
																															Elected			
																																		
Lansvale                                                       																																		
	FIRST			65	3.68		40	2.27		23	1.30		223	12.64		12	0.68		142	8.05		69	3.91		37	2.10		28	1.59		1125	63.78		1764
	SECOND			0	0.00		0	0.00		2	16.67		8	66.67			Excluded		0	0.00		2	16.67		0	0.00		0	0.00		0	0.00		12
		TOTAL		65	3.68		40	2.27		25	1.42		231	13.10					142	8.05		71	4.02		37	2.10		28	1.59		1125	63.78		1764
	THIRD			2	8.00		3	12.00			Excluded		15	60.00					0	0.00		1	4.00		0	0.00		1	4.00		3	12.00		25
		TOTAL		67	3.80		43	2.44					246	13.95					142	8.05		72	4.08		37	2.10		29	1.64		1128	63.95		1764
	FOURTH			2	6.90		8	27.59					2	6.90					2	6.90		2	6.90		4	13.79			Excluded		9	31.03		29
		TOTAL		69	3.91		51	2.89					248	14.06					144	8.16		74	4.20		41	2.32					1137	64.46		1764
	FIFTH			2	4.88		2	4.88					5	12.20					5	12.20		4	9.76			Excluded					23	56.10		41
		TOTAL		71	4.02		53	3.00					253	14.34					149	8.45		78	4.42								1160	65.76		1764
	SIXTH			16	30.19			Excluded					6	11.32					11	20.75		5	9.43								15	28.30		53
		TOTAL		87	4.93								259	14.68					160	9.07		83	4.71								1175	66.61		1764
	SEVENTH			35	42.17								14	16.87					11	13.25			Excluded								23	27.71		83
		TOTAL		122	6.92								273	15.48					171	9.69											1198	67.91		1764
	EIGHTH				Excluded								88	72.13					17	13.93											17	13.93		122
		TOTAL											361	20.46					188	10.66											1215	68.88		1764
	NINTH												61	32.45						Excluded											127	67.55		188
		TOTAL											422	23.92																	1342	76.08		1764
																															Elected			
																																		
Lansvale East                                                  																																		
	FIRST			28	2.31		18	1.48		15	1.24		398	32.81		16	1.32		35	2.89		72	5.94		25	2.06		18	1.48		588	48.47		1213
	SECOND			0	0.00		1	6.25		1	6.25		2	12.50			Excluded		0	0.00		7	43.75		1	6.25		2	12.50		2	12.50		16
		TOTAL		28	2.31		19	1.57		16	1.32		400	32.98					35	2.89		79	6.51		26	2.14		20	1.65		590	48.64		1213
	THIRD			1	6.25		0	0.00			Excluded		8	50.00					0	0.00		0	0.00		0	0.00		1	6.25		6	37.50		16
		TOTAL		29	2.39		19	1.57					408	33.64					35	2.89		79	6.51		26	2.14		21	1.73		596	49.13		1213
	FOURTH			0	0.00		4	19.05					7	33.33					0	0.00		1	4.76		0	0.00			Excluded		9	42.86		21
		TOTAL		29	2.39		23	1.90					415	34.21					35	2.89		80	6.60		26	2.14					605	49.88		1213
	FIFTH			2	7.69		2	7.69					1	3.85					2	7.69		5	19.23			Excluded					14	53.85		26
		TOTAL		31	2.56		25	2.06					416	34.30					37	3.05		85	7.01								619	51.03		1213
	SIXTH			1	4.00			Excluded					8	32.00					5	20.00		4	16.00								7	28.00		25
		TOTAL		32	2.64								424	34.95					42	3.46		89	7.34								626	51.61		1213
	SEVENTH			20	22.47								40	44.94					4	4.49			Excluded								25	28.09		89
		TOTAL		52	4.29								464	38.25					46	3.79											651	53.67		1213
	EIGHTH				Excluded								35	67.31					10	19.23											7	13.46		52
		TOTAL											499	41.14					56	4.62											658	54.25		1213
	NINTH												23	41.07						Excluded											33	58.93		56
		TOTAL											522	43.03																	691	56.97		1213
																															Elected			
																																		
Liverpool                                                      																																		
	FIRST			57	2.39		73	3.06		40	1.68		402	16.86		34	1.43		32	1.34		99	4.15		46	1.93		57	2.39		1545	64.78		2385
	SECOND			2	5.88		1	2.94		4	11.76		14	41.18			Excluded		0	0.00		6	17.65		5	14.71		0	0.00		2	5.88		34
		TOTAL		59	2.47		74	3.10		44	1.84		416	17.44					32	1.34		105	4.40		51	2.14		57	2.39		1547	64.86		2385
	THIRD			2	4.55		10	22.73			Excluded		9	20.45					2	4.55		8	18.18		2	4.55		4	9.09		7	15.91		44
		TOTAL		61	2.56		84	3.52					425	17.82					34	1.43		113	4.74		53	2.22		61	2.56		1554	65.16		2385
	FOURTH			3	4.92		17	27.87					3	4.92					2	3.28		2	3.28		9	14.75			Excluded		25	40.98		61
		TOTAL		64	2.68		101	4.23					428	17.95					36	1.51		115	4.82		62	2.60					1579	66.21		2385
	FIFTH			4	6.45		12	19.35					8	12.90					3	4.84		6	9.68			Excluded					29	46.77		62
		TOTAL		68	2.85		113	4.74					436	18.28					39	1.64		121	5.07								1608	67.42		2385
	SIXTH			19	16.81			Excluded					16	14.16					12	10.62		3	2.65								63	55.75		113
		TOTAL		87	3.65								452	18.95					51	2.14		124	5.20								1671	70.06		2385
	SEVENTH			56	45.16								24	19.35					13	10.48			Excluded								31	25.00		124
		TOTAL		143	6.00								476	19.96					64	2.68											1702	71.36		2385
	EIGHTH				Excluded								98	68.53					32	22.38											13	9.09		143
		TOTAL											574	24.07					96	4.03											1715	71.91		2385
	NINTH												46	47.92						Excluded											50	52.08		96
		TOTAL											620	26.00																	1765	74.00		2385
																															Elected			
																																		
Liverpool North                                                																																		
	FIRST			11	2.37		14	3.01		3	0.65		86	18.49		2	0.43		8	1.72		16	3.44		18	3.87		14	3.01		293	63.01		465
	SECOND			0	0.00		0	0.00		0	0.00		0	0.00			Excluded		0	0.00		1	50.00		1	50.00		0	0.00		0	0.00		2
		TOTAL		11	2.37		14	3.01		3	0.65		86	18.49					8	1.72		17	3.66		19	4.09		14	3.01		293	63.01		465
	THIRD			1	33.33		0	0.00			Excluded		1	33.33					0	0.00		0	0.00		1	33.33		0	0.00		0	0.00		3
		TOTAL		12	2.58		14	3.01					87	18.71					8	1.72		17	3.66		20	4.30		14	3.01		293	63.01		465
	FOURTH			0	0.00		0	0.00					2	14.29					1	7.14		2	14.29		0	0.00			Excluded		9	64.29		14
		TOTAL		12	2.58		14	3.01					89	19.14					9	1.94		19	4.09		20	4.30					302	64.95		465
	FIFTH			3	15.00		3	15.00					1	5.00					0	0.00		4	20.00			Excluded					9	45.00		20
		TOTAL		15	3.23		17	3.66					90	19.35					9	1.94		23	4.95								311	66.88		465
	SIXTH			3	17.65			Excluded					5	29.41					1	5.88		1	5.88								7	41.18		17
		TOTAL		18	3.87								95	20.43					10	2.15		24	5.16								318	68.39		465
	SEVENTH			1	4.17								10	41.67					7	29.17			Excluded								6	25.00		24
		TOTAL		19	4.09								105	22.58					17	3.66											324	69.68		465
	EIGHTH				Excluded								13	68.42					4	21.05											2	10.53		19
		TOTAL											118	25.38					21	4.52											326	70.11		465
	NINTH												10	47.62						Excluded											11	52.38		21
		TOTAL											128	27.53																	337	72.47		465
																															Elected			
																																		
Liverpool South                                                																																		
	FIRST			15	1.99		24	3.18		18	2.39		131	17.37		10	1.33		12	1.59		28	3.71		10	1.33		23	3.05		483	64.06		754
	SECOND			0	0.00		1	10.00		0	0.00		2	20.00			Excluded		1	10.00		2	20.00		3	30.00		0	0.00		1	10.00		10
		TOTAL		15	1.99		25	3.32		18	2.39		133	17.64					13	1.72		30	3.98		13	1.72		23	3.05		484	64.19		754
	THIRD			3	16.67		3	16.67			Excluded		4	22.22					2	11.11		0	0.00		1	5.56		2	11.11		3	16.67		18
		TOTAL		18	2.39		28	3.71					137	18.17					15	1.99		30	3.98		14	1.86		25	3.32		487	64.59		754
	FOURTH			0	0.00		4	16.00					8	32.00					2	8.00		2	8.00		4	16.00			Excluded		5	20.00		25
		TOTAL		18	2.39		32	4.24					145	19.23					17	2.25		32	4.24		18	2.39					492	65.25		754
	FIFTH			4	22.22		3	16.67					0	0.00					1	5.56		2	11.11			Excluded					8	44.44		18
		TOTAL		22	2.92		35	4.64					145	19.23					18	2.39		34	4.51								500	66.31		754
	SIXTH			9	25.71			Excluded					8	22.86					5	14.29		1	2.86								12	34.29		35
		TOTAL		31	4.11								153	20.29					23	3.05		35	4.64								512	67.90		754
	SEVENTH			10	28.57								7	20.00					5	14.29			Excluded								13	37.14		35
		TOTAL		41	5.44								160	21.22					28	3.71											525	69.63		754
	EIGHTH				Excluded								23	56.10					9	21.95											9	21.95		41
		TOTAL											183	24.27					37	4.91											534	70.82		754
	NINTH												13	35.14						Excluded											24	64.86		37
		TOTAL											196	25.99																	558	74.01		754
																															Elected			
																																		
Liverpool West (Fowler)                                        																																		
	FIRST			79	3.23		59	2.41		66	2.70		691	28.27		34	1.39		20	0.82		134	5.48		51	2.09		58	2.37		1252	51.23		2444
	SECOND			2	5.88		4	11.76		1	2.94		2	5.88			Excluded		1	2.94		12	35.29		7	20.59		2	5.88		3	8.82		34
		TOTAL		81	3.31		63	2.58		67	2.74		693	28.36					21	0.86		146	5.97		58	2.37		60	2.45		1255	51.35		2444
	THIRD			5	7.46		9	13.43			Excluded		30	44.78					1	1.49		10	14.93		3	4.48		3	4.48		6	8.96		67
		TOTAL		86	3.52		72	2.95					723	29.58					22	0.90		156	6.38		61	2.50		63	2.58		1261	51.60		2444
	FOURTH			2	3.17		13	20.63					13	20.63					2	3.17		5	7.94		1	1.59			Excluded		27	42.86		63
		TOTAL		88	3.60		85	3.48					736	30.11					24	0.98		161	6.59		62	2.54					1288	52.70		2444
	FIFTH			5	8.06		8	12.90					4	6.45					5	8.06		6	9.68			Excluded					34	54.84		62
		TOTAL		93	3.81		93	3.81					740	30.28					29	1.19		167	6.83								1322	54.09		2444
	SIXTH			28	30.11			Excluded					15	16.13					3	3.23		9	9.68								38	40.86		93
		TOTAL		121	4.95								755	30.89					32	1.31		176	7.20								1360	55.65		2444
	SEVENTH			70	39.77								35	19.89					18	10.23			Excluded								53	30.11		176
		TOTAL		191	7.82								790	32.32					50	2.05											1413	57.82		2444
	EIGHTH				Excluded								141	73.82					23	12.04											27	14.14		191
		TOTAL											931	38.09					73	2.99											1440	58.92		2444
	NINTH												44	60.27						Excluded											29	39.73		73
		TOTAL											975	39.89																	1469	60.11		2444
																															Elected			
																																		
Marsden Road                                                   																																		
	FIRST			53	2.77		45	2.35		33	1.73		475	24.83		25	1.31		44	2.30		106	5.54		30	1.57		48	2.51		1054	55.10		1913
	SECOND			1	4.00		2	8.00		1	4.00		3	12.00			Excluded		2	8.00		5	20.00		5	20.00		0	0.00		6	24.00		25
		TOTAL		54	2.82		47	2.46		34	1.78		478	24.99					46	2.40		111	5.80		35	1.83		48	2.51		1060	55.41		1913
	THIRD			1	2.94		9	26.47			Excluded		14	41.18					0	0.00		2	5.88		0	0.00		4	11.76		4	11.76		34
		TOTAL		55	2.88		56	2.93					492	25.72					46	2.40		113	5.91		35	1.83		52	2.72		1064	55.62		1913
	FOURTH			2	3.85		12	23.08					6	11.54					2	3.85		6	11.54		4	7.69			Excluded		20	38.46		52
		TOTAL		57	2.98		68	3.55					498	26.03					48	2.51		119	6.22		39	2.04					1084	56.66		1913
	FIFTH			2	5.13		5	12.82					7	17.95					4	10.26		6	15.38			Excluded					15	38.46		39
		TOTAL		59	3.08		73	3.82					505	26.40					52	2.72		125	6.53								1099	57.45		1913
	SIXTH			16	21.92			Excluded					18	24.66					10	13.70		7	9.59								22	30.14		73
		TOTAL		75	3.92								523	27.34					62	3.24		132	6.90								1121	58.60		1913
	SEVENTH			42	31.82								37	28.03					11	8.33			Excluded								42	31.82		132
		TOTAL		117	6.12								560	29.27					73	3.82											1163	60.79		1913
	EIGHTH				Excluded								82	70.09					25	21.37											10	8.55		117
		TOTAL											642	33.56					98	5.12											1173	61.32		1913
	NINTH												34	34.69						Excluded											64	65.31		98
		TOTAL											676	35.34																	1237	64.66		1913
																															Elected			
																																		
Miller (Fowler)                                                																																		
	FIRST			7	3.65		2	1.04		3	1.56		27	14.06		5	2.60		5	2.60		12	6.25		6	3.13		1	0.52		124	64.58		192
	SECOND			1	20.00		0	0.00		0	0.00		1	20.00			Excluded		0	0.00		0	0.00		0	0.00		1	20.00		2	40.00		5
		TOTAL		8	4.17		2	1.04		3	1.56		28	14.58					5	2.60		12	6.25		6	3.13		2	1.04		126	65.63		192
	THIRD			0	0.00		0	0.00			Excluded		0	0.00					0	0.00		0	0.00		0	0.00		2	66.67		1	33.33		3
		TOTAL		8	4.17		2	1.04					28	14.58					5	2.60		12	6.25		6	3.13		4	2.08		127	66.15		192
	FOURTH			0	0.00		0	0.00					1	25.00					0	0.00		0	0.00		1	25.00			Excluded		2	50.00		4
		TOTAL		8	4.17		2	1.04					29	15.10					5	2.60		12	6.25		7	3.65					129	67.19		192
	FIFTH			1	14.29		1	14.29					0	0.00					1	14.29		0	0.00			Excluded					4	57.14		7
		TOTAL		9	4.69		3	1.56					29	15.10					6	3.13		12	6.25								133	69.27		192
	SIXTH			2	66.67			Excluded					0	0.00					0	0.00		0	0.00								1	33.33		3
		TOTAL		11	5.73								29	15.10					6	3.13		12	6.25								134	69.79		192
	SEVENTH			2	16.67								4	33.33					3	25.00			Excluded								3	25.00		12
		TOTAL		13	6.77								33	17.19					9	4.69											137	71.35		192
	EIGHTH				Excluded								12	92.31					0	0.00											1	7.69		13
		TOTAL											45	23.44					9	4.69											138	71.88		192
	NINTH												5	55.56						Excluded											4	44.44		9
		TOTAL											50	26.04																	142	73.96		192
																															Elected			
																																		
Mount Pritchard                                                																																		
	FIRST			89	3.26		70	2.56		47	1.72		714	26.14		54	1.98		121	4.43		132	4.83		47	1.72		55	2.01		1402	51.34		2731
	SECOND			3	5.56		12	22.22		3	5.56		11	20.37			Excluded		1	1.85		15	27.78		4	7.41		1	1.85		4	7.41		54
		TOTAL		92	3.37		82	3.00		50	1.83		725	26.55					122	4.47		147	5.38		51	1.87		56	2.05		1406	51.48		2731
	THIRD			5	10.00		9	18.00			Excluded		20	40.00					3	6.00		7	14.00		1	2.00		0	0.00		5	10.00		50
		TOTAL		97	3.55		91	3.33					745	27.28					125	4.58		154	5.64		52	1.90		56	2.05		1411	51.67		2731
	FOURTH			2	3.57		16	28.57					6	10.71					3	5.36		3	5.36		3	5.36			Excluded		23	41.07		56
		TOTAL		99	3.63		107	3.92					751	27.50					128	4.69		157	5.75		55	2.01					1434	52.51		2731
	FIFTH			2	3.64		9	16.36					4	7.27					4	7.27		8	14.55			Excluded					28	50.91		55
		TOTAL		101	3.70		116	4.25					755	27.65					132	4.83		165	6.04								1462	53.53		2731
	SIXTH			23	19.83			Excluded					23	19.83					16	13.79		12	10.34								42	36.21		116
		TOTAL		124	4.54								778	28.49					148	5.42		177	6.48								1504	55.07		2731
	SEVENTH			38	21.47								64	36.16					21	11.86			Excluded								54	30.51		177
		TOTAL		162	5.93								842	30.83					169	6.19											1558	57.05		2731
	EIGHTH				Excluded								108	66.67					24	14.81											30	18.52		162
		TOTAL											950	34.79					193	7.07											1588	58.15		2731
	NINTH												71	36.79						Excluded											122	63.21		193
		TOTAL											1021	37.39																	1710	62.61		2731
																															Elected			
																																		
Mount Pritchard East                                           																																		
	FIRST			50	3.09		45	2.78		34	2.10		309	19.07		24	1.48		51	3.15		84	5.19		31	1.91		24	1.48		968	59.75		1620
	SECOND			2	8.33		4	16.67		0	0.00		5	20.83			Excluded		1	4.17		7	29.17		5	20.83		0	0.00		0	0.00		24
		TOTAL		52	3.21		49	3.02		34	2.10		314	19.38					52	3.21		91	5.62		36	2.22		24	1.48		968	59.75		1620
	THIRD			1	2.94		1	2.94			Excluded		20	58.82					2	5.88		4	11.76		1	2.94		0	0.00		5	14.71		34
		TOTAL		53	3.27		50	3.09					334	20.62					54	3.33		95	5.86		37	2.28		24	1.48		973	60.06		1620
	FOURTH			1	4.17		3	12.50					4	16.67					2	8.33		3	12.50		1	4.17			Excluded		10	41.67		24
		TOTAL		54	3.33		53	3.27					338	20.86					56	3.46		98	6.05		38	2.35					983	60.68		1620
	FIFTH			3	7.89		1	2.63					5	13.16					2	5.26		6	15.79			Excluded					21	55.26		38
		TOTAL		57	3.52		54	3.33					343	21.17					58	3.58		104	6.42								1004	61.98		1620
	SIXTH			15	27.78			Excluded					6	11.11					6	11.11		7	12.96								20	37.04		54
		TOTAL		72	4.44								349	21.54					64	3.95		111	6.85								1024	63.21		1620
	SEVENTH			36	32.43								30	27.03					8	7.21			Excluded								37	33.33		111
		TOTAL		108	6.67								379	23.40					72	4.44											1061	65.49		1620
	EIGHTH				Excluded								74	68.52					18	16.67											16	14.81		108
		TOTAL											453	27.96					90	5.56											1077	66.48		1620
	NINTH												35	38.89						Excluded											55	61.11		90
		TOTAL											488	30.12																	1132	69.88		1620
																															Elected			
																																		
Sadleir                                                        																																		
	FIRST			36	2.91		29	2.34		13	1.05		173	13.97		19	1.53		33	2.67		79	6.38		17	1.37		28	2.26		811	65.51		1238
	SECOND			2	10.53		3	15.79		1	5.26		2	10.53			Excluded		1	5.26		6	31.58		4	21.05		0	0.00		0	0.00		19
		TOTAL		38	3.07		32	2.58		14	1.13		175	14.14					34	2.75		85	6.87		21	1.70		28	2.26		811	65.51		1238
	THIRD			0	0.00		5	35.71			Excluded		4	28.57					1	7.14		1	7.14		0	0.00		0	0.00		3	21.43		14
		TOTAL		38	3.07		37	2.99					179	14.46					35	2.83		86	6.95		21	1.70		28	2.26		814	65.75		1238
	FOURTH			3	10.71		1	3.57					3	10.71					2	7.14		2	7.14		6	21.43			Excluded		11	39.29		28
		TOTAL		41	3.31		38	3.07					182	14.70					37	2.99		88	7.11		27	2.18					825	66.64		1238
	FIFTH			1	3.70		8	29.63					2	7.41					5	18.52		2	7.41			Excluded					9	33.33		27
		TOTAL		42	3.39		46	3.72					184	14.86					42	3.39		90	7.27								834	67.37		1238
	SIXTH			14	30.43			Excluded					9	19.57					6	13.04		8	17.39								9	19.57		46
		TOTAL		56	4.52								193	15.59					48	3.88		98	7.92								843	68.09		1238
	SEVENTH			34	34.69								21	21.43					11	11.22			Excluded								32	32.65		98
		TOTAL		90	7.27								214	17.29					59	4.77											875	70.68		1238
	EIGHTH				Excluded								64	71.11					15	16.67											11	12.22		90
		TOTAL											278	22.46					74	5.98											886	71.57		1238
	NINTH												20	27.03						Excluded											54	72.97		74
		TOTAL											298	24.07																	940	75.93		1238
																															Elected			
																																		
St Johns Park                                                  																																		
	FIRST			94	3.09		47	1.54		42	1.38		595	19.55		25	0.82		170	5.58		47	1.54		46	1.51		53	1.74		1925	63.24		3044
	SECOND			1	4.00		2	8.00		2	8.00		5	20.00			Excluded		2	8.00		4	16.00		6	24.00		0	0.00		3	12.00		25
		TOTAL		95	3.12		49	1.61		44	1.45		600	19.71					172	5.65		51	1.68		52	1.71		53	1.74		1928	63.34		3044
	THIRD			1	2.27		6	13.64			Excluded		17	38.64					1	2.27		2	4.55		2	4.55		5	11.36		10	22.73		44
		TOTAL		96	3.15		55	1.81					617	20.27					173	5.68		53	1.74		54	1.77		58	1.91		1938	63.67		3044
	FOURTH			1	1.72		9	15.52					8	13.79					3	5.17		3	5.17		6	10.34			Excluded		28	48.28		58
		TOTAL		97	3.19		64	2.10					625	20.53					176	5.78		56	1.84		60	1.97					1966	64.59		3044
	FIFTH			5	8.33		8	13.33					6	10.00					5	8.33		3	5.00			Excluded					33	55.00		60
		TOTAL		102	3.35		72	2.37					631	20.73					181	5.95		59	1.94								1999	65.67		3044
	SIXTH			17	23.61			Excluded					16	22.22					10	13.89		4	5.56								25	34.72		72
		TOTAL		119	3.91								647	21.25					191	6.27		63	2.07								2024	66.49		3044
	SEVENTH			14	22.22								17	26.98					12	19.05			Excluded								20	31.75		63
		TOTAL		133	4.37								664	21.81					203	6.67											2044	67.15		3044
	EIGHTH				Excluded								100	75.19					17	12.78											16	12.03		133
		TOTAL											764	25.10					220	7.23											2060	67.67		3044
	NINTH												74	33.64						Excluded											146	66.36		220
		TOTAL											838	27.53																	2206	72.47		3044
																															Elected			
																																		
Sydney (Fowler)                                                																																		
	FIRST			1	1.23		6	7.41		1	1.23		17	20.99		1	1.23		6	7.41		0	0.00		6	7.41		3	3.70		40	49.38		81
	SECOND			0	0.00		0	0.00		0	0.00		0	0.00			Excluded		0	0.00		0	0.00		1	100.00		0	0.00		0	0.00		1
		TOTAL		1	1.23		6	7.41		1	1.23		17	20.99					6	7.41		0	0.00		7	8.64		3	3.70		40	49.38		81
	THIRD			0	0.00		0	0.00			Excluded		0	0.00					0	0.00		0	0.00		0	0.00		1	100.00		0	0.00		1
		TOTAL		1	1.23		6	7.41					17	20.99					6	7.41		0	0.00		7	8.64		4	4.94		40	49.38		81
	FOURTH			0	0.00		1	25.00					1	25.00					0	0.00		0	0.00		0	0.00			Excluded		2	50.00		4
		TOTAL		1	1.23		7	8.64					18	22.22					6	7.41		0	0.00		7	8.64					42	51.85		81
	FIFTH			0	0.00		0	0.00					0	0.00					1	14.29		1	14.29			Excluded					5	71.43		7
		TOTAL		1	1.23		7	8.64					18	22.22					7	8.64		1	1.23								47	58.02		81
	SIXTH			1	14.29			Excluded					0	0.00					2	28.57		1	14.29								3	42.86		7
		TOTAL		2	2.47								18	22.22					9	11.11		2	2.47								50	61.73		81
	SEVENTH			0	0.00								1	50.00					1	50.00			Excluded								0	0.00		2
		TOTAL		2	2.47								19	23.46					10	12.35											50	61.73		81
	EIGHTH				Excluded								1	50.00					1	50.00											0	0.00		2
		TOTAL											20	24.69					11	13.58											50	61.73		81
	NINTH												2	18.18						Excluded											9	81.82		11
		TOTAL											22	27.16																	59	72.84		81
																															Elected			
																																		
Villawood                                                      																																		
	FIRST			70	3.60		43	2.21		45	2.31		289	14.87		25	1.29		77	3.96		69	3.55		24	1.23		48	2.47		1254	64.51		1944
	SECOND			3	12.00		3	12.00		2	8.00		6	24.00			Excluded		0	0.00		6	24.00		1	4.00		0	0.00		4	16.00		25
		TOTAL		73	3.76		46	2.37		47	2.42		295	15.17					77	3.96		75	3.86		25	1.29		48	2.47		1258	64.71		1944
	THIRD			3	6.38		3	6.38			Excluded		25	53.19					1	2.13		2	4.26		4	8.51		2	4.26		7	14.89		47
		TOTAL		76	3.91		49	2.52					320	16.46					78	4.01		77	3.96		29	1.49		50	2.57		1265	65.07		1944
	FOURTH			0	0.00		9	18.00					10	20.00					4	8.00		2	4.00		3	6.00			Excluded		22	44.00		50
		TOTAL		76	3.91		58	2.98					330	16.98					82	4.22		79	4.06		32	1.65					1287	66.20		1944
	FIFTH			1	3.13		3	9.38					3	9.38					1	3.13		5	15.63			Excluded					19	59.38		32
		TOTAL		77	3.96		61	3.14					333	17.13					83	4.27		84	4.32								1306	67.18		1944
	SIXTH			17	27.87			Excluded					11	18.03					4	6.56		2	3.28								27	44.26		61
		TOTAL		94	4.84								344	17.70					87	4.48		86	4.42								1333	68.57		1944
	SEVENTH			17	19.77								30	34.88					9	10.47			Excluded								30	34.88		86
		TOTAL		111	5.71								374	19.24					96	4.94											1363	70.11		1944
	EIGHTH				Excluded								75	67.57					25	22.52											11	9.91		111
		TOTAL											449	23.10					121	6.22											1374	70.68		1944
	NINTH												40	33.06						Excluded											81	66.94		121
		TOTAL											489	25.15																	1455	74.85		1944
																															Elected			
																																		
Villawood North                                                																																		
	FIRST			54	3.69		34	2.33		12	0.82		212	14.50		15	1.03		104	7.11		41	2.80		30	2.05		27	1.85		933	63.82		1462
	SECOND			4	26.67		1	6.67		0	0.00		3	20.00			Excluded		0	0.00		3	20.00		1	6.67		2	13.33		1	6.67		15
		TOTAL		58	3.97		35	2.39		12	0.82		215	14.71					104	7.11		44	3.01		31	2.12		29	1.98		934	63.89		1462
	THIRD			0	0.00		4	33.33			Excluded		6	50.00					0	0.00		1	8.33		0	0.00		0	0.00		1	8.33		12
		TOTAL		58	3.97		39	2.67					221	15.12					104	7.11		45	3.08		31	2.12		29	1.98		935	63.95		1462
	FOURTH			2	6.90		5	17.24					4	13.79					1	3.45		1	3.45		4	13.79			Excluded		12	41.38		29
		TOTAL		60	4.10		44	3.01					225	15.39					105	7.18		46	3.15		35	2.39					947	64.77		1462
	FIFTH			1	2.86		4	11.43					3	8.57					1	2.86		6	17.14			Excluded					20	57.14		35
		TOTAL		61	4.17		48	3.28					228	15.60					106	7.25		52	3.56								967	66.14		1462
	SIXTH			13	27.08			Excluded					6	12.50					7	14.58		2	4.17								20	41.67		48
		TOTAL		74	5.06								234	16.01					113	7.73		54	3.69								987	67.51		1462
	SEVENTH			20	37.04								11	20.37					9	16.67			Excluded								14	25.93		54
		TOTAL		94	6.43								245	16.76					122	8.34											1001	68.47		1462
	EIGHTH				Excluded								72	76.60					13	13.83											9	9.57		94
		TOTAL											317	21.68					135	9.23											1010	69.08		1462
	NINTH												50	37.04						Excluded											85	62.96		135
		TOTAL											367	25.10																	1095	74.90		1462
																															Elected			
																																		
Wakeley (Fowler)                                               																																		
	FIRST			41	4.19		22	2.25		34	3.47		169	17.26		3	0.31		72	7.35		30	3.06		33	3.37		19	1.94		556	56.79		979
	SECOND			0	0.00		0	0.00		0	0.00		2	66.67			Excluded		0	0.00		0	0.00		1	33.33		0	0.00		0	0.00		3
		TOTAL		41	4.19		22	2.25		34	3.47		171	17.47					72	7.35		30	3.06		34	3.47		19	1.94		556	56.79		979
	THIRD			2	5.88		3	8.82			Excluded		13	38.24					1	2.94		5	14.71		2	5.88		0	0.00		8	23.53		34
		TOTAL		43	4.39		25	2.55					184	18.79					73	7.46		35	3.58		36	3.68		19	1.94		564	57.61		979
	FOURTH			1	5.26		1	5.26					5	26.32					0	0.00		3	15.79		2	10.53			Excluded		7	36.84		19
		TOTAL		44	4.49		26	2.66					189	19.31					73	7.46		38	3.88		38	3.88					571	58.32		979
	FIFTH			1	2.63		0	0.00					8	21.05					6	15.79		6	15.79			Excluded					17	44.74		38
		TOTAL		45	4.60		26	2.66					197	20.12					79	8.07		44	4.49								588	60.06		979
	SIXTH			5	19.23			Excluded					2	7.69					3	11.54		0	0.00								16	61.54		26
		TOTAL		50	5.11								199	20.33					82	8.38		44	4.49								604	61.70		979
	SEVENTH			7	15.91								8	18.18					8	18.18			Excluded								21	47.73		44
		TOTAL		57	5.82								207	21.14					90	9.19											625	63.84		979
	EIGHTH				Excluded								46	80.70					7	12.28											4	7.02		57
		TOTAL											253	25.84					97	9.91											629	64.25		979
	NINTH												49	50.52						Excluded											48	49.48		97
		TOTAL											302	30.85																	677	69.15		979
																															Elected			
																																		
Warwick Farm                                                   																																		
	FIRST			40	3.13		25	1.96		23	1.80		178	13.93		15	1.17		32	2.50		64	5.01		23	1.80		23	1.80		855	66.90		1278
	SECOND			3	20.00		2	13.33		0	0.00		3	20.00			Excluded		0	0.00		4	26.67		1	6.67		2	13.33		0	0.00		15
		TOTAL		43	3.36		27	2.11		23	1.80		181	14.16					32	2.50		68	5.32		24	1.88		25	1.96		855	66.90		1278
	THIRD			1	4.35		5	21.74			Excluded		6	26.09					2	8.70		0	0.00		5	21.74		2	8.70		2	8.70		23
		TOTAL		44	3.44		32	2.50					187	14.63					34	2.66		68	5.32		29	2.27		27	2.11		857	67.06		1278
	FOURTH			3	11.11		4	14.81					4	14.81					4	14.81		1	3.70		2	7.41			Excluded		9	33.33		27
		TOTAL		47	3.68		36	2.82					191	14.95					38	2.97		69	5.40		31	2.43					866	67.76		1278
	FIFTH			2	6.45		2	6.45					3	9.68					2	6.45		5	16.13			Excluded					17	54.84		31
		TOTAL		49	3.83		38	2.97					194	15.18					40	3.13		74	5.79								883	69.09		1278
	SIXTH			12	31.58			Excluded					3	7.89					5	13.16		4	10.53								14	36.84		38
		TOTAL		61	4.77								197	15.41					45	3.52		78	6.10								897	70.19		1278
	SEVENTH			28	35.90								20	25.64					14	17.95			Excluded								16	20.51		78
		TOTAL		89	6.96								217	16.98					59	4.62											913	71.44		1278
	EIGHTH				Excluded								66	74.16					12	13.48											11	12.36		89
		TOTAL											283	22.14					71	5.56											924	72.30		1278
	NINTH												32	45.07						Excluded											39	54.93		71
		TOTAL											315	24.65																	963	75.35		1278
																															Elected			
																																		
Yennora (Fowler)                                               																																		
	FIRST			18	6.12		11	3.74		6	2.04		61	20.75		3	1.02		13	4.42		7	2.38		6	2.04		8	2.72		161	54.76		294
	SECOND			1	33.33		0	0.00		1	33.33		0	0.00			Excluded		0	0.00		0	0.00		0	0.00		0	0.00		1	33.33		3
		TOTAL		19	6.46		11	3.74		7	2.38		61	20.75					13	4.42		7	2.38		6	2.04		8	2.72		162	55.10		294
	THIRD			0	0.00		1	14.29			Excluded		2	28.57					1	14.29		1	14.29		0	0.00		0	0.00		2	28.57		7
		TOTAL		19	6.46		12	4.08					63	21.43					14	4.76		8	2.72		6	2.04		8	2.72		164	55.78		294
	FOURTH			0	0.00		2	25.00					1	12.50					2	25.00		0	0.00		0	0.00			Excluded		3	37.50		8
		TOTAL		19	6.46		14	4.76					64	21.77					16	5.44		8	2.72		6	2.04					167	56.80		294
	FIFTH			3	50.00		2	33.33					0	0.00					0	0.00		0	0.00			Excluded					1	16.67		6
		TOTAL		22	7.48		16	5.44					64	21.77					16	5.44		8	2.72								168	57.14		294
	SIXTH			4	25.00			Excluded					1	6.25					4	25.00		0	0.00								7	43.75		16
		TOTAL		26	8.84								65	22.11					20	6.80		8	2.72								175	59.52		294
	SEVENTH			0	0.00								5	62.50					0	0.00			Excluded								3	37.50		8
		TOTAL		26	8.84								70	23.81					20	6.80											178	60.54		294
	EIGHTH				Excluded								22	84.62					2	7.69											2	7.69		26
		TOTAL											92	31.29					22	7.48											180	61.22		294
	NINTH												9	40.91						Excluded											13	59.09		22
		TOTAL											101	34.35																	193	65.65		294
																															Elected			
																																		
ABSENT																																		
	FIRST			205	4.97		243	5.89		115	2.79		938	22.72		125	3.03		121	2.93		169	4.09		170	4.12		131	3.17		1911	46.29		4128
	SECOND			8	6.40		12	9.60		10	8.00		26	20.80			Excluded		6	4.80		33	26.40		18	14.40		3	2.40		9	7.20		125
		TOTAL		213	5.16		255	6.18		125	3.03		964	23.35					127	3.08		202	4.89		188	4.55		134	3.25		1920	46.51		4128
	THIRD			6	4.80		16	12.80			Excluded		49	39.20					8	6.40		7	5.60		9	7.20		8	6.40		22	17.60		125
		TOTAL		219	5.31		271	6.56					1013	24.54					135	3.27		209	5.06		197	4.77		142	3.44		1942	47.04		4128
	FOURTH			2	1.41		32	22.54					16	11.27					4	2.82		10	7.04		18	12.68			Excluded		60	42.25		142
		TOTAL		221	5.35		303	7.34					1029	24.93					139	3.37		219	5.31		215	5.21					2002	48.50		4128
	FIFTH			13	6.05		33	15.35					24	11.16					15	6.98		39	18.14			Excluded					91	42.33		215
		TOTAL		234	5.67		336	8.14					1053	25.51					154	3.73		258	6.25								2093	50.70		4128
	SIXTH			95	28.27			Excluded					64	19.05					36	10.71		44	13.10								97	28.87		336
		TOTAL		329	7.97								1117	27.06					190	4.60		302	7.32								2190	53.05		4128
	SEVENTH			58	19.21								78	25.83					70	23.18			Excluded								96	31.79		302
		TOTAL		387	9.38								1195	28.95					260	6.30											2286	55.38		4128
	EIGHTH				Excluded								263	67.96					66	17.05											58	14.99		387
		TOTAL											1458	35.32					326	7.90											2344	56.78		4128
	NINTH												171	52.45						Excluded											155	47.55		326
		TOTAL											1629	39.46																	2499	60.54		4128
																															Elected			
																																		
POSTAL																																		
	FIRST			19	1.14		13	0.78		40	2.40		481	28.85		19	1.14		47	2.82		92	5.52		30	1.80		25	1.50		901	54.05		1667
	SECOND			0	0.00		2	10.53		2	10.53		6	31.58			Excluded		0	0.00		5	26.32		1	5.26		0	0.00		3	15.79		19
		TOTAL		19	1.14		15	0.90		42	2.52		487	29.21					47	2.82		97	5.82		31	1.86		25	1.50		904	54.23		1667
	THIRD			18	42.86		2	4.76			Excluded		9	21.43					0	0.00		2	4.76		4	9.52		5	11.90		2	4.76		42
		TOTAL		37	2.22		17	1.02					496	29.75					47	2.82		99	5.94		35	2.10		30	1.80		906	54.35		1667
	FOURTH			0	0.00		5	16.67					8	26.67					2	6.67		3	10.00		0	0.00			Excluded		12	40.00		30
		TOTAL		37	2.22		22	1.32					504	30.23					49	2.94		102	6.12		35	2.10					918	55.07		1667
	FIFTH			3	8.57		2	5.71					6	17.14					3	8.57		3	8.57			Excluded					18	51.43		35
		TOTAL		40	2.40		24	1.44					510	30.59					52	3.12		105	6.30								936	56.15		1667
	SIXTH			7	29.17			Excluded					5	20.83					2	8.33		4	16.67								6	25.00		24
		TOTAL		47	2.82								515	30.89					54	3.24		109	6.54								942	56.51		1667
	SEVENTH			23	21.10								36	33.03					3	2.75			Excluded								47	43.12		109
		TOTAL		70	4.20								551	33.05					57	3.42											989	59.33		1667
	EIGHTH				Excluded								47	67.14					12	17.14											11	15.71		70
		TOTAL											598	35.87					69	4.14											1000	59.99		1667
	NINTH												23	33.33						Excluded											46	66.67		69
		TOTAL											621	37.25																	1046	62.75		1667
																															Elected			
																																		
PRE POLL																																		
	FIRST			67	3.73		69	3.84		31	1.73		374	20.84		28	1.56		72	4.01		91	5.07		76	4.23		54	3.01		933	51.98		1795
	SECOND			1	3.57		2	7.14		2	7.14		5	17.86			Excluded		2	7.14		9	32.14		2	7.14		2	7.14		3	10.71		28
		TOTAL		68	3.79		71	3.96		33	1.84		379	21.11					74	4.12		100	5.57		78	4.35		56	3.12		936	52.14		1795
	THIRD			6	18.18		2	6.06			Excluded		10	30.30					0	0.00		5	15.15		3	9.09		1	3.03		6	18.18		33
		TOTAL		74	4.12		73	4.07					389	21.67					74	4.12		105	5.85		81	4.51		57	3.18		942	52.48		1795
	FOURTH			1	1.75		15	26.32					4	7.02					3	5.26		0	0.00		6	10.53			Excluded		28	49.12		57
		TOTAL		75	4.18		88	4.90					393	21.89					77	4.29		105	5.85		87	4.85					970	54.04		1795
	FIFTH			10	11.49		5	5.75					13	14.94					10	11.49		12	13.79			Excluded					37	42.53		87
		TOTAL		85	4.74		93	5.18					406	22.62					87	4.85		117	6.52								1007	56.10		1795
	SIXTH			18	19.35			Excluded					13	13.98					13	13.98		9	9.68								40	43.01		93
		TOTAL		103	5.74								419	23.34					100	5.57		126	7.02								1047	58.33		1795
	SEVENTH			40	31.75								28	22.22					13	10.32			Excluded								45	35.71		126
		TOTAL		143	7.97								447	24.90					113	6.30											1092	60.84		1795
	EIGHTH				Excluded								93	65.03					31	21.68											19	13.29		143
		TOTAL											540	30.08					144	8.02											1111	61.89		1795
	NINTH												71	49.31						Excluded											73	50.69		144
		TOTAL											611	34.04																	1184	65.96		1795
																															Elected			
																																		
PROVISIONAL																																		
	FIRST			35	6.43		16	2.94		5	0.92		62	11.40		3	0.55		30	5.51		7	1.29		28	5.15		7	1.29		351	64.52		544
	SECOND			0	0.00		0	0.00		1	33.33		1	33.33			Excluded		0	0.00		1	33.33		0	0.00		0	0.00		0	0.00		3
		TOTAL		35	6.43		16	2.94		6	1.10		63	11.58					30	5.51		8	1.47		28	5.15		7	1.29		351	64.52		544
	THIRD			3	50.00		3	50.00			Excluded		0	0.00					0	0.00		0	0.00		0	0.00		0	0.00		0	0.00		6
		TOTAL		38	6.99		19	3.49					63	11.58					30	5.51		8	1.47		28	5.15		7	1.29		351	64.52		544
	FOURTH			0	0.00		4	57.14					2	28.57					0	0.00		0	0.00		0	0.00			Excluded		1	14.29		7
		TOTAL		38	6.99		23	4.23					65	11.95					30	5.51		8	1.47		28	5.15					352	64.71		544
	FIFTH			2	7.14		1	3.57					4	14.29					3	10.71		4	14.29			Excluded					14	50.00		28
		TOTAL		40	7.35		24	4.41					69	12.68					33	6.07		12	2.21								366	67.28		544
	SIXTH			5	20.83			Excluded					5	20.83					4	16.67		2	8.33								8	33.33		24
		TOTAL		45	8.27								74	13.60					37	6.80		14	2.57								374	68.75		544
	SEVENTH			4	28.57								1	7.14					5	35.71			Excluded								4	28.57		14
		TOTAL		49	9.01								75	13.79					42	7.72											378	69.49		544
	EIGHTH				Excluded								37	75.51					7	14.29											5	10.20		49
		TOTAL											112	20.59					49	9.01											383	70.40		544
	NINTH												23	46.94						Excluded											26	53.06		49
		TOTAL											135	24.82																	409	75.18		544
																															Elected			
																																		
																																		
																																		
																																		
																																		
																																		
																																		
																																		
																																		
																																		
																																		
																																		
																																		
																																		
																																		
																																		
																																		
																																		
																																		
																																		
																																		
																																		
																																		
																																		
																																		
																																		
																																		
																																		
																																		
																																		
																																		
																																		
																																		
																																		
																																		
																																		
																																		
																																		
																																		
																																		
																																		
																																		
																																		
																																		
																																		
																																		
																																		
																																		
																																		
																																		
																																		
																																		
																																		
																																		
																																		
																																		
																																		
																																		
																																		
																																		
																																		
																																		
																																		
																																		
																																		
																																		
																																		
																																		
																																		
																																		
																																		
																																		
																																		
																																		
																																		
																																		
																																		
																																		
																																		
																																		
																																		
																																		
																																		
																																		
																																		
																																		
																																		
																																		
																																		
																																		
																																		
																																		
																																		
																																		
																																		
																																		
																																		
																																		
																																		
																																		
																																		
																																		
																																		
																																		
																																		
																																		
																																		
																																		
																																		
																																		
																																		
																																		
																																		
																																		
																																		
																																		
																																		
																																		
																																		
																																		
																																		
																																		
																																		
																																		
																																		
																																		
																																		
																																		
																																		
																																		
																																		
																																		
																																		
																																		
																																		
																																		
																																		
																																		
																																		
																																		
																																		
																																		
																																		
																																		
																																		
																																		
																																		
																																		
																																		
																																		
																																		
																																		
