Senate - 2001 Election: New South Wales																																																																																	
First Preference Votes by Group 																																																																																	
By Polling Place																																																																																	

Richmond (81312)																																																																																	
		Group A Total			Group B Total			Group C Total			Group D Total			Group E Total			Group F Total			Group G Total			Group H Total			Group I Total			Group J Total			Group K Total			Group L Total			Group M Total			Group N Total			Group O Total			Group P Total			Group Q Total			Group R Total			Group S Total			Group T Total			Group U Total			Group V Total			Group W Total			Ungrouped Total 			FORMAL 			INFORMAL 			TOTAL 	
		HAN			CTA			UNI			CEC			PLP			OCF			DEM			HMP			RLS			ACL			LEF			Unendorsed			FPY			Unendorsed			NCP			NDP			LNP			NGST			RPA			GRN			Unendorsed			AAP			AFI			Independent										
Polling Places		Vote	%		Vote	%		Vote	%		Vote	%		Vote	%		Vote	%		Vote	%		Vote	%		Vote	%		Vote	%		Vote	%		Vote	%		Vote	%		Vote	%		Vote	%		Vote	%		Vote	%		Vote	%		Vote	%		Vote	%		Vote	%		Vote	%		Vote	%		Vote	%		Vote	%		Vote	%		Vote	%
Alstonville		169	5.55		149	4.89		0	0.00		4	0.13		35	1.15		10	0.33		231	7.58		32	1.05		3	0.10		697	22.88		17	0.56		0	0.00		19	0.62		0	0.00		7	0.23		0	0.00		1457	47.83		12	0.39		3	0.10		189	6.20		1	0.03		0	0.00		8	0.26		3	0.10		3046	97.75		70	2.25		3116	4.05
Bangalow		50	3.72		17	1.27		1	0.07		0	0.00		16	1.19		16	1.19		139	10.35		30	2.23		6	0.45		374	27.85		7	0.52		0	0.00		10	0.74		1	0.07		3	0.22		3	0.22		387	28.82		4	0.30		2	0.15		271	20.18		0	0.00		0	0.00		0	0.00		6	0.45		1343	98.46		21	1.54		1364	1.77
Banora Point		224	7.57		24	0.81		0	0.00		0	0.00		32	1.08		1	0.03		137	4.63		19	0.64		8	0.27		829	28.01		12	0.41		1	0.03		18	0.61		0	0.00		5	0.17		6	0.20		1514	51.15		12	0.41		3	0.10		101	3.41		0	0.00		0	0.00		12	0.41		2	0.07		2960	97.34		81	2.66		3041	3.95
Banora Point South		221	8.18		29	1.07		0	0.00		0	0.00		48	1.78		3	0.11		104	3.85		22	0.81		3	0.11		976	36.11		5	0.18		1	0.04		15	0.55		1	0.04		6	0.22		3	0.11		1163	43.03		12	0.44		1	0.04		77	2.85		0	0.00		1	0.04		12	0.44		0	0.00		2703	97.72		63	2.28		2766	3.60
Banora Point West		171	8.61		5	0.25		0	0.00		0	0.00		21	1.06		2	0.10		86	4.33		13	0.65		4	0.20		628	31.61		8	0.40		1	0.05		6	0.30		1	0.05		4	0.20		2	0.10		977	49.17		9	0.45		2	0.10		46	2.32		0	0.00		0	0.00		1	0.05		0	0.00		1987	97.69		47	2.31		2034	2.64
Bilambil		139	9.08		12	0.78		0	0.00		3	0.20		16	1.05		4	0.26		96	6.27		10	0.65		3	0.20		469	30.63		4	0.26		0	0.00		13	0.85		1	0.07		0	0.00		1	0.07		673	43.96		10	0.65		1	0.07		68	4.44		0	0.00		0	0.00		8	0.52		0	0.00		1531	97.64		37	2.36		1568	2.04
Billinudgel		52	7.73		13	1.93		0	0.00		0	0.00		9	1.34		3	0.45		38	5.65		18	2.67		2	0.30		257	38.19		2	0.30		0	0.00		4	0.59		0	0.00		1	0.15		0	0.00		208	30.91		2	0.30		1	0.15		62	9.21		0	0.00		0	0.00		1	0.15		0	0.00		673	97.40		18	2.60		691	0.90
Bray Park		73	6.40		10	0.88		7	0.61		1	0.09		16	1.40		3	0.26		53	4.65		9	0.79		3	0.26		327	28.66		3	0.26		0	0.00		2	0.18		0	0.00		2	0.18		1	0.09		548	48.03		4	0.35		0	0.00		77	6.75		0	0.00		1	0.09		1	0.09		0	0.00		1141	96.94		36	3.06		1177	1.53
Brunswick Heads		92	6.02		16	1.05		1	0.07		1	0.07		17	1.11		12	0.79		115	7.53		16	1.05		9	0.59		535	35.01		5	0.33		0	0.00		5	0.33		1	0.07		2	0.13		2	0.13		472	30.89		10	0.65		1	0.07		207	13.55		0	0.00		0	0.00		8	0.52		1	0.07		1528	97.08		46	2.92		1574	2.05
Burringbar		27	4.95		5	0.92		0	0.00		0	0.00		12	2.20		3	0.55		22	4.03		17	3.11		3	0.55		197	36.08		6	1.10		0	0.00		7	1.28		0	0.00		1	0.18		0	0.00		155	28.39		4	0.73		0	0.00		83	15.20		0	0.00		0	0.00		3	0.55		1	0.18		546	99.09		5	0.91		551	0.72
Byron Bay		59	2.47		16	0.67		3	0.13		2	0.08		41	1.71		54	2.26		254	10.62		77	3.22		34	1.42		684	28.60		10	0.42		2	0.08		11	0.46		1	0.04		1	0.04		6	0.25		506	21.15		12	0.50		1	0.04		607	25.38		1	0.04		0	0.00		8	0.33		2	0.08		2392	98.19		44	1.81		2436	3.17
Byron Bay South		58	2.73		12	0.57		2	0.09		2	0.09		19	0.90		23	1.08		222	10.46		48	2.26		15	0.71		626	29.50		16	0.75		2	0.09		7	0.33		0	0.00		2	0.09		5	0.24		561	26.44		10	0.47		1	0.05		484	22.81		1	0.05		0	0.00		5	0.24		1	0.05		2122	97.74		49	2.26		2171	2.82
Cabarita Beach		133	8.38		33	2.08		2	0.13		0	0.00		22	1.39		3	0.19		85	5.36		21	1.32		4	0.25		617	38.88		9	0.57		0	0.00		9	0.57		0	0.00		1	0.06		1	0.06		517	32.58		7	0.44		1	0.06		116	7.31		1	0.06		0	0.00		4	0.25		1	0.06		1587	96.71		54	3.29		1641	2.13
Carool		15	12.50		0	0.00		0	0.00		0	0.00		0	0.00		0	0.00		6	5.00		1	0.83		0	0.00		40	33.33		0	0.00		0	0.00		1	0.83		0	0.00		0	0.00		1	0.83		49	40.83		1	0.83		0	0.00		5	4.17		0	0.00		1	0.83		0	0.00		0	0.00		120	97.56		3	2.44		123	0.16
Chillingham		20	7.97		1	0.40		0	0.00		1	0.40		3	1.20		1	0.40		15	5.98		2	0.80		0	0.00		62	24.70		1	0.40		0	0.00		4	1.59		0	0.00		0	0.00		0	0.00		99	39.44		1	0.40		0	0.00		41	16.33		0	0.00		0	0.00		0	0.00		0	0.00		251	97.67		6	2.33		257	0.33
Chinderah		121	11.26		10	0.93		1	0.09		1	0.09		18	1.67		2	0.19		47	4.37		9	0.84		4	0.37		468	43.53		10	0.93		0	0.00		11	1.02		1	0.09		1	0.09		1	0.09		314	29.21		6	0.56		2	0.19		43	4.00		0	0.00		2	0.19		3	0.28		0	0.00		1075	96.50		39	3.50		1114	1.45
Condong		84	9.64		20	2.30		0	0.00		3	0.34		9	1.03		1	0.11		45	5.17		15	1.72		2	0.23		251	28.82		3	0.34		0	0.00		9	1.03		0	0.00		1	0.11		0	0.00		374	42.94		4	0.46		2	0.23		46	5.28		0	0.00		0	0.00		2	0.23		0	0.00		871	98.98		9	1.02		880	1.14
Coorabell		9	5.66		0	0.00		0	0.00		0	0.00		0	0.00		1	0.63		19	11.95		4	2.52		1	0.63		38	23.90		0	0.00		0	0.00		1	0.63		0	0.00		0	0.00		1	0.63		55	34.59		0	0.00		0	0.00		30	18.87		0	0.00		0	0.00		0	0.00		0	0.00		159	96.95		5	3.05		164	0.21
Crabbes Creek		11	8.27		4	3.01		0	0.00		0	0.00		3	2.26		0	0.00		7	5.26		3	2.26		0	0.00		36	27.07		1	0.75		0	0.00		0	0.00		0	0.00		0	0.00		0	0.00		45	33.83		0	0.00		0	0.00		23	17.29		0	0.00		0	0.00		0	0.00		0	0.00		133	99.25		1	0.75		134	0.17
Crystal Creek		24	8.25		2	0.69		0	0.00		0	0.00		2	0.69		1	0.34		21	7.22		4	1.37		2	0.69		77	26.46		4	1.37		0	0.00		1	0.34		0	0.00		2	0.69		2	0.69		121	41.58		0	0.00		0	0.00		27	9.28		0	0.00		0	0.00		1	0.34		0	0.00		291	97.00		9	3.00		300	0.39
Cudgen		38	6.45		11	1.87		0	0.00		0	0.00		10	1.70		0	0.00		29	4.92		2	0.34		1	0.17		230	39.05		1	0.17		1	0.17		9	1.53		0	0.00		0	0.00		2	0.34		228	38.71		2	0.34		0	0.00		25	4.24		0	0.00		0	0.00		0	0.00		0	0.00		589	98.33		10	1.67		599	0.78
Dungay		29	9.42		4	1.30		0	0.00		1	0.32		2	0.65		2	0.65		14	4.55		4	1.30		0	0.00		64	20.78		1	0.32		0	0.00		2	0.65		0	0.00		1	0.32		0	0.00		156	50.65		4	1.30		1	0.32		22	7.14		0	0.00		0	0.00		1	0.32		0	0.00		308	99.04		3	0.96		311	0.40
Duranbah		12	9.02		3	2.26		0	0.00		0	0.00		2	1.50		0	0.00		17	12.78		2	1.50		0	0.00		32	24.06		1	0.75		0	0.00		3	2.26		0	0.00		0	0.00		0	0.00		51	38.35		0	0.00		0	0.00		10	7.52		0	0.00		0	0.00		0	0.00		0	0.00		133	100.00		0	0.00		133	0.17
Durrumbul		8	4.76		2	1.19		0	0.00		0	0.00		1	0.60		4	2.38		13	7.74		3	1.79		4	2.38		45	26.79		0	0.00		0	0.00		1	0.60		1	0.60		1	0.60		1	0.60		58	34.52		1	0.60		0	0.00		25	14.88		0	0.00		0	0.00		0	0.00		0	0.00		168	100.00		0	0.00		168	0.22
Eureka		5	2.49		9	4.48		0	0.00		0	0.00		1	0.50		3	1.49		22	10.95		10	4.98		0	0.00		48	23.88		1	0.50		0	0.00		3	1.49		0	0.00		1	0.50		2	1.00		68	33.83		1	0.50		0	0.00		27	13.43		0	0.00		0	0.00		0	0.00		0	0.00		201	98.05		4	1.95		205	0.27
Ewingsdale		20	5.62		3	0.84		0	0.00		0	0.00		5	1.40		5	1.40		28	7.87		3	0.84		2	0.56		70	19.66		4	1.12		0	0.00		2	0.56		0	0.00		0	0.00		0	0.00		147	41.29		1	0.28		0	0.00		64	17.98		0	0.00		1	0.28		0	0.00		1	0.28		356	98.07		7	1.93		363	0.47
Federal		15	3.82		8	2.04		0	0.00		0	0.00		2	0.51		15	3.82		45	11.45		7	1.78		1	0.25		94	23.92		2	0.51		1	0.25		0	0.00		0	0.00		0	0.00		0	0.00		83	21.12		1	0.25		0	0.00		116	29.52		0	0.00		0	0.00		2	0.51		1	0.25		393	98.74		5	1.26		398	0.52
Fernleigh		18	7.14		4	1.59		0	0.00		0	0.00		3	1.19		1	0.40		23	9.13		4	1.59		0	0.00		62	24.60		2	0.79		0	0.00		0	0.00		0	0.00		0	0.00		0	0.00		110	43.65		2	0.79		0	0.00		23	9.13		0	0.00		0	0.00		0	0.00		0	0.00		252	98.44		4	1.56		256	0.33
Fingal Head		24	7.97		4	1.33		0	0.00		0	0.00		9	2.99		0	0.00		28	9.30		2	0.66		0	0.00		106	35.22		3	1.00		0	0.00		1	0.33		0	0.00		0	0.00		1	0.33		88	29.24		2	0.66		0	0.00		32	10.63		0	0.00		0	0.00		1	0.33		0	0.00		301	97.73		7	2.27		308	0.40
Goonengerry		6	4.14		2	1.38		0	0.00		0	0.00		1	0.69		6	4.14		24	16.55		4	2.76		0	0.00		43	29.66		0	0.00		0	0.00		1	0.69		0	0.00		0	0.00		0	0.00		15	10.34		0	0.00		0	0.00		42	28.97		0	0.00		0	0.00		1	0.69		0	0.00		145	100.00		0	0.00		145	0.19
Hastings Point		25	7.60		0	0.00		0	0.00		0	0.00		4	1.22		1	0.30		11	3.34		6	1.82		0	0.00		138	41.95		1	0.30		0	0.00		2	0.61		0	0.00		1	0.30		0	0.00		115	34.95		3	0.91		0	0.00		21	6.38		0	0.00		0	0.00		0	0.00		1	0.30		329	98.21		6	1.79		335	0.44
Kingscliff		185	7.02		17	0.64		0	0.00		1	0.04		39	1.48		5	0.19		183	6.94		26	0.99		6	0.23		885	33.56		13	0.49		2	0.08		22	0.83		0	0.00		1	0.04		2	0.08		1044	39.59		16	0.61		2	0.08		178	6.75		1	0.04		1	0.04		8	0.30		0	0.00		2637	97.81		59	2.19		2696	3.51
Kunghur		18	7.56		2	0.84		0	0.00		0	0.00		2	0.84		1	0.42		24	10.08		17	7.14		3	1.26		59	24.79		0	0.00		0	0.00		1	0.42		0	0.00		0	0.00		0	0.00		68	28.57		0	0.00		0	0.00		42	17.65		0	0.00		0	0.00		1	0.42		0	0.00		238	98.76		3	1.24		241	0.31
Lennox Head		113	3.73		52	1.72		4	0.13		4	0.13		27	0.89		17	0.56		284	9.38		47	1.55		5	0.17		874	28.86		23	0.76		1	0.03		13	0.43		1	0.03		3	0.10		4	0.13		1200	39.63		9	0.30		3	0.10		330	10.90		0	0.00		1	0.03		9	0.30		4	0.13		3028	98.03		61	1.97		3089	4.02
Mcleans Ridges		2	2.70		9	12.16		0	0.00		0	0.00		0	0.00		0	0.00		1	1.35		0	0.00		0	0.00		15	20.27		1	1.35		0	0.00		0	0.00		0	0.00		0	0.00		0	0.00		43	58.11		0	0.00		0	0.00		2	2.70		0	0.00		0	0.00		0	0.00		1	1.35		74	98.67		1	1.33		75	0.10
Main Arm Upper		2	1.69		0	0.00		0	0.00		0	0.00		2	1.69		6	5.08		7	5.93		9	7.63		1	0.85		25	21.19		0	0.00		0	0.00		1	0.85		0	0.00		0	0.00		0	0.00		14	11.86		0	0.00		1	0.85		50	42.37		0	0.00		0	0.00		0	0.00		0	0.00		118	95.16		6	4.84		124	0.16
Mooball		15	7.81		4	2.08		0	0.00		0	0.00		4	2.08		1	0.52		6	3.13		2	1.04		0	0.00		63	32.81		0	0.00		0	0.00		1	0.52		0	0.00		1	0.52		0	0.00		86	44.79		1	0.52		0	0.00		8	4.17		0	0.00		0	0.00		0	0.00		0	0.00		192	96.97		6	3.03		198	0.26
Mullumbimby		123	4.70		35	1.34		3	0.11		1	0.04		23	0.88		81	3.09		202	7.72		60	2.29		16	0.61		639	24.41		10	0.38		3	0.11		12	0.46		1	0.04		0	0.00		2	0.08		834	31.86		14	0.53		1	0.04		550	21.01		0	0.00		1	0.04		5	0.19		2	0.08		2618	97.91		56	2.09		2674	3.48
Murwillumbah		206	7.71		93	3.48		2	0.07		1	0.04		39	1.46		22	0.82		145	5.43		33	1.24		4	0.15		825	30.89		8	0.30		2	0.07		23	0.86		3	0.11		7	0.26		3	0.11		1015	38.00		20	0.75		5	0.19		206	7.71		1	0.04		1	0.04		7	0.26		0	0.00		2671	97.66		64	2.34		2735	3.56
Murwillumbah South		101	9.43		12	1.12		1	0.09		1	0.09		12	1.12		2	0.19		50	4.67		15	1.40		5	0.47		338	31.56		7	0.65		0	0.00		9	0.84		0	0.00		5	0.47		0	0.00		453	42.30		7	0.65		2	0.19		48	4.48		0	0.00		2	0.19		1	0.09		0	0.00		1071	96.57		38	3.43		1109	1.44
Newrybar		23	4.88		12	2.55		2	0.42		0	0.00		3	0.64		2	0.42		41	8.70		5	1.06		2	0.42		120	25.48		3	0.64		0	0.00		7	1.49		0	0.00		0	0.00		2	0.42		183	38.85		2	0.42		0	0.00		61	12.95		1	0.21		0	0.00		2	0.42		0	0.00		471	97.92		10	2.08		481	0.63
Ocean Shores		95	5.09		25	1.34		2	0.11		1	0.05		23	1.23		15	0.80		125	6.70		31	1.66		21	1.13		658	35.26		8	0.43		0	0.00		13	0.70		0	0.00		4	0.21		3	0.16		582	31.19		3	0.16		0	0.00		245	13.13		0	0.00		1	0.05		9	0.48		2	0.11		1866	97.59		46	2.41		1912	2.49
Piggabeen		69	9.82		3	0.43		0	0.00		0	0.00		10	1.42		1	0.14		38	5.41		9	1.28		2	0.28		200	28.45		4	0.57		1	0.14		6	0.85		0	0.00		1	0.14		0	0.00		328	46.66		4	0.57		0	0.00		21	2.99		1	0.14		0	0.00		5	0.71		0	0.00		703	97.10		21	2.90		724	0.94
Pottsville Beach		155	9.04		17	0.99		0	0.00		0	0.00		19	1.11		3	0.18		93	5.43		22	1.28		2	0.12		618	36.06		3	0.18		0	0.00		9	0.53		0	0.00		0	0.00		1	0.06		654	38.16		6	0.35		0	0.00		107	6.24		0	0.00		0	0.00		4	0.23		1	0.06		1714	97.17		50	2.83		1764	2.29
Rous		22	10.43		6	2.84		0	0.00		0	0.00		0	0.00		2	0.95		13	6.16		3	1.42		0	0.00		38	18.01		1	0.47		0	0.00		2	0.95		0	0.00		0	0.00		1	0.47		114	54.03		1	0.47		0	0.00		6	2.84		0	0.00		0	0.00		2	0.95		0	0.00		211	99.53		1	0.47		212	0.28
Stokers Siding		12	3.80		2	0.63		1	0.32		0	0.00		1	0.32		1	0.32		33	10.44		9	2.85		0	0.00		104	32.91		1	0.32		1	0.32		1	0.32		0	0.00		0	0.00		0	0.00		118	37.34		3	0.95		0	0.00		29	9.18		0	0.00		0	0.00		0	0.00		0	0.00		316	96.34		12	3.66		328	0.43
Sydney (Richmond)		0	0.00		0	0.00		0	0.00		0	0.00		1	6.25		0	0.00		3	18.75		0	0.00		0	0.00		3	18.75		0	0.00		0	0.00		0	0.00		0	0.00		0	0.00		1	6.25		5	31.25		0	0.00		0	0.00		3	18.75		0	0.00		0	0.00		0	0.00		0	0.00		16	100.00		0	0.00		16	0.02
Terranora		75	6.03		11	0.88		0	0.00		1	0.08		4	0.32		1	0.08		95	7.64		5	0.40		2	0.16		302	24.30		6	0.48		0	0.00		5	0.40		0	0.00		0	0.00		1	0.08		674	54.22		2	0.16		1	0.08		49	3.94		0	0.00		0	0.00		8	0.64		1	0.08		1243	98.65		17	1.35		1260	1.64
Tintenbar		35	6.88		6	1.18		0	0.00		0	0.00		0	0.00		4	0.79		50	9.82		10	1.96		0	0.00		111	21.81		3	0.59		0	0.00		9	1.77		0	0.00		1	0.20		0	0.00		218	42.83		4	0.79		1	0.20		55	10.81		0	0.00		0	0.00		2	0.39		0	0.00		509	97.88		11	2.12		520	0.68
Tumbulgum		32	8.06		4	1.01		0	0.00		0	0.00		5	1.26		2	0.50		25	6.30		7	1.76		0	0.00		145	36.52		3	0.76		0	0.00		3	0.76		0	0.00		1	0.25		1	0.25		129	32.49		1	0.25		0	0.00		37	9.32		0	0.00		0	0.00		2	0.50		0	0.00		397	96.83		13	3.17		410	0.53
Tweed Heads		299	9.02		29	0.87		1	0.03		2	0.06		37	1.12		2	0.06		138	4.16		46	1.39		4	0.12		1114	33.59		15	0.45		2	0.06		15	0.45		0	0.00		6	0.18		3	0.09		1404	42.34		32	0.97		2	0.06		150	4.52		0	0.00		2	0.06		12	0.36		1	0.03		3316	96.93		105	3.07		3421	4.45
Tweed Heads Central		245	9.70		15	0.59		2	0.08		0	0.00		31	1.23		2	0.08		104	4.12		21	0.83		2	0.08		809	32.01		6	0.24		0	0.00		9	0.36		2	0.08		3	0.12		0	0.00		1145	45.31		11	0.44		2	0.08		110	4.35		0	0.00		0	0.00		8	0.32		0	0.00		2527	97.01		78	2.99		2605	3.39
Tweed Heads South		306	10.10		19	0.63		3	0.10		1	0.03		79	2.61		6	0.20		120	3.96		29	0.96		9	0.30		1172	38.68		18	0.59		4	0.13		21	0.69		1	0.03		4	0.13		5	0.17		1081	35.68		23	0.76		3	0.10		103	3.40		0	0.00		1	0.03		22	0.73		0	0.00		3030	96.13		122	3.87		3152	4.10
Tyalgum		44	9.78		7	1.56		0	0.00		0	0.00		7	1.56		2	0.44		23	5.11		10	2.22		0	0.00		119	26.44		2	0.44		0	0.00		1	0.22		0	0.00		2	0.44		0	0.00		158	35.11		2	0.44		0	0.00		73	16.22		0	0.00		0	0.00		0	0.00		0	0.00		450	97.40		12	2.60		462	0.60
Uki		49	6.96		4	0.57		2	0.28		1	0.14		4	0.57		5	0.71		79	11.22		14	1.99		1	0.14		206	29.26		1	0.14		0	0.00		3	0.43		0	0.00		0	0.00		1	0.14		191	27.13		3	0.43		1	0.14		135	19.18		0	0.00		0	0.00		2	0.28		2	0.28		704	96.97		22	3.03		726	0.94
Wilsons Creek		3	1.81		0	0.00		0	0.00		0	0.00		0	0.00		5	3.01		17	10.24		4	2.41		0	0.00		42	25.30		0	0.00		0	0.00		1	0.60		0	0.00		1	0.60		1	0.60		17	10.24		0	0.00		0	0.00		75	45.18		0	0.00		0	0.00		0	0.00		0	0.00		166	98.81		2	1.19		168	0.22
Wollongbar		83	5.52		76	5.05		1	0.07		2	0.13		15	1.00		1	0.07		108	7.18		10	0.66		3	0.20		328	21.81		7	0.47		1	0.07		7	0.47		0	0.00		1	0.07		3	0.20		771	51.26		12	0.80		0	0.00		72	4.79		0	0.00		0	0.00		3	0.20		0	0.00		1504	98.04		30	1.96		1534	1.99
Special Hospitals		3	1.08		0	0.00		3	1.08		0	0.00		2	0.72		0	0.00		6	2.15		1	0.36		0	0.00		110	39.43		0	0.00		0	0.00		0	0.00		0	0.00		0	0.00		0	0.00		151	54.12		0	0.00		1	0.36		2	0.72		0	0.00		0	0.00		0	0.00		0	0.00		279	98.59		4	1.41		283	0.37
Total Ordinary		4267	6.92		888	1.44		44	0.07		35	0.06		768	1.24		369	0.60		4009	6.50		862	1.40		202	0.33		19042	30.86		282	0.46		26	0.04		371	0.60		16	0.03		84	0.14		75	0.12		23994	38.89		313	0.51		47	0.08		5757	9.33		8	0.01		16	0.03		194	0.31		34	0.06		61703	97.57		1539	2.43		63242	82.23
ABSENT		152	5.37		51	1.80		2	0.07		3	0.11		53	1.87		13	0.46		256	9.04		62	2.19		7	0.25		827	29.19		21	0.74		1	0.04		18	0.64		1	0.04		2	0.07		8	0.28		969	34.20		16	0.56		4	0.14		352	12.42		1	0.04		0	0.00		13	0.46		1	0.04		2833	98.61		40	1.39		2873	3.74
POSTAL		194	6.11		51	1.61		4	0.13		3	0.09		16	0.50		20	0.63		175	5.51		25	0.79		9	0.28		933	29.38		7	0.22		6	0.19		3	0.09		1	0.03		3	0.09		0	0.00		1556	48.99		15	0.47		3	0.09		136	4.28		1	0.03		1	0.03		13	0.41		1	0.03		3176	98.85		37	1.15		3213	4.18
PRE_POLL		547	7.97		73	1.06		2	0.03		3	0.04		89	1.30		41	0.60		417	6.07		74	1.08		15	0.22		2044	29.77		28	0.41		4	0.06		36	0.52		3	0.04		5	0.07		11	0.16		2991	43.56		33	0.48		8	0.12		416	6.06		0	0.00		4	0.06		22	0.32		1	0.01		6867	98.75		87	1.25		6954	9.04
PROVISIONAL		28	4.51		8	1.29		1	0.16		0	0.00		10	1.61		6	0.97		34	5.48		15	2.42		4	0.64		218	35.10		5	0.81		1	0.16		9	1.45		1	0.16		2	0.32		2	0.32		180	28.99		3	0.48		0	0.00		88	14.17		1	0.16		0	0.00		5	0.81		0	0.00		621	99.04		6	0.96		627	0.82
Division Summary		5188	6.9		1071	1.42		53	0.07		44	0.06		936	1.24		449	0.6		4891	6.5		1038	1.38		237	0.32		23064	30.67		343	0.46		38	0.05		437	0.58		22	0.03		96	0.13		96	0.13		29690	39.48		380	0.51		62	0.08		6749	8.97		11	0.01		21	0.03		247	0.33		37	0.05		75200	97.78		1709	2.22		76909	94.59
