Senate - 2001 Election: New South Wales																																																																																	
First Preference Votes by Group 																																																																																	
By Polling Place																																																																																	

Kingsford Smith (86647)																																																																																	
		Group A Total			Group B Total			Group C Total			Group D Total			Group E Total			Group F Total			Group G Total			Group H Total			Group I Total			Group J Total			Group K Total			Group L Total			Group M Total			Group N Total			Group O Total			Group P Total			Group Q Total			Group R Total			Group S Total			Group T Total			Group U Total			Group V Total			Group W Total			Ungrouped Total 			FORMAL 			INFORMAL 			TOTAL 	
		HAN			CTA			UNI			CEC			PLP			OCF			DEM			HMP			RLS			ACL			LEF			Unendorsed			FPY			Unendorsed			NCP			NDP			LNP			NGST			RPA			GRN			Unendorsed			AAP			AFI			Independent										
Polling Places		Vote	%		Vote	%		Vote	%		Vote	%		Vote	%		Vote	%		Vote	%		Vote	%		Vote	%		Vote	%		Vote	%		Vote	%		Vote	%		Vote	%		Vote	%		Vote	%		Vote	%		Vote	%		Vote	%		Vote	%		Vote	%		Vote	%		Vote	%		Vote	%		Vote	%		Vote	%		Vote	%
Ansett		1	5.56		0	0.00		0	0.00		0	0.00		1	5.56		0	0.00		1	5.56		0	0.00		0	0.00		7	38.89		0	0.00		1	5.56		0	0.00		0	0.00		0	0.00		0	0.00		5	27.78		0	0.00		0	0.00		2	11.11		0	0.00		0	0.00		0	0.00		0	0.00		18	100.00		0	0.00		18	0.02
Banksmeadow		85	6.66		8	0.63		1	0.08		2	0.16		25	1.96		2	0.16		38	2.98		13	1.02		3	0.24		658	51.57		9	0.71		0	0.00		12	0.94		2	0.16		2	0.16		2	0.16		346	27.12		6	0.47		5	0.39		41	3.21		0	0.00		3	0.24		13	1.02		0	0.00		1276	94.17		79	5.83		1355	1.66
Botany		117	5.77		19	0.94		7	0.34		0	0.00		49	2.41		1	0.05		85	4.19		13	0.64		3	0.15		995	49.04		10	0.49		2	0.10		26	1.28		0	0.00		2	0.10		2	0.10		580	28.59		15	0.74		2	0.10		86	4.24		0	0.00		0	0.00		12	0.59		3	0.15		2029	93.85		133	6.15		2162	2.64
Botany East		94	5.40		14	0.80		5	0.29		1	0.06		34	1.95		1	0.06		77	4.42		9	0.52		6	0.34		684	39.27		8	0.46		2	0.11		6	0.34		0	0.00		2	0.11		2	0.11		703	40.36		12	0.69		2	0.11		78	4.48		0	0.00		2	0.11		0	0.00		0	0.00		1742	96.24		68	3.76		1810	2.21
Bunnerong		138	5.30		31	1.19		19	0.73		1	0.04		72	2.76		0	0.00		118	4.53		17	0.65		13	0.50		1208	46.37		14	0.54		0	0.00		9	0.35		1	0.04		1	0.04		1	0.04		835	32.05		16	0.61		2	0.08		97	3.72		0	0.00		0	0.00		12	0.46		0	0.00		2605	93.47		182	6.53		2787	3.41
Chifley		111	6.01		31	1.68		17	0.92		2	0.11		33	1.79		2	0.11		65	3.52		20	1.08		5	0.27		850	46.00		4	0.22		0	0.00		12	0.65		0	0.00		1	0.05		5	0.27		583	31.55		11	0.60		7	0.38		69	3.73		0	0.00		0	0.00		20	1.08		0	0.00		1848	95.90		79	4.10		1927	2.35
Clovelly Beach (Kingsford Smith)		16	2.60		2	0.32		4	0.65		0	0.00		2	0.32		5	0.81		70	11.36		3	0.49		1	0.16		192	31.17		0	0.00		0	0.00		4	0.65		0	0.00		1	0.16		0	0.00		219	35.55		0	0.00		0	0.00		95	15.42		0	0.00		0	0.00		2	0.32		0	0.00		616	97.16		18	2.84		634	0.77
Clovelly North (Kingsford Smith)		14	3.21		3	0.69		1	0.23		0	0.00		1	0.23		0	0.00		42	9.63		4	0.92		3	0.69		132	30.28		1	0.23		0	0.00		3	0.69		0	0.00		0	0.00		2	0.46		187	42.89		1	0.23		2	0.46		38	8.72		0	0.00		0	0.00		2	0.46		0	0.00		436	96.25		17	3.75		453	0.55
Coogee		50	2.78		9	0.50		4	0.22		0	0.00		17	0.95		2	0.11		202	11.23		22	1.22		4	0.22		554	30.81		3	0.17		0	0.00		5	0.28		1	0.06		2	0.11		2	0.11		686	38.15		10	0.56		5	0.28		207	11.51		2	0.11		0	0.00		9	0.50		2	0.11		1798	96.82		59	3.18		1857	2.27
Coogee Beach		54	2.37		16	0.70		11	0.48		0	0.00		16	0.70		4	0.18		260	11.41		18	0.79		2	0.09		712	31.24		14	0.61		2	0.09		11	0.48		0	0.00		2	0.09		2	0.09		822	36.07		6	0.26		1	0.04		320	14.04		0	0.00		3	0.13		3	0.13		0	0.00		2279	97.56		57	2.44		2336	2.85
Coogee Central		54	2.64		12	0.59		2	0.10		1	0.05		16	0.78		2	0.10		239	11.70		19	0.93		1	0.05		644	31.54		9	0.44		0	0.00		7	0.34		1	0.05		2	0.10		5	0.24		751	36.78		8	0.39		5	0.24		252	12.34		4	0.20		1	0.05		6	0.29		1	0.05		2042	97.24		58	2.76		2100	2.57
Coogee South		79	3.51		26	1.15		5	0.22		0	0.00		45	2.00		5	0.22		141	6.26		15	0.67		4	0.18		716	31.79		11	0.49		2	0.09		7	0.31		1	0.04		4	0.18		2	0.09		1049	46.58		12	0.53		1	0.04		120	5.33		0	0.00		1	0.04		6	0.27		0	0.00		2252	94.98		119	5.02		2371	2.90
Daceyville		49	5.95		14	1.70		4	0.49		1	0.12		25	3.03		1	0.12		23	2.79		8	0.97		4	0.49		420	50.97		2	0.24		0	0.00		4	0.49		0	0.00		0	0.00		1	0.12		218	26.46		5	0.61		1	0.12		40	4.85		0	0.00		0	0.00		4	0.49		0	0.00		824	95.48		39	4.52		863	1.05
Daceyville South		38	4.77		8	1.00		10	1.25		0	0.00		11	1.38		2	0.25		42	5.27		5	0.63		2	0.25		373	46.80		4	0.50		1	0.13		1	0.13		0	0.00		1	0.13		4	0.50		253	31.74		4	0.50		2	0.25		28	3.51		1	0.13		2	0.25		5	0.63		0	0.00		797	94.21		49	5.79		846	1.03
Eastlakes		58	5.53		7	0.67		2	0.19		0	0.00		22	2.10		0	0.00		34	3.24		0	0.00		5	0.48		594	56.68		5	0.48		2	0.19		5	0.48		1	0.10		0	0.00		0	0.00		268	25.57		7	0.67		4	0.38		27	2.58		0	0.00		1	0.10		3	0.29		3	0.29		1048	94.24		64	5.76		1112	1.36
Eastlakes East		60	2.66		15	0.66		11	0.49		1	0.04		75	3.32		0	0.00		64	2.84		15	0.66		12	0.53		1411	62.52		7	0.31		3	0.13		12	0.53		0	0.00		2	0.09		1	0.04		478	21.18		10	0.44		1	0.04		70	3.10		1	0.04		0	0.00		8	0.35		0	0.00		2257	92.35		187	7.65		2444	2.99
Express		0	0.00		0	0.00		0	0.00		0	0.00		0	0.00		0	0.00		0	0.00		0	0.00		0	0.00		0	0.00		0	0.00		0	0.00		0	0.00		0	0.00		0	0.00		0	0.00		0	0.00		0	0.00		0	0.00		0	0.00		0	0.00		0	0.00		0	0.00		0	0.00		0	0.00		0	0.00		0	0.00
Hillsdale		101	3.63		23	0.83		17	0.61		1	0.04		67	2.41		2	0.07		104	3.74		20	0.72		12	0.43		1636	58.76		9	0.32		1	0.04		16	0.57		1	0.04		2	0.07		3	0.11		651	23.38		15	0.54		3	0.11		85	3.05		3	0.11		0	0.00		12	0.43		0	0.00		2784	92.89		213	7.11		2997	3.66
International		4	4.94		1	1.23		2	2.47		0	0.00		2	2.47		0	0.00		4	4.94		2	2.47		0	0.00		35	43.21		2	2.47		0	0.00		1	1.23		0	0.00		0	0.00		0	0.00		24	29.63		0	0.00		0	0.00		4	4.94		0	0.00		0	0.00		0	0.00		0	0.00		81	96.43		3	3.57		84	0.10
Kensington		48	2.75		23	1.32		10	0.57		0	0.00		23	1.32		2	0.11		145	8.30		20	1.14		2	0.11		707	40.47		6	0.34		1	0.06		7	0.40		2	0.11		0	0.00		3	0.17		600	34.34		9	0.52		5	0.29		122	6.98		2	0.11		0	0.00		9	0.52		1	0.06		1747	95.94		74	4.06		1821	2.23
Kensington Park		46	2.75		30	1.79		2	0.12		0	0.00		17	1.02		1	0.06		99	5.91		9	0.54		4	0.24		634	37.87		5	0.30		0	0.00		7	0.42		2	0.12		0	0.00		4	0.24		700	41.82		6	0.36		0	0.00		98	5.85		0	0.00		1	0.06		9	0.54		0	0.00		1674	94.58		96	5.42		1770	2.16
Kensington West		39	1.83		32	1.50		16	0.75		2	0.09		31	1.46		0	0.00		149	7.00		14	0.66		4	0.19		721	33.88		6	0.28		0	0.00		7	0.33		0	0.00		0	0.00		1	0.05		943	44.31		7	0.33		5	0.23		142	6.67		0	0.00		0	0.00		9	0.42		0	0.00		2128	95.73		95	4.27		2223	2.72
Kingsford		11	1.76		10	1.60		10	1.60		0	0.00		9	1.44		1	0.16		37	5.92		6	0.96		1	0.16		310	49.60		1	0.16		0	0.00		3	0.48		0	0.00		0	0.00		1	0.16		188	30.08		4	0.64		2	0.32		29	4.64		0	0.00		0	0.00		2	0.32		0	0.00		625	95.71		28	4.29		653	0.80
Kingsford South		79	4.57		18	1.04		17	0.98		1	0.06		55	3.18		3	0.17		90	5.20		12	0.69		4	0.23		787	45.49		9	0.52		1	0.06		2	0.12		1	0.06		3	0.17		0	0.00		553	31.97		13	0.75		2	0.12		73	4.22		0	0.00		1	0.06		6	0.35		0	0.00		1730	95.58		80	4.42		1810	2.21
La Perouse		88	7.88		14	1.25		4	0.36		1	0.09		25	2.24		1	0.09		46	4.12		9	0.81		5	0.45		475	42.52		3	0.27		0	0.00		7	0.63		0	0.00		1	0.09		0	0.00		370	33.12		1	0.09		1	0.09		57	5.10		0	0.00		1	0.09		8	0.72		0	0.00		1117	95.63		51	4.37		1168	1.43
Malabar		130	6.36		17	0.83		7	0.34		1	0.05		34	1.66		2	0.10		120	5.87		16	0.78		3	0.15		826	40.39		10	0.49		1	0.05		14	0.68		0	0.00		2	0.10		4	0.20		739	36.14		6	0.29		0	0.00		98	4.79		0	0.00		0	0.00		14	0.68		1	0.05		2045	95.34		100	4.66		2145	2.62
Maroubra		49	3.11		28	1.77		3	0.19		1	0.06		17	1.08		2	0.13		77	4.88		13	0.82		6	0.38		574	36.38		3	0.19		1	0.06		8	0.51		0	0.00		2	0.13		2	0.13		668	42.33		7	0.44		4	0.25		109	6.91		0	0.00		0	0.00		3	0.19		1	0.06		1578	95.06		82	4.94		1660	2.03
Maroubra Bay		53	3.36		24	1.52		2	0.13		0	0.00		15	0.95		0	0.00		102	6.46		20	1.27		4	0.25		612	38.76		4	0.25		0	0.00		8	0.51		0	0.00		2	0.13		1	0.06		558	35.34		4	0.25		3	0.19		157	9.94		0	0.00		1	0.06		9	0.57		0	0.00		1579	96.10		64	3.90		1643	2.01
Maroubra East		36	3.43		10	0.95		4	0.38		1	0.10		12	1.14		2	0.19		56	5.34		9	0.86		5	0.48		252	24.02		3	0.29		0	0.00		6	0.57		0	0.00		0	0.00		1	0.10		579	55.20		8	0.76		4	0.38		56	5.34		0	0.00		0	0.00		4	0.38		1	0.10		1049	96.86		34	3.14		1083	1.32
Maroubra Junction		136	3.22		50	1.18		60	1.42		2	0.05		75	1.77		4	0.09		257	6.08		32	0.76		13	0.31		1675	39.64		14	0.33		4	0.09		25	0.59		0	0.00		4	0.09		6	0.14		1624	38.43		19	0.45		8	0.19		198	4.69		5	0.12		1	0.02		14	0.33		0	0.00		4226	94.27		257	5.73		4483	5.48
Mascot		93	5.42		13	0.76		14	0.82		2	0.12		50	2.91		1	0.06		53	3.09		13	0.76		8	0.47		964	56.18		6	0.35		4	0.23		14	0.82		1	0.06		1	0.06		0	0.00		394	22.96		14	0.82		1	0.06		65	3.79		0	0.00		0	0.00		5	0.29		0	0.00		1716	95.23		86	4.77		1802	2.20
Mascot East		135	4.68		30	1.04		13	0.45		3	0.10		72	2.50		2	0.07		93	3.22		17	0.59		9	0.31		1634	56.64		13	0.45		4	0.14		15	0.52		8	0.28		1	0.03		8	0.28		707	24.51		16	0.55		8	0.28		88	3.05		0	0.00		2	0.07		7	0.24		0	0.00		2885	94.04		183	5.96		3068	3.75
Mascot North		40	4.85		5	0.61		1	0.12		0	0.00		19	2.31		2	0.24		34	4.13		5	0.61		0	0.00		498	60.44		4	0.49		0	0.00		8	0.97		0	0.00		0	0.00		0	0.00		175	21.24		9	1.09		3	0.36		18	2.18		1	0.12		0	0.00		2	0.24		0	0.00		824	93.64		56	6.36		880	1.08
Matraville		88	6.52		12	0.89		9	0.67		1	0.07		24	1.78		2	0.15		62	4.59		4	0.30		2	0.15		642	47.56		3	0.22		0	0.00		7	0.52		0	0.00		0	0.00		2	0.15		429	31.78		10	0.74		2	0.15		44	3.26		0	0.00		0	0.00		7	0.52		0	0.00		1350	95.07		70	4.93		1420	1.74
Nagle Park		85	4.46		28	1.47		11	0.58		0	0.00		29	1.52		3	0.16		110	5.77		20	1.05		5	0.26		778	40.82		10	0.52		1	0.05		9	0.47		1	0.05		2	0.10		3	0.16		708	37.15		6	0.31		1	0.05		87	4.56		1	0.05		1	0.05		7	0.37		0	0.00		1906	94.26		116	5.74		2022	2.47
Ocean View Park		130	3.98		23	0.70		14	0.43		1	0.03		64	1.96		7	0.21		206	6.30		36	1.10		9	0.28		1320	40.37		20	0.61		2	0.06		21	0.64		1	0.03		1	0.03		4	0.12		1174	35.90		23	0.70		5	0.15		196	5.99		0	0.00		0	0.00		12	0.37		1	0.03		3270	94.45		192	5.55		3462	4.23
Peters Corner (Kingsford Smith)		35	2.46		27	1.90		9	0.63		0	0.00		20	1.41		5	0.35		159	11.17		16	1.12		3	0.21		505	35.49		7	0.49		0	0.00		5	0.35		0	0.00		1	0.07		1	0.07		464	32.61		5	0.35		2	0.14		148	10.40		5	0.35		1	0.07		5	0.35		0	0.00		1423	96.08		58	3.92		1481	1.81
Prince Henry		61	9.43		7	1.08		2	0.31		0	0.00		9	1.39		0	0.00		26	4.02		2	0.31		1	0.15		298	46.06		0	0.00		2	0.31		5	0.77		1	0.15		1	0.15		2	0.31		200	30.91		3	0.46		4	0.62		19	2.94		0	0.00		1	0.15		3	0.46		0	0.00		647	93.90		42	6.10		689	0.84
Prince Of Wales		7	2.56		3	1.10		2	0.73		0	0.00		11	4.03		0	0.00		22	8.06		0	0.00		1	0.37		112	41.03		0	0.00		0	0.00		2	0.73		0	0.00		0	0.00		0	0.00		94	34.43		1	0.37		1	0.37		17	6.23		0	0.00		0	0.00		0	0.00		0	0.00		273	97.85		6	2.15		279	0.34
Qantas		2	4.55		0	0.00		1	2.27		0	0.00		0	0.00		0	0.00		2	4.55		0	0.00		0	0.00		19	43.18		0	0.00		0	0.00		0	0.00		0	0.00		0	0.00		0	0.00		16	36.36		1	2.27		0	0.00		3	6.82		0	0.00		0	0.00		0	0.00		0	0.00		44	95.65		2	4.35		46	0.06
Randwick Girls High		53	2.75		18	0.93		9	0.47		1	0.05		25	1.30		1	0.05		211	10.95		10	0.52		4	0.21		655	33.99		3	0.16		0	0.00		12	0.62		0	0.00		3	0.16		2	0.10		743	38.56		8	0.42		4	0.21		152	7.89		6	0.31		1	0.05		3	0.16		3	0.16		1927	96.16		77	3.84		2004	2.45
Sydney (Kingsford Smith)		4	2.16		1	0.54		0	0.00		0	0.00		2	1.08		0	0.00		22	11.89		4	2.16		0	0.00		73	39.46		0	0.00		0	0.00		2	1.08		0	0.00		0	0.00		0	0.00		61	32.97		0	0.00		0	0.00		16	8.65		0	0.00		0	0.00		0	0.00		0	0.00		185	96.86		6	3.14		191	0.23
The Rainbow		27	2.26		20	1.67		11	0.92		0	0.00		26	2.18		0	0.00		91	7.62		9	0.75		0	0.00		457	38.24		7	0.59		1	0.08		8	0.67		0	0.00		3	0.25		4	0.33		416	34.81		10	0.84		2	0.17		99	8.28		1	0.08		0	0.00		1	0.08		2	0.17		1195	97.08		36	2.92		1231	1.50
The Spot		33	3.04		14	1.29		4	0.37		0	0.00		12	1.10		1	0.09		138	12.71		7	0.64		1	0.09		371	34.16		2	0.18		0	0.00		2	0.18		0	0.00		1	0.09		0	0.00		376	34.62		3	0.28		1	0.09		115	10.59		0	0.00		0	0.00		4	0.37		1	0.09		1086	96.71		37	3.29		1123	1.37
Special Hospitals		7	3.15		4	1.80		0	0.00		0	0.00		0	0.00		1	0.45		2	0.90		1	0.45		3	1.35		107	48.20		0	0.00		0	0.00		0	0.00		0	0.00		1	0.45		0	0.00		85	38.29		0	0.00		0	0.00		11	4.95		0	0.00		0	0.00		0	0.00		0	0.00		222	100.00		0	0.00		222	0.27
Total Ordinary		2638	4.05		700	1.07		357	0.55		27	0.04		1189	1.82		72	0.11		4018	6.16		507	0.78		177	0.27		27827	42.69		251	0.39		38	0.06		345	0.53		25	0.04		53	0.08		83	0.13		22222	34.09		331	0.51		111	0.17		3876	5.95		32	0.05		24	0.04		260	0.40		20	0.03		65183	95.11		3352	4.89		68535	83.75
ABSENT		149	2.74		65	1.20		24	0.44		2	0.04		135	2.48		9	0.17		518	9.53		63	1.16		10	0.18		1906	35.06		37	0.68		1	0.02		38	0.70		4	0.07		2	0.04		13	0.24		1921	35.33		29	0.53		11	0.20		477	8.77		5	0.09		1	0.02		16	0.29		1	0.02		5437	97.58		135	2.42		5572	6.81
POSTAL		122	4.72		31	1.20		9	0.35		0	0.00		40	1.55		4	0.15		157	6.07		9	0.35		2	0.08		1025	39.64		5	0.19		0	0.00		6	0.23		1	0.04		0	0.00		0	0.00		1040	40.22		14	0.54		7	0.27		97	3.75		0	0.00		1	0.04		15	0.58		1	0.04		2586	98.70		34	1.30		2620	3.20
PRE_POLL		153	3.72		28	0.68		20	0.49		1	0.02		135	3.29		5	0.12		340	8.28		19	0.46		13	0.32		1516	36.90		15	0.37		1	0.02		17	0.41		1	0.02		1	0.02		10	0.24		1515	36.88		40	0.97		5	0.12		245	5.96		2	0.05		3	0.07		19	0.46		4	0.10		4108	98.07		81	1.93		4189	5.12
PROVISIONAL		24	2.73		11	1.25		7	0.80		0	0.00		27	3.07		0	0.00		50	5.69		16	1.82		0	0.00		368	41.87		10	1.14		2	0.23		6	0.68		1	0.11		1	0.11		5	0.57		284	32.31		10	1.14		5	0.57		51	5.80		0	0.00		0	0.00		1	0.11		0	0.00		879	96.17		35	3.83		914	1.12
Division Summary		3086	3.95		835	1.07		417	0.53		30	0.04		1526	1.95		90	0.12		5083	6.5		614	0.79		202	0.26		32642	41.75		318	0.41		42	0.05		412	0.53		32	0.04		57	0.07		111	0.14		26982	34.51		424	0.54		139	0.18		4746	6.07		39	0.05		29	0.04		311	0.4		26	0.03		78193	95.56		3637	4.44		81830	94.44
