Senate - 2001 Election: New South Wales																																																																																	
First Preference Votes by Group 																																																																																	
By Polling Place																																																																																	

Bennelong (86896)																																																																																	
		Group A Total			Group B Total			Group C Total			Group D Total			Group E Total			Group F Total			Group G Total			Group H Total			Group I Total			Group J Total			Group K Total			Group L Total			Group M Total			Group N Total			Group O Total			Group P Total			Group Q Total			Group R Total			Group S Total			Group T Total			Group U Total			Group V Total			Group W Total			Ungrouped Total 			FORMAL 			INFORMAL 			TOTAL 	
		HAN			CTA			UNI			CEC			PLP			OCF			DEM			HMP			RLS			ACL			LEF			Unendorsed			FPY			Unendorsed			NCP			NDP			LNP			NGST			RPA			GRN			Unendorsed			AAP			AFI			Independent										
Polling Places		Vote	%		Vote	%		Vote	%		Vote	%		Vote	%		Vote	%		Vote	%		Vote	%		Vote	%		Vote	%		Vote	%		Vote	%		Vote	%		Vote	%		Vote	%		Vote	%		Vote	%		Vote	%		Vote	%		Vote	%		Vote	%		Vote	%		Vote	%		Vote	%		Vote	%		Vote	%		Vote	%
Balaclava		41	1.63		60	2.38		61	2.42		0	0.00		17	0.67		1	0.04		291	11.54		18	0.71		3	0.12		633	25.10		6	0.24		1	0.04		7	0.28		0	0.00		4	0.16		5	0.20		1209	47.94		13	0.52		0	0.00		147	5.83		0	0.00		0	0.00		5	0.20		0	0.00		2522	97.49		65	2.51		2587	3.14
Boronia Park (Bennelong)		25	2.82		11	1.24		2	0.23		0	0.00		7	0.79		2	0.23		91	10.26		4	0.45		2	0.23		225	25.37		1	0.11		0	0.00		4	0.45		2	0.23		1	0.11		1	0.11		435	49.04		3	0.34		2	0.23		65	7.33		0	0.00		0	0.00		2	0.23		2	0.23		887	95.79		39	4.21		926	1.12
Carlingford (Bennelong)		27	2.41		36	3.21		38	3.39		1	0.09		14	1.25		1	0.09		95	8.47		2	0.18		1	0.09		261	23.28		1	0.09		1	0.09		5	0.45		0	0.00		1	0.09		1	0.09		605	53.97		8	0.71		0	0.00		20	1.78		0	0.00		1	0.09		2	0.18		0	0.00		1121	97.14		33	2.86		1154	1.40
Denistone		21	2.38		31	3.52		13	1.48		2	0.23		9	1.02		1	0.11		71	8.06		6	0.68		4	0.45		270	30.65		2	0.23		1	0.11		3	0.34		0	0.00		0	0.00		1	0.11		397	45.06		2	0.23		2	0.23		42	4.77		1	0.11		0	0.00		2	0.23		0	0.00		881	96.71		30	3.29		911	1.10
Denistone East		88	3.67		42	1.75		50	2.08		2	0.08		11	0.46		5	0.21		239	9.96		18	0.75		1	0.04		664	27.68		5	0.21		1	0.04		10	0.42		0	0.00		2	0.08		0	0.00		1124	46.85		3	0.13		4	0.17		114	4.75		0	0.00		0	0.00		13	0.54		3	0.13		2399	97.13		71	2.87		2470	3.00
Denistone West		38	3.20		21	1.77		13	1.10		0	0.00		10	0.84		2	0.17		99	8.34		9	0.76		1	0.08		360	30.33		3	0.25		0	0.00		5	0.42		0	0.00		1	0.08		0	0.00		573	48.27		3	0.25		2	0.17		43	3.62		0	0.00		0	0.00		3	0.25		1	0.08		1187	96.90		38	3.10		1225	1.49
Eastview		35	3.87		5	0.55		8	0.88		0	0.00		7	0.77		1	0.11		57	6.30		6	0.66		3	0.33		275	30.39		2	0.22		1	0.11		5	0.55		1	0.11		1	0.11		1	0.11		452	49.94		5	0.55		0	0.00		39	4.31		0	0.00		0	0.00		1	0.11		0	0.00		905	96.17		36	3.83		941	1.14
Eastwood		102	2.30		76	1.71		195	4.40		1	0.02		33	0.74		3	0.07		420	9.48		29	0.65		6	0.14		1353	30.53		8	0.18		1	0.02		13	0.29		0	0.00		3	0.07		5	0.11		1905	42.98		20	0.45		4	0.09		240	5.42		2	0.05		1	0.02		10	0.23		2	0.05		4432	97.39		119	2.61		4551	5.52
Eastwood Heights		69	3.68		42	2.24		38	2.03		0	0.00		9	0.48		3	0.16		164	8.75		14	0.75		1	0.05		546	29.14		7	0.37		0	0.00		6	0.32		0	0.00		1	0.05		2	0.11		884	47.17		8	0.43		4	0.21		69	3.68		1	0.05		0	0.00		3	0.16		3	0.16		1874	97.15		55	2.85		1929	2.34
Eastwood West		19	2.64		12	1.66		3	0.42		0	0.00		5	0.69		2	0.28		62	8.60		4	0.55		0	0.00		180	24.97		5	0.69		0	0.00		7	0.97		0	0.00		1	0.14		0	0.00		386	53.54		3	0.42		0	0.00		29	4.02		0	0.00		0	0.00		3	0.42		0	0.00		721	97.04		22	2.96		743	0.90
Epping		57	2.50		49	2.15		48	2.11		0	0.00		15	0.66		3	0.13		239	10.49		19	0.83		1	0.04		584	25.64		5	0.22		1	0.04		6	0.26		1	0.04		1	0.04		1	0.04		1126	49.43		7	0.31		6	0.26		100	4.39		0	0.00		0	0.00		6	0.26		3	0.13		2278	97.52		58	2.48		2336	2.83
Epping East		61	2.27		65	2.42		79	2.94		1	0.04		22	0.82		0	0.00		278	10.33		20	0.74		4	0.15		666	24.75		14	0.52		2	0.07		7	0.26		1	0.04		0	0.00		3	0.11		1282	47.64		10	0.37		5	0.19		160	5.95		1	0.04		2	0.07		7	0.26		1	0.04		2691	97.46		70	2.54		2761	3.35
Epping Heights (Bennelong)		32	2.18		65	4.42		55	3.74		0	0.00		16	1.09		1	0.07		155	10.54		11	0.75		2	0.14		340	23.13		3	0.20		0	0.00		3	0.20		0	0.00		1	0.07		0	0.00		707	48.10		3	0.20		2	0.14		67	4.56		0	0.00		2	0.14		3	0.20		2	0.14		1470	98.33		25	1.67		1495	1.81
Epping North		74	3.08		69	2.88		16	0.67		3	0.13		9	0.38		2	0.08		279	11.63		17	0.71		1	0.04		476	19.83		5	0.21		0	0.00		5	0.21		0	0.00		4	0.17		4	0.17		1270	52.92		7	0.29		2	0.08		147	6.13		1	0.04		0	0.00		8	0.33		1	0.04		2400	98.36		40	1.64		2440	2.96
Epping West		86	2.72		90	2.85		75	2.38		2	0.06		33	1.05		2	0.06		276	8.75		18	0.57		2	0.06		848	26.87		5	0.16		2	0.06		7	0.22		1	0.03		0	0.00		2	0.06		1554	49.24		7	0.22		8	0.25		127	4.02		0	0.00		0	0.00		10	0.32		1	0.03		3156	97.74		73	2.26		3229	3.92
Gladesville (Bennelong)		60	3.25		16	0.87		17	0.92		0	0.00		19	1.03		0	0.00		183	9.91		15	0.81		4	0.22		569	30.82		6	0.33		1	0.05		8	0.43		0	0.00		4	0.22		0	0.00		822	44.53		9	0.49		1	0.05		106	5.74		0	0.00		1	0.05		5	0.27		0	0.00		1846	94.86		100	5.14		1946	2.36
Gladesville Central		14	2.09		16	2.39		4	0.60		1	0.15		3	0.45		1	0.15		63	9.42		4	0.60		2	0.30		162	24.22		2	0.30		0	0.00		4	0.60		0	0.00		0	0.00		0	0.00		330	49.33		5	0.75		0	0.00		51	7.62		0	0.00		0	0.00		7	1.05		0	0.00		669	98.24		12	1.76		681	0.83
Gladesville East		9	2.91		2	0.65		3	0.97		0	0.00		1	0.32		0	0.00		29	9.39		4	1.29		0	0.00		77	24.92		2	0.65		0	0.00		1	0.32		0	0.00		1	0.32		0	0.00		151	48.87		0	0.00		0	0.00		28	9.06		0	0.00		0	0.00		1	0.32		0	0.00		309	97.78		7	2.22		316	0.38
Gladesville North		43	2.68		13	0.81		11	0.69		1	0.06		19	1.18		0	0.00		145	9.04		13	0.81		3	0.19		485	30.24		7	0.44		0	0.00		7	0.44		0	0.00		1	0.06		1	0.06		749	46.70		12	0.75		2	0.12		86	5.36		0	0.00		0	0.00		4	0.25		2	0.12		1604	94.74		89	5.26		1693	2.05
Gladesville West		13	3.96		5	1.52		0	0.00		0	0.00		1	0.30		1	0.30		24	7.32		1	0.30		0	0.00		94	28.66		1	0.30		0	0.00		0	0.00		0	0.00		0	0.00		0	0.00		174	53.05		0	0.00		0	0.00		13	3.96		0	0.00		0	0.00		1	0.30		0	0.00		328	97.04		10	2.96		338	0.41
Holy Cross Ryde		11	2.91		4	1.06		7	1.85		0	0.00		3	0.79		0	0.00		31	8.20		1	0.26		2	0.53		132	34.92		3	0.79		0	0.00		0	0.00		0	0.00		0	0.00		0	0.00		160	42.33		2	0.53		0	0.00		18	4.76		0	0.00		0	0.00		3	0.79		1	0.26		378	95.45		18	4.55		396	0.48
Kent Road		53	2.36		24	1.07		38	1.69		0	0.00		30	1.34		0	0.00		199	8.87		14	0.62		2	0.09		679	30.26		6	0.27		2	0.09		11	0.49		0	0.00		1	0.04		3	0.13		1058	47.15		8	0.36		6	0.27		89	3.97		1	0.04		0	0.00		18	0.80		2	0.09		2244	94.88		121	5.12		2365	2.87
Kittys Creek		9	2.56		5	1.42		3	0.85		0	0.00		3	0.85		1	0.28		22	6.27		3	0.85		0	0.00		85	24.22		1	0.28		0	0.00		2	0.57		0	0.00		0	0.00		0	0.00		199	56.70		1	0.28		0	0.00		15	4.27		0	0.00		1	0.28		1	0.28		0	0.00		351	96.69		12	3.31		363	0.44
Lyon Park		29	1.97		60	4.08		19	1.29		2	0.14		21	1.43		1	0.07		166	11.30		12	0.82		2	0.14		444	30.22		7	0.48		1	0.07		7	0.48		0	0.00		2	0.14		3	0.20		581	39.55		8	0.54		5	0.34		92	6.26		0	0.00		0	0.00		6	0.41		1	0.07		1469	96.20		58	3.80		1527	1.85
Marsfield		47	2.29		41	2.00		40	1.95		2	0.10		23	1.12		0	0.00		177	8.61		7	0.34		5	0.24		576	28.03		6	0.29		1	0.05		14	0.68		0	0.00		3	0.15		2	0.10		1039	50.56		2	0.10		0	0.00		62	3.02		1	0.05		0	0.00		7	0.34		0	0.00		2055	96.66		71	3.34		2126	2.58
Meadowbank		32	3.42		20	2.14		23	2.46		1	0.11		18	1.92		1	0.11		87	9.29		11	1.18		1	0.11		315	33.65		3	0.32		0	0.00		4	0.43		0	0.00		2	0.21		2	0.21		350	37.39		7	0.75		1	0.11		53	5.66		1	0.11		0	0.00		3	0.32		1	0.11		936	96.20		37	3.80		973	1.18
Melrose Park		40	5.11		10	1.28		4	0.51		0	0.00		3	0.38		1	0.13		57	7.28		3	0.38		2	0.26		240	30.65		4	0.51		0	0.00		10	1.28		0	0.00		0	0.00		0	0.00		377	48.15		1	0.13		1	0.13		26	3.32		0	0.00		0	0.00		4	0.51		0	0.00		783	95.02		41	4.98		824	1.00
Parkes Street		45	3.17		24	1.69		9	0.63		1	0.07		15	1.06		1	0.07		97	6.84		6	0.42		5	0.35		472	33.26		2	0.14		1	0.07		5	0.35		0	0.00		1	0.07		2	0.14		676	47.64		9	0.63		2	0.14		40	2.82		0	0.00		2	0.14		4	0.28		0	0.00		1419	95.43		68	4.57		1487	1.80
Putney		91	2.92		47	1.51		23	0.74		0	0.00		26	0.83		2	0.06		207	6.65		16	0.51		4	0.13		813	26.11		15	0.48		0	0.00		15	0.48		0	0.00		2	0.06		5	0.16		1688	54.21		20	0.64		5	0.16		126	4.05		0	0.00		0	0.00		9	0.29		0	0.00		3114	96.26		121	3.74		3235	3.92
Roselea (Bennelong)		35	2.64		33	2.48		44	3.31		0	0.00		17	1.28		3	0.23		105	7.91		2	0.15		1	0.08		349	26.28		2	0.15		0	0.00		2	0.15		1	0.08		1	0.08		1	0.08		674	50.75		1	0.08		1	0.08		48	3.61		1	0.08		0	0.00		6	0.45		1	0.08		1328	96.93		42	3.07		1370	1.66
Royal Ryde Homes		1	0.97		0	0.00		0	0.00		0	0.00		0	0.00		1	0.97		8	7.77		0	0.00		0	0.00		30	29.13		0	0.00		0	0.00		0	0.00		0	0.00		0	0.00		0	0.00		55	53.40		0	0.00		0	0.00		8	7.77		0	0.00		0	0.00		0	0.00		0	0.00		103	96.26		4	3.74		107	0.13
Ryde		74	2.87		26	1.01		35	1.36		3	0.12		45	1.74		2	0.08		178	6.90		22	0.85		10	0.39		1052	40.76		10	0.39		0	0.00		6	0.23		0	0.00		3	0.12		2	0.08		984	38.12		19	0.74		1	0.04		99	3.84		1	0.04		2	0.08		6	0.23		1	0.04		2581	93.18		189	6.82		2770	3.36
Ryde Central		32	3.12		30	2.92		4	0.39		0	0.00		15	1.46		0	0.00		48	4.68		6	0.58		2	0.19		323	31.48		4	0.39		1	0.10		1	0.10		0	0.00		1	0.10		1	0.10		518	50.49		11	1.07		21	2.05		5	0.49		0	0.00		0	0.00		3	0.29		0	0.00		1026	92.60		82	7.40		1108	1.34
Ryde East		100	3.24		27	0.88		22	0.71		1	0.03		23	0.75		0	0.00		272	8.82		21	0.68		4	0.13		785	25.46		11	0.36		0	0.00		15	0.49		0	0.00		2	0.06		0	0.00		1623	52.64		5	0.16		3	0.10		154	5.00		0	0.00		1	0.03		12	0.39		2	0.06		3083	96.04		127	3.96		3210	3.89
Ryde Heights		24	3.73		13	2.02		1	0.16		0	0.00		11	1.71		1	0.16		52	8.09		2	0.31		0	0.00		218	33.90		3	0.47		0	0.00		3	0.47		0	0.00		1	0.16		1	0.16		284	44.17		2	0.31		1	0.16		19	2.95		0	0.00		0	0.00		6	0.93		1	0.16		643	96.69		22	3.31		665	0.81
Ryde Hospital		22	3.56		12	1.94		7	1.13		1	0.16		4	0.65		2	0.32		44	7.12		4	0.65		1	0.16		160	25.89		2	0.32		1	0.16		1	0.16		0	0.00		1	0.16		1	0.16		321	51.94		2	0.32		1	0.16		30	4.85		0	0.00		0	0.00		1	0.16		0	0.00		618	97.32		17	2.68		635	0.77
Ryde North		77	2.41		57	1.78		25	0.78		3	0.09		58	1.81		3	0.09		254	7.94		19	0.59		6	0.19		1003	31.34		7	0.22		2	0.06		15	0.47		1	0.03		5	0.16		1	0.03		1520	47.50		12	0.38		4	0.13		113	3.53		1	0.03		1	0.03		10	0.31		3	0.09		3200	94.81		175	5.19		3375	4.09
Ryde South		27	3.95		2	0.29		2	0.29		0	0.00		8	1.17		2	0.29		42	6.15		6	0.88		1	0.15		205	30.01		1	0.15		1	0.15		2	0.29		0	0.00		1	0.15		0	0.00		356	52.12		3	0.44		1	0.15		18	2.64		1	0.15		0	0.00		4	0.59		0	0.00		683	95.13		35	4.87		718	0.87
Sydney (Bennelong)		3	1.59		3	1.59		3	1.59		0	0.00		3	1.59		2	1.06		20	10.58		5	2.65		0	0.00		59	31.22		3	1.59		0	0.00		0	0.00		0	0.00		0	0.00		1	0.53		59	31.22		2	1.06		0	0.00		25	13.23		0	0.00		0	0.00		1	0.53		0	0.00		189	96.92		6	3.08		195	0.24
Truscott		52	3.49		22	1.48		8	0.54		1	0.07		16	1.07		1	0.07		107	7.18		10	0.67		1	0.07		389	26.09		5	0.34		0	0.00		4	0.27		0	0.00		1	0.07		3	0.20		794	53.25		5	0.34		4	0.27		60	4.02		0	0.00		1	0.07		5	0.34		2	0.13		1491	95.82		65	4.18		1556	1.89
Water Tanks		45	3.42		26	1.98		11	0.84		1	0.08		20	1.52		2	0.15		84	6.39		14	1.07		3	0.23		398	30.29		5	0.38		0	0.00		5	0.38		0	0.00		1	0.08		2	0.15		639	48.63		12	0.91		1	0.08		42	3.20		0	0.00		0	0.00		3	0.23		0	0.00		1314	96.33		50	3.67		1364	1.65
West Ryde		124	3.71		47	1.41		66	1.97		2	0.06		43	1.29		2	0.06		312	9.34		26	0.78		5	0.15		1221	36.54		9	0.27		0	0.00		8	0.24		0	0.00		4	0.12		5	0.15		1318	39.44		21	0.63		5	0.15		114	3.41		0	0.00		1	0.03		9	0.27		0	0.00		3342	96.45		123	3.55		3465	4.20
Wicks		11	3.48		3	0.95		2	0.63		0	0.00		2	0.63		0	0.00		28	8.86		3	0.95		1	0.32		70	22.15		2	0.63		0	0.00		1	0.32		0	0.00		0	0.00		0	0.00		172	54.43		0	0.00		0	0.00		19	6.01		1	0.32		0	0.00		1	0.32		0	0.00		316	97.53		8	2.47		324	0.39
Special Hospitals		4	1.34		9	3.02		0	0.00		0	0.00		0	0.00		0	0.00		7	2.35		0	0.00		0	0.00		60	20.13		0	0.00		1	0.34		0	0.00		1	0.34		0	0.00		0	0.00		215	72.15		0	0.00		0	0.00		1	0.34		0	0.00		0	0.00		0	0.00		0	0.00		298	95.82		13	4.18		311	0.38
Total Ordinary		1902	2.85		1271	1.91		1125	1.69		32	0.05		667	1.00		59	0.09		5864	8.80		445	0.67		99	0.15		19146	28.73		201	0.30		23	0.03		244	0.37		9	0.01		59	0.09		62	0.09		31795	47.71		281	0.42		107	0.16		2969	4.46		14	0.02		16	0.02		218	0.33		36	0.05		66644	96.39		2497	3.61		69141	83.86
ABSENT		156	2.75		101	1.78		31	0.55		1	0.02		79	1.39		16	0.28		561	9.90		74	1.31		4	0.07		1374	24.25		40	0.71		2	0.04		51	0.90		3	0.05		7	0.12		16	0.28		2642	46.62		32	0.56		13	0.23		425	7.50		3	0.05		4	0.07		27	0.48		5	0.09		5667	98.15		107	1.85		5774	7.00
POSTAL		119	3.47		56	1.63		39	1.14		0	0.00		21	0.61		2	0.06		214	6.24		6	0.17		4	0.12		750	21.86		4	0.12		0	0.00		10	0.29		0	0.00		1	0.03		4	0.12		2076	60.51		21	0.61		11	0.32		75	2.19		0	0.00		0	0.00		18	0.52		0	0.00		3431	99.05		33	0.95		3464	4.20
PRE_POLL		71	2.03		64	1.83		96	2.74		1	0.03		63	1.80		6	0.17		343	9.78		18	0.51		4	0.11		950	27.10		9	0.26		2	0.06		14	0.40		4	0.11		0	0.00		8	0.23		1622	46.26		32	0.91		13	0.37		161	4.59		0	0.00		1	0.03		24	0.68		0	0.00		3506	98.35		59	1.65		3565	4.32
PROVISIONAL		8	1.64		8	1.64		7	1.43		0	0.00		11	2.25		0	0.00		42	8.61		4	0.82		1	0.20		177	36.27		2	0.41		1	0.20		3	0.61		0	0.00		0	0.00		1	0.20		198	40.57		2	0.41		0	0.00		20	4.10		0	0.00		0	0.00		3	0.61		0	0.00		488	96.25		19	3.75		507	0.61
Division Summary		2256	2.83		1500	1.88		1298	1.63		34	0.04		841	1.05		83	0.1		7024	8.81		547	0.69		112	0.14		22397	28.09		256	0.32		28	0.04		322	0.4		16	0.02		67	0.08		91	0.11		38333	48.07		368	0.46		144	0.18		3650	4.58		17	0.02		21	0.03		290	0.36		41	0.05		79736	96.71		2715	3.29		82451	94.88
