Senate - 2001 Election: New South Wales																																																																																	
First Preference Votes by Group																																																																																	
By Polling Place																																																																																	

Grayndler (86146)																																																																																	
		Group A Total			Group B Total			Group C Total			Group D Total			Group E Total			Group F Total			Group G Total			Group H Total			Group I Total			Group J Total			Group K Total			Group L Total			Group M Total			Group N Total			Group O Total			Group P Total			Group Q Total			Group R Total			Group S Total			Group T Total			Group U Total			Group V Total			Group W Total			Ungrouped Total 			FORMAL 			INFORMAL 			TOTAL 	
		HAN			CTA			UNI			CEC			PLP			OCF			DEM			HMP			RLS			ACL			LEF			Unendorsed			FPY			Unendorsed			NCP			NDP			LNP			NGST			RPA			GRN			Unendorsed			AAP			AFI			Independent										
Polling Places		Vote	%		Vote	%		Vote	%		Vote	%		Vote	%		Vote	%		Vote	%		Vote	%		Vote	%		Vote	%		Vote	%		Vote	%		Vote	%		Vote	%		Vote	%		Vote	%		Vote	%		Vote	%		Vote	%		Vote	%		Vote	%		Vote	%		Vote	%		Vote	%		Vote	%		Vote	%		Vote	%
Annandale		34	1.75		17	0.87		12	0.62		0	0.00		22	1.13		3	0.15		330	16.98		24	1.24		2	0.10		629	32.37		6	0.31		2	0.10		2	0.10		0	0.00		2	0.10		4	0.21		482	24.81		7	0.36		2	0.10		346	17.81		9	0.46		0	0.00		5	0.26		3	0.15		1943	97.44		51	2.56		1994	2.49
Annandale North (Grayndler)		28	2.01		9	0.65		6	0.43		0	0.00		4	0.29		1	0.07		213	15.28		18	1.29		2	0.14		465	33.36		4	0.29		0	0.00		2	0.14		0	0.00		0	0.00		3	0.22		379	27.19		6	0.43		3	0.22		248	17.79		0	0.00		1	0.07		2	0.14		0	0.00		1394	98.17		26	1.83		1420	1.77
Ashbury		53	2.46		32	1.48		20	0.93		1	0.05		29	1.34		1	0.05		138	6.39		9	0.42		7	0.32		898	41.61		12	0.56		1	0.05		13	0.60		1	0.05		4	0.19		2	0.09		781	36.19		16	0.74		3	0.14		129	5.98		3	0.14		1	0.05		3	0.14		1	0.05		2158	95.32		106	4.68		2264	2.83
Ashfield		56	2.78		26	1.29		63	3.12		1	0.05		36	1.78		0	0.00		124	6.14		11	0.55		1	0.05		1024	50.74		2	0.10		0	0.00		1	0.05		0	0.00		1	0.05		1	0.05		519	25.72		12	0.59		5	0.25		122	6.05		5	0.25		0	0.00		5	0.25		3	0.15		2018	94.83		110	5.17		2128	2.66
Ashfield East		30	2.49		15	1.24		22	1.82		1	0.08		25	2.07		0	0.00		89	7.38		10	0.83		5	0.41		501	41.54		0	0.00		1	0.08		2	0.17		1	0.08		1	0.08		0	0.00		383	31.76		4	0.33		2	0.17		101	8.37		7	0.58		2	0.17		4	0.33		0	0.00		1206	94.44		71	5.56		1277	1.59
Ashfield North (Grayndler)		28	3.02		16	1.73		19	2.05		1	0.11		19	2.05		0	0.00		72	7.77		5	0.54		0	0.00		410	44.23		2	0.22		1	0.11		3	0.32		0	0.00		1	0.11		0	0.00		261	28.16		5	0.54		0	0.00		75	8.09		6	0.65		0	0.00		1	0.11		2	0.22		927	94.50		54	5.50		981	1.23
Camdenville		23	1.97		6	0.51		4	0.34		0	0.00		18	1.54		3	0.26		162	13.88		18	1.54		2	0.17		470	40.27		3	0.26		2	0.17		6	0.51		2	0.17		2	0.17		3	0.26		213	18.25		3	0.26		1	0.09		217	18.59		3	0.26		1	0.09		1	0.09		4	0.34		1167	95.81		51	4.19		1218	1.52
Camperdown		12	2.80		1	0.23		4	0.93		0	0.00		3	0.70		2	0.47		64	14.92		2	0.47		1	0.23		156	36.36		1	0.23		2	0.47		2	0.47		1	0.23		1	0.23		0	0.00		86	20.05		1	0.23		0	0.00		89	20.75		1	0.23		0	0.00		0	0.00		0	0.00		429	97.28		12	2.72		441	0.55
Camperdown South		32	1.62		6	0.30		9	0.46		0	0.00		31	1.57		3	0.15		318	16.08		35	1.77		4	0.20		670	33.89		9	0.46		1	0.05		4	0.20		1	0.05		1	0.05		4	0.20		301	15.23		2	0.10		3	0.15		513	25.95		20	1.01		0	0.00		6	0.30		4	0.20		1977	97.49		51	2.51		2028	2.53
Canterbury North		45	3.15		14	0.98		18	1.26		1	0.07		47	3.29		2	0.14		69	4.83		6	0.42		3	0.21		777	54.34		4	0.28		2	0.14		6	0.42		4	0.28		2	0.14		1	0.07		330	23.08		10	0.70		3	0.21		83	5.80		0	0.00		0	0.00		3	0.21		0	0.00		1430	94.33		86	5.67		1516	1.89
Dulwich Hill		38	1.78		12	0.56		28	1.31		1	0.05		71	3.33		4	0.19		158	7.41		23	1.08		11	0.52		1085	50.87		4	0.19		2	0.09		6	0.28		0	0.00		3	0.14		2	0.09		430	20.16		7	0.33		2	0.09		230	10.78		7	0.33		3	0.14		4	0.19		2	0.09		2133	94.67		120	5.33		2253	2.81
Dulwich Hill West		13	1.30		9	0.90		8	0.80		0	0.00		29	2.91		1	0.10		87	8.73		5	0.50		5	0.50		512	51.35		1	0.10		2	0.20		2	0.20		2	0.20		2	0.20		3	0.30		193	19.36		4	0.40		4	0.40		110	11.03		0	0.00		2	0.20		3	0.30		0	0.00		997	93.18		73	6.82		1070	1.34
Enmore		48	2.36		15	0.74		16	0.79		0	0.00		30	1.48		2	0.10		310	15.26		24	1.18		1	0.05		794	39.07		6	0.30		4	0.20		6	0.30		0	0.00		2	0.10		3	0.15		352	17.32		6	0.30		5	0.25		389	19.14		14	0.69		0	0.00		4	0.20		1	0.05		2032	96.17		81	3.83		2113	2.64
Hurlstone Park		45	2.34		18	0.94		17	0.88		1	0.05		53	2.76		1	0.05		138	7.18		12	0.62		8	0.42		950	49.45		4	0.21		5	0.26		7	0.36		3	0.16		1	0.05		0	0.00		455	23.69		13	0.68		1	0.05		178	9.27		6	0.31		1	0.05		3	0.16		1	0.05		1921	92.27		161	7.73		2082	2.60
Kegworth		38	2.61		12	0.82		8	0.55		0	0.00		18	1.24		2	0.14		174	11.95		14	0.96		5	0.34		600	41.21		6	0.41		0	0.00		6	0.41		2	0.14		1	0.07		3	0.21		358	24.59		4	0.27		4	0.27		194	13.32		4	0.27		1	0.07		2	0.14		0	0.00		1456	95.98		61	4.02		1517	1.89
Leichhardt		45	1.35		13	0.39		18	0.54		2	0.06		35	1.05		5	0.15		443	13.33		28	0.84		13	0.39		1258	37.86		11	0.33		2	0.06		5	0.15		2	0.06		3	0.09		3	0.09		902	27.14		11	0.33		6	0.18		494	14.87		14	0.42		2	0.06		7	0.21		1	0.03		3323	95.96		140	4.04		3463	4.32
Leichhardt East		42	3.20		1	0.08		2	0.15		2	0.15		16	1.22		1	0.08		156	11.87		7	0.53		4	0.30		527	40.11		3	0.23		0	0.00		4	0.30		2	0.15		1	0.08		3	0.23		377	28.69		5	0.38		2	0.15		151	11.49		1	0.08		1	0.08		6	0.46		0	0.00		1314	95.98		55	4.02		1369	1.71
Leichhardt South		23	2.28		5	0.50		2	0.20		0	0.00		12	1.19		2	0.20		108	10.70		16	1.59		5	0.50		413	40.93		3	0.30		1	0.10		2	0.20		0	0.00		0	0.00		0	0.00		271	26.86		9	0.89		0	0.00		133	13.18		1	0.10		1	0.10		2	0.20		0	0.00		1009	96.00		42	4.00		1051	1.31
Lewisham		43	1.91		34	1.51		18	0.80		0	0.00		58	2.58		3	0.13		243	10.80		21	0.93		7	0.31		962	42.76		8	0.36		5	0.22		3	0.13		2	0.09		2	0.09		6	0.27		504	22.40		10	0.44		1	0.04		307	13.64		5	0.22		2	0.09		4	0.18		2	0.09		2250	96.11		91	3.89		2341	2.92
Lilyfield		39	2.38		11	0.67		2	0.12		1	0.06		28	1.71		1	0.06		169	10.32		15	0.92		8	0.49		633	38.67		4	0.24		0	0.00		11	0.67		5	0.31		1	0.06		2	0.12		497	30.36		8	0.49		3	0.18		190	11.61		0	0.00		0	0.00		5	0.31		4	0.24		1637	94.73		91	5.27		1728	2.16
Lilyfield North		23	2.93		6	0.76		0	0.00		0	0.00		4	0.51		3	0.38		95	12.10		7	0.89		1	0.13		251	31.97		2	0.25		0	0.00		3	0.38		1	0.13		0	0.00		0	0.00		260	33.12		0	0.00		1	0.13		124	15.80		0	0.00		0	0.00		4	0.51		0	0.00		785	95.97		33	4.03		818	1.02
Marrickville		57	1.72		34	1.02		67	2.02		2	0.06		135	4.06		5	0.15		176	5.30		18	0.54		8	0.24		1983	59.67		4	0.12		0	0.00		9	0.27		3	0.09		1	0.03		1	0.03		539	16.22		19	0.57		4	0.12		233	7.01		17	0.51		0	0.00		7	0.21		1	0.03		3323	93.26		240	6.74		3563	4.45
Marrickville Central		36	2.76		7	0.54		13	1.00		0	0.00		38	2.92		1	0.08		89	6.83		15	1.15		1	0.08		668	51.27		4	0.31		1	0.08		7	0.54		2	0.15		1	0.08		0	0.00		270	20.72		4	0.31		1	0.08		138	10.59		0	0.00		2	0.15		4	0.31		1	0.08		1303	94.90		70	5.10		1373	1.71
Marrickville South		24	2.74		4	0.46		7	0.80		0	0.00		17	1.94		0	0.00		50	5.71		4	0.46		0	0.00		481	54.91		2	0.23		1	0.11		1	0.11		1	0.11		1	0.11		1	0.11		158	18.04		10	1.14		0	0.00		111	12.67		0	0.00		0	0.00		3	0.34		0	0.00		876	96.05		36	3.95		912	1.14
Newington		10	1.62		7	1.13		1	0.16		0	0.00		22	3.55		0	0.00		76	12.28		5	0.81		0	0.00		278	44.91		2	0.32		0	0.00		1	0.16		1	0.16		0	0.00		0	0.00		114	18.42		1	0.16		2	0.32		93	15.02		1	0.16		2	0.32		1	0.16		2	0.32		619	95.38		30	4.62		649	0.81
Newtown North (Grayndler)		7	0.92		3	0.40		1	0.13		1	0.13		13	1.71		2	0.26		156	20.55		13	1.71		2	0.26		225	29.64		3	0.40		0	0.00		1	0.13		2	0.26		1	0.13		4	0.53		91	11.99		4	0.53		1	0.13		223	29.38		5	0.66		0	0.00		0	0.00		1	0.13		759	98.06		15	1.94		774	0.97
Petersham		47	2.37		26	1.31		13	0.66		3	0.15		28	1.41		9	0.45		201	10.15		29	1.46		3	0.15		831	41.97		7	0.35		0	0.00		6	0.30		0	0.00		4	0.20		2	0.10		455	22.98		6	0.30		5	0.25		295	14.90		4	0.20		1	0.05		2	0.10		3	0.15		1980	95.01		104	4.99		2084	2.60
Petersham East		20	2.91		9	1.31		0	0.00		1	0.15		7	1.02		0	0.00		82	11.92		10	1.45		2	0.29		306	44.48		5	0.73		1	0.15		0	0.00		0	0.00		0	0.00		0	0.00		159	23.11		2	0.29		2	0.29		80	11.63		0	0.00		0	0.00		1	0.15		1	0.15		688	92.23		58	7.77		746	0.93
Petersham North		1	0.25		7	1.77		1	0.25		0	0.00		8	2.02		0	0.00		53	13.38		10	2.53		0	0.00		165	41.67		2	0.51		0	0.00		0	0.00		0	0.00		0	0.00		0	0.00		76	19.19		1	0.25		1	0.25		69	17.42		1	0.25		0	0.00		1	0.25		0	0.00		396	96.59		14	3.41		410	0.51
Riverside		57	2.37		22	0.91		28	1.16		0	0.00		46	1.91		5	0.21		152	6.32		12	0.50		10	0.42		1331	55.32		6	0.25		2	0.08		5	0.21		5	0.21		0	0.00		4	0.17		450	18.70		15	0.62		2	0.08		237	9.85		6	0.25		2	0.08		9	0.37		0	0.00		2406	94.39		143	5.61		2549	3.18
Riverside North		20	1.54		11	0.85		13	1.00		0	0.00		45	3.47		1	0.08		90	6.95		5	0.39		9	0.69		648	50.04		5	0.39		0	0.00		7	0.54		1	0.08		3	0.23		1	0.08		270	20.85		11	0.85		1	0.08		150	11.58		0	0.00		0	0.00		2	0.15		2	0.15		1295	96.43		48	3.57		1343	1.68
St Clements		20	2.38		10	1.19		11	1.31		0	0.00		17	2.02		1	0.12		68	8.09		10	1.19		4	0.48		450	53.51		2	0.24		1	0.12		2	0.24		0	0.00		0	0.00		0	0.00		142	16.88		3	0.36		0	0.00		91	10.82		7	0.83		0	0.00		2	0.24		0	0.00		841	93.65		57	6.35		898	1.12
St Peters		36	4.87		7	0.95		1	0.14		0	0.00		19	2.57		1	0.14		64	8.66		13	1.76		3	0.41		315	42.63		1	0.14		1	0.14		1	0.14		1	0.14		1	0.14		2	0.27		147	19.89		4	0.54		2	0.27		112	15.16		3	0.41		3	0.41		2	0.27		0	0.00		739	94.99		39	5.01		778	0.97
Stanmore		36	1.86		14	0.72		12	0.62		0	0.00		35	1.81		2	0.10		272	14.08		23	1.19		2	0.10		756	39.13		5	0.26		0	0.00		2	0.10		1	0.05		1	0.05		3	0.16		408	21.12		8	0.41		3	0.16		339	17.55		5	0.26		0	0.00		3	0.16		2	0.10		1932	96.12		78	3.88		2010	2.51
Stanmore North		43	2.42		14	0.79		11	0.62		0	0.00		21	1.18		4	0.23		199	11.20		14	0.79		2	0.11		676	38.04		7	0.39		2	0.11		2	0.11		0	0.00		4	0.23		1	0.06		490	27.57		6	0.34		2	0.11		273	15.36		2	0.11		1	0.06		3	0.17		0	0.00		1777	95.44		85	4.56		1862	2.33
Summer Hill		38	2.30		26	1.57		22	1.33		0	0.00		20	1.21		3	0.18		196	11.85		10	0.60		0	0.00		629	38.03		6	0.36		1	0.06		4	0.24		2	0.12		1	0.06		1	0.06		465	28.11		4	0.24		5	0.30		210	12.70		5	0.30		0	0.00		4	0.24		2	0.12		1654	96.44		61	3.56		1715	2.14
Summer Hill North		26	3.38		10	1.30		6	0.78		1	0.13		18	2.34		0	0.00		61	7.93		8	1.04		1	0.13		321	41.74		1	0.13		0	0.00		3	0.39		1	0.13		0	0.00		1	0.13		201	26.14		4	0.52		4	0.52		98	12.74		1	0.13		0	0.00		3	0.39		0	0.00		769	95.06		40	4.94		809	1.01
Summer Hill South		48	2.80		21	1.23		18	1.05		0	0.00		17	0.99		7	0.41		251	14.66		14	0.82		3	0.18		610	35.63		5	0.29		1	0.06		7	0.41		1	0.06		1	0.06		3	0.18		368	21.50		2	0.12		1	0.06		325	18.98		5	0.29		0	0.00		3	0.18		1	0.06		1712	96.83		56	3.17		1768	2.21
Sydenham		31	3.27		8	0.84		8	0.84		1	0.11		20	2.11		1	0.11		63	6.65		3	0.32		4	0.42		507	53.54		4	0.42		0	0.00		4	0.42		0	0.00		1	0.11		0	0.00		181	19.11		5	0.53		2	0.21		100	10.56		1	0.11		0	0.00		3	0.32		0	0.00		947	94.04		60	5.96		1007	1.26
Sydney (Grayndler)		4	1.13		3	0.85		1	0.28		0	0.00		9	2.54		1	0.28		66	18.64		6	1.69		0	0.00		130	36.72		1	0.28		0	0.00		0	0.00		0	0.00		0	0.00		1	0.28		69	19.49		2	0.56		1	0.28		59	16.67		0	0.00		0	0.00		0	0.00		1	0.28		354	96.72		12	3.28		366	0.46
Tempe		41	3.14		22	1.69		8	0.61		3	0.23		53	4.06		1	0.08		65	4.98		11	0.84		6	0.46		709	54.33		5	0.38		1	0.08		9	0.69		1	0.08		1	0.08		1	0.08		223	17.09		7	0.54		6	0.46		126	9.66		2	0.15		1	0.08		3	0.23		0	0.00		1305	92.29		109	7.71		1414	1.77
The Warren		46	2.65		20	1.15		24	1.38		1	0.06		52	2.99		4	0.23		86	4.95		10	0.58		1	0.06		1012	58.23		4	0.23		0	0.00		4	0.23		0	0.00		2	0.12		3	0.17		318	18.30		4	0.23		1	0.06		125	7.19		11	0.63		1	0.06		5	0.29		4	0.23		1738	89.73		199	10.27		1937	2.42
Yeo Park		42	2.85		27	1.83		17	1.15		3	0.20		35	2.37		4	0.27		114	7.72		12	0.81		4	0.27		561	38.01		6	0.41		0	0.00		5	0.34		0	0.00		1	0.07		3	0.20		486	32.93		6	0.41		2	0.14		146	9.89		0	0.00		0	0.00		2	0.14		0	0.00		1476	92.48		120	7.52		1596	1.99
Special Hospitals		11	2.39		1	0.22		0	0.00		0	0.00		3	0.65		1	0.22		9	1.96		0	0.00		1	0.22		212	46.09		4	0.87		0	0.00		0	0.00		0	0.00		0	0.00		2	0.43		211	45.87		0	0.00		0	0.00		3	0.65		0	0.00		0	0.00		2	0.43		0	0.00		460	94.07		29	5.93		489	0.61
Total Ordinary		1439	2.29		591	0.94		579	0.92		28	0.04		1266	2.01		93	0.15		6299	10.02		565	0.90		161	0.26		27789	44.21		186	0.30		45	0.07		176	0.28		51	0.08		55	0.09		77	0.12		14625	23.27		271	0.43		99	0.16		8059	12.82		182	0.29		31	0.05		139	0.22		49	0.08		62855	95.06		3269	4.94		66124	82.57
ABSENT		154	2.17		91	1.28		58	0.82		5	0.07		153	2.16		16	0.23		922	12.99		121	1.70		15	0.21		2554	35.98		35	0.49		5	0.07		26	0.37		4	0.06		7	0.10		12	0.17		1803	25.40		49	0.69		15	0.21		1002	14.11		22	0.31		2	0.03		24	0.34		4	0.06		7099	98.11		137	1.89		7236	9.04
POSTAL		69	3.81		15	0.83		25	1.38		0	0.00		26	1.44		3	0.17		162	8.95		17	0.94		3	0.17		749	41.38		6	0.33		1	0.06		2	0.11		2	0.11		3	0.17		1	0.06		579	31.99		11	0.61		3	0.17		119	6.57		2	0.11		1	0.06		9	0.50		2	0.11		1810	98.91		20	1.09		1830	2.29
PRE_POLL		62	1.68		24	0.65		51	1.38		0	0.00		66	1.79		8	0.22		460	12.46		29	0.79		6	0.16		1549	41.94		18	0.49		1	0.03		20	0.54		0	0.00		1	0.03		10	0.27		875	23.69		23	0.62		15	0.41		455	12.32		8	0.22		0	0.00		10	0.27		2	0.05		3693	98.66		50	1.34		3743	4.67
PROVISIONAL		16	1.47		6	0.55		12	1.10		2	0.18		22	2.02		1	0.09		94	8.63		13	1.19		4	0.37		566	51.97		4	0.37		4	0.37		5	0.46		0	0.00		0	0.00		0	0.00		197	18.09		5	0.46		3	0.28		132	12.12		1	0.09		0	0.00		2	0.18		0	0.00		1089	94.94		58	5.06		1147	1.43
Division Summary		1740	2.27		727	0.95		725	0.95		35	0.05		1533	2		121	0.16		7937	10.37		745	0.97		189	0.25		33207	43.38		249	0.33		56	0.07		229	0.3		57	0.07		66	0.09		100	0.13		18079	23.62		359	0.47		135	0.18		9767	12.76		215	0.28		34	0.04		184	0.24		57	0.07		76546	95.59		3534	4.41		80080	92.96
