Senate - 2001 Election: New South Wales																																																																																	
First Preference Votes by Group 																																																																																	
By Polling Place																																																																																	

Fowler (82745)																																																																																	
		Group A Total			Group B Total			Group C Total			Group D Total			Group E Total			Group F Total			Group G Total			Group H Total			Group I Total			Group J Total			Group K Total			Group L Total			Group M Total			Group N Total			Group O Total			Group P Total			Group Q Total			Group R Total			Group S Total			Group T Total			Group U Total			Group V Total			Group W Total			Ungrouped Total 			FORMAL 			INFORMAL 			TOTAL 	
		HAN			CTA			UNI			CEC			PLP			OCF			DEM			HMP			RLS			ACL			LEF			Unendorsed			FPY			Unendorsed			NCP			NDP			LNP			NGST			RPA			GRN			Unendorsed			AAP			AFI			Independent										
Polling Places		Vote	%		Vote	%		Vote	%		Vote	%		Vote	%		Vote	%		Vote	%		Vote	%		Vote	%		Vote	%		Vote	%		Vote	%		Vote	%		Vote	%		Vote	%		Vote	%		Vote	%		Vote	%		Vote	%		Vote	%		Vote	%		Vote	%		Vote	%		Vote	%		Vote	%		Vote	%		Vote	%
Ashcroft		120	7.49		23	1.43		9	0.56		1	0.06		60	3.74		1	0.06		26	1.62		15	0.94		8	0.50		987	61.57		4	0.25		2	0.12		6	0.37		0	0.00		2	0.12		0	0.00		279	17.40		16	1.00		1	0.06		18	1.12		2	0.12		0	0.00		23	1.43		0	0.00		1603	97.57		40	2.43		1643	2.12
Bonnyrigg		42	2.03		10	0.48		59	2.85		5	0.24		100	4.83		2	0.10		43	2.08		16	0.77		11	0.53		1430	69.12		2	0.10		6	0.29		6	0.29		0	0.00		1	0.05		3	0.14		265	12.81		25	1.21		2	0.10		27	1.30		0	0.00		1	0.05		13	0.63		0	0.00		2069	92.24		174	7.76		2243	2.89
Bonnyrigg Heights		78	2.69		38	1.31		65	2.24		2	0.07		109	3.75		1	0.03		92	3.17		11	0.38		4	0.14		1749	60.23		6	0.21		1	0.03		8	0.28		0	0.00		3	0.10		1	0.03		667	22.97		14	0.48		6	0.21		38	1.31		0	0.00		0	0.00		10	0.34		1	0.03		2904	91.96		254	8.04		3158	4.07
Bonnyrigg High		39	3.34		13	1.11		48	4.11		2	0.17		61	5.22		1	0.09		41	3.51		9	0.77		0	0.00		738	63.13		7	0.60		1	0.09		8	0.68		1	0.09		5	0.43		1	0.09		165	14.11		7	0.60		3	0.26		12	1.03		0	0.00		1	0.09		6	0.51		0	0.00		1169	93.52		81	6.48		1250	1.61
Cabramatta		49	1.04		25	0.53		327	6.97		3	0.06		199	4.24		4	0.09		55	1.17		9	0.19		14	0.30		3411	72.70		13	0.28		6	0.13		8	0.17		1	0.02		2	0.04		4	0.09		464	9.89		48	1.02		4	0.09		37	0.79		0	0.00		2	0.04		7	0.15		0	0.00		4692	94.71		262	5.29		4954	6.38
Cabramatta East		67	2.52		23	0.86		135	5.08		2	0.08		111	4.17		3	0.11		44	1.65		13	0.49		11	0.41		1816	68.27		3	0.11		2	0.08		8	0.30		1	0.04		1	0.04		4	0.15		341	12.82		39	1.47		4	0.15		22	0.83		1	0.04		2	0.08		7	0.26		0	0.00		2660	92.14		227	7.86		2887	3.72
Cabramatta High		61	2.73		12	0.54		166	7.44		1	0.04		79	3.54		2	0.09		32	1.43		6	0.27		13	0.58		1472	65.95		4	0.18		4	0.18		11	0.49		0	0.00		0	0.00		1	0.04		315	14.11		24	1.08		1	0.04		18	0.81		0	0.00		1	0.04		9	0.40		0	0.00		2232	93.86		146	6.14		2378	3.06
Cabramatta West		68	3.87		17	0.97		95	5.41		1	0.06		93	5.30		3	0.17		46	2.62		7	0.40		3	0.17		985	56.09		7	0.40		4	0.23		7	0.40		0	0.00		0	0.00		0	0.00		349	19.87		20	1.14		7	0.40		29	1.65		1	0.06		0	0.00		14	0.80		0	0.00		1756	91.75		158	8.25		1914	2.46
Canley Heights		132	4.04		25	0.77		135	4.13		4	0.12		107	3.28		2	0.06		81	2.48		11	0.34		7	0.21		2063	63.17		1	0.03		0	0.00		13	0.40		0	0.00		2	0.06		2	0.06		581	17.79		34	1.04		4	0.12		46	1.41		1	0.03		1	0.03		14	0.43		0	0.00		3266	91.77		293	8.23		3559	4.58
Canley Vale		51	1.86		24	0.88		182	6.65		3	0.11		125	4.57		1	0.04		60	2.19		8	0.29		18	0.66		1835	67.09		4	0.15		5	0.18		12	0.44		1	0.04		2	0.07		4	0.15		337	12.32		29	1.06		6	0.22		19	0.69		0	0.00		0	0.00		9	0.33		0	0.00		2735	93.92		177	6.08		2912	3.75
Canley Vale High		16	4.29		3	0.80		13	3.49		1	0.27		12	3.22		1	0.27		10	2.68		3	0.80		2	0.54		226	60.59		2	0.54		0	0.00		4	1.07		0	0.00		1	0.27		0	0.00		73	19.57		0	0.00		0	0.00		5	1.34		0	0.00		0	0.00		1	0.27		0	0.00		373	95.40		18	4.60		391	0.50
Cartwright (Fowler)		48	6.81		5	0.71		2	0.28		3	0.43		25	3.55		1	0.14		19	2.70		9	1.28		0	0.00		406	57.59		1	0.14		3	0.43		4	0.57		0	0.00		0	0.00		1	0.14		156	22.13		6	0.85		0	0.00		6	0.85		0	0.00		2	0.28		8	1.13		0	0.00		705	91.32		67	8.68		772	0.99
Edensor Park		81	3.12		51	1.96		68	2.62		0	0.00		94	3.62		1	0.04		98	3.78		20	0.77		18	0.69		1292	49.77		8	0.31		4	0.15		22	0.85		0	0.00		2	0.08		4	0.15		765	29.47		18	0.69		3	0.12		34	1.31		0	0.00		2	0.08		11	0.42		0	0.00		2596	93.72		174	6.28		2770	3.57
Fairfield East (Fowler)		17	3.65		10	2.15		19	4.08		0	0.00		12	2.58		1	0.21		13	2.79		0	0.00		1	0.21		264	56.65		0	0.00		0	0.00		0	0.00		0	0.00		0	0.00		0	0.00		115	24.68		7	1.50		0	0.00		5	1.07		0	0.00		0	0.00		2	0.43		0	0.00		466	93.57		32	6.43		498	0.64
Harrington Street		130	4.09		27	0.85		101	3.18		4	0.13		114	3.59		2	0.06		61	1.92		8	0.25		21	0.66		1908	60.08		7	0.22		2	0.06		9	0.28		2	0.06		2	0.06		5	0.16		677	21.32		32	1.01		5	0.16		49	1.54		0	0.00		1	0.03		9	0.28		0	0.00		3176	91.55		293	8.45		3469	4.47
Heckenberg		119	6.93		22	1.28		19	1.11		0	0.00		54	3.15		0	0.00		35	2.04		12	0.70		8	0.47		1018	59.32		6	0.35		1	0.06		10	0.58		1	0.06		2	0.12		0	0.00		335	19.52		20	1.17		1	0.06		31	1.81		0	0.00		0	0.00		21	1.22		1	0.06		1716	93.62		117	6.38		1833	2.36
James Busby (Fowler)		132	7.13		19	1.03		10	0.54		2	0.11		61	3.30		3	0.16		44	2.38		10	0.54		5	0.27		1064	57.48		9	0.49		1	0.05		10	0.54		0	0.00		2	0.11		1	0.05		410	22.15		27	1.46		1	0.05		34	1.84		2	0.11		1	0.05		3	0.16		0	0.00		1851	94.25		113	5.75		1964	2.53
Lansvale		90	4.79		11	0.59		95	5.06		0	0.00		83	4.42		2	0.11		50	2.66		10	0.53		6	0.32		1135	60.40		9	0.48		4	0.21		6	0.32		1	0.05		4	0.21		3	0.16		318	16.92		17	0.90		2	0.11		21	1.12		1	0.05		3	0.16		8	0.43		0	0.00		1879	94.42		111	5.58		1990	2.56
Lansvale East		98	7.64		20	1.56		19	1.48		0	0.00		34	2.65		1	0.08		28	2.18		7	0.55		2	0.16		601	46.88		5	0.39		2	0.16		6	0.47		0	0.00		0	0.00		0	0.00		413	32.22		18	1.40		0	0.00		17	1.33		1	0.08		0	0.00		10	0.78		0	0.00		1282	95.53		60	4.47		1342	1.73
Liverpool		103	3.97		30	1.16		20	0.77		8	0.31		138	5.32		1	0.04		93	3.58		13	0.50		1	0.04		1573	60.59		10	0.39		4	0.15		7	0.27		1	0.04		0	0.00		4	0.15		466	17.95		36	1.39		3	0.12		66	2.54		4	0.15		1	0.04		14	0.54		0	0.00		2596	92.88		199	7.12		2795	3.60
Liverpool North		26	5.03		6	1.16		9	1.74		0	0.00		31	6.00		0	0.00		14	2.71		4	0.77		2	0.39		295	57.06		2	0.39		0	0.00		1	0.19		0	0.00		1	0.19		1	0.19		101	19.54		11	2.13		1	0.19		11	2.13		0	0.00		0	0.00		1	0.19		0	0.00		517	93.66		35	6.34		552	0.71
Liverpool South		34	4.29		14	1.77		11	1.39		1	0.13		37	4.67		0	0.00		30	3.78		2	0.25		0	0.00		484	61.03		2	0.25		0	0.00		5	0.63		0	0.00		1	0.13		2	0.25		142	17.91		9	1.13		2	0.25		12	1.51		0	0.00		0	0.00		5	0.63		0	0.00		793	93.29		57	6.71		850	1.09
Liverpool West (Fowler)		161	6.18		40	1.54		12	0.46		3	0.12		90	3.45		2	0.08		93	3.57		18	0.69		10	0.38		1245	47.79		7	0.27		5	0.19		5	0.19		3	0.12		0	0.00		3	0.12		800	30.71		35	1.34		5	0.19		45	1.73		2	0.08		2	0.08		18	0.69		1	0.04		2605	90.39		277	9.61		2882	3.71
Marsden Road		129	6.39		30	1.49		27	1.34		3	0.15		43	2.13		1	0.05		56	2.78		16	0.79		4	0.20		1019	50.50		15	0.74		0	0.00		6	0.30		4	0.20		2	0.10		1	0.05		597	29.58		19	0.94		2	0.10		32	1.59		0	0.00		3	0.15		9	0.45		0	0.00		2018	93.43		142	6.57		2160	2.78
Miller (Fowler)		11	5.37		2	0.98		1	0.49		0	0.00		13	6.34		0	0.00		3	1.46		3	1.46		1	0.49		127	61.95		1	0.49		0	0.00		1	0.49		0	0.00		0	0.00		0	0.00		30	14.63		5	2.44		0	0.00		3	1.46		0	0.00		0	0.00		4	1.95		0	0.00		205	95.79		9	4.21		214	0.28
Mount Pritchard		186	6.30		38	1.29		65	2.20		1	0.03		95	3.22		2	0.07		99	3.35		19	0.64		10	0.34		1451	49.12		14	0.47		0	0.00		21	0.71		1	0.03		4	0.14		11	0.37		843	28.54		23	0.78		6	0.20		34	1.15		1	0.03		2	0.07		28	0.95		0	0.00		2954	92.40		243	7.60		3197	4.12
Mount Pritchard East		119	6.84		36	2.07		25	1.44		1	0.06		67	3.85		2	0.11		46	2.64		9	0.52		9	0.52		955	54.85		5	0.29		1	0.06		11	0.63		0	0.00		1	0.06		2	0.11		379	21.77		22	1.26		2	0.11		29	1.67		1	0.06		2	0.11		17	0.98		0	0.00		1741	93.30		125	6.70		1866	2.40
Sadleir		110	8.61		13	1.02		22	1.72		3	0.23		36	2.82		0	0.00		24	1.88		6	0.47		7	0.55		780	61.03		4	0.31		2	0.16		12	0.94		0	0.00		0	0.00		1	0.08		212	16.59		12	0.94		4	0.31		15	1.17		1	0.08		2	0.16		12	0.94		0	0.00		1278	93.08		95	6.92		1373	1.77
St Johns Park		86	2.58		36	1.08		86	2.58		4	0.12		94	2.82		4	0.12		103	3.09		22	0.66		6	0.18		2091	62.66		4	0.12		5	0.15		14	0.42		4	0.12		7	0.21		1	0.03		698	20.92		37	1.11		2	0.06		19	0.57		1	0.03		3	0.09		10	0.30		0	0.00		3337	93.95		215	6.05		3552	4.57
Sydney (Fowler)		0	0.00		2	2.33		6	6.98		0	0.00		3	3.49		0	0.00		3	3.49		0	0.00		0	0.00		38	44.19		0	0.00		0	0.00		0	0.00		0	0.00		0	0.00		0	0.00		21	24.42		4	4.65		1	1.16		8	9.30		0	0.00		0	0.00		0	0.00		0	0.00		86	94.51		5	5.49		91	0.12
Villawood		101	4.89		24	1.16		72	3.48		1	0.05		67	3.24		2	0.10		69	3.34		9	0.44		9	0.44		1261	61.01		10	0.48		0	0.00		10	0.48		0	0.00		0	0.00		1	0.05		366	17.71		19	0.92		3	0.15		35	1.69		1	0.05		0	0.00		7	0.34		0	0.00		2067	94.08		130	5.92		2197	2.83
Villawood North		65	4.13		13	0.83		56	3.56		3	0.19		78	4.95		2	0.13		34	2.16		4	0.25		8	0.51		973	61.78		3	0.19		1	0.06		4	0.25		2	0.13		0	0.00		1	0.06		270	17.14		16	1.02		3	0.19		23	1.46		2	0.13		4	0.25		10	0.63		0	0.00		1575	91.84		140	8.16		1715	2.21
Wakeley (Fowler)		51	4.81		26	2.45		35	3.30		1	0.09		29	2.74		2	0.19		19	1.79		5	0.47		2	0.19		617	58.21		0	0.00		2	0.19		6	0.57		0	0.00		0	0.00		1	0.09		233	21.98		13	1.23		1	0.09		12	1.13		0	0.00		0	0.00		5	0.47		0	0.00		1060	93.97		68	6.03		1128	1.45
Warwick Farm		87	6.43		23	1.70		16	1.18		0	0.00		55	4.07		2	0.15		22	1.63		20	1.48		7	0.52		831	61.46		5	0.37		2	0.15		10	0.74		1	0.07		1	0.07		1	0.07		229	16.94		14	1.04		2	0.15		14	1.04		0	0.00		0	0.00		10	0.74		0	0.00		1352	94.08		85	5.92		1437	1.85
Yennora (Fowler)		12	3.65		3	0.91		7	2.13		1	0.30		15	4.56		1	0.30		7	2.13		2	0.61		2	0.61		176	53.50		0	0.00		1	0.30		1	0.30		0	0.00		0	0.00		0	0.00		88	26.75		3	0.91		0	0.00		5	1.52		0	0.00		1	0.30		4	1.22		0	0.00		329	92.94		25	7.06		354	0.46
Total Ordinary		2719	4.27		714	1.12		2037	3.20		64	0.10		2424	3.81		53	0.08		1593	2.50		336	0.53		230	0.36		38316	60.20		180	0.28		71	0.11		272	0.43		24	0.04		48	0.08		64	0.10		12500	19.64		679	1.07		87	0.14		831	1.31		22	0.03		37	0.06		339	0.53		3	0.00		63643	93.20		4647	6.80		68290	87.92
ABSENT		187	3.97		80	1.70		59	1.25		4	0.08		250	5.30		6	0.13		160	3.39		45	0.95		7	0.15		2114	44.85		43	0.91		5	0.11		52	1.10		1	0.02		6	0.13		4	0.08		1417	30.07		94	1.99		5	0.11		132	2.80		2	0.04		4	0.08		36	0.76		0	0.00		4713	95.10		243	4.90		4956	6.38
POSTAL		101	6.73		38	2.53		20	1.33		1	0.07		47	3.13		2	0.13		34	2.27		2	0.13		2	0.13		739	49.27		3	0.20		0	0.00		2	0.13		0	0.00		1	0.07		2	0.13		452	30.13		22	1.47		0	0.00		11	0.73		0	0.00		1	0.07		20	1.33		0	0.00		1500	97.91		32	2.09		1532	1.97
PRE_POLL		116	6.05		26	1.36		51	2.66		6	0.31		131	6.83		4	0.21		68	3.55		10	0.52		4	0.21		943	49.17		15	0.78		3	0.16		7	0.36		3	0.16		2	0.10		4	0.21		425	22.16		48	2.50		6	0.31		34	1.77		0	0.00		0	0.00		12	0.63		0	0.00		1918	95.85		83	4.15		2001	2.58
PROVISIONAL		18	2.17		7	0.84		19	2.29		0	0.00		62	7.48		1	0.12		13	1.57		4	0.48		2	0.24		540	65.14		2	0.24		2	0.24		7	0.84		0	0.00		0	0.00		0	0.00		119	14.35		18	2.17		4	0.48		8	0.97		0	0.00		0	0.00		3	0.36		0	0.00		829	92.63		66	7.37		895	1.15
Division Summary		3141	4.33		865	1.19		2186	3.01		75	0.10		2914	4.01		66	0.09		1868	2.57		397	0.55		245	0.34		42652	58.75		243	0.33		81	0.11		340	0.47		28	0.04		57	0.08		74	0.10		14913	20.54		861	1.19		102	0.14		1016	1.40		24	0.03		42	0.06		410	0.56		3	0.00		72603	93.47		5071	6.53		77674	93.87
