Senate - 2001 Election: New South Wales																																																																																	
First Preference Votes by Group 																																																																																	
By Polling Place																																																																																	

Wentworth (86457)																																																																																	
		Group A Total			Group B Total			Group C Total			Group D Total			Group E Total			Group F Total			Group G Total			Group H Total			Group I Total			Group J Total			Group K Total			Group L Total			Group M Total			Group N Total			Group O Total			Group P Total			Group Q Total			Group R Total			Group S Total			Group T Total			Group U Total			Group V Total			Group W Total			Ungrouped Total 			FORMAL 			INFORMAL 			TOTAL 	
		HAN			CTA			UNI			CEC			PLP			OCF			DEM			HMP			RLS			ACL			LEF			Unendorsed			FPY			Unendorsed			NCP			NDP			LNP			NGST			RPA			GRN			Unendorsed			AAP			AFI			Independent										
Polling Places		Vote	%		Vote	%		Vote	%		Vote	%		Vote	%		Vote	%		Vote	%		Vote	%		Vote	%		Vote	%		Vote	%		Vote	%		Vote	%		Vote	%		Vote	%		Vote	%		Vote	%		Vote	%		Vote	%		Vote	%		Vote	%		Vote	%		Vote	%		Vote	%		Vote	%		Vote	%		Vote	%
Bellevue Hill		37	1.04		30	0.84		44	1.24		2	0.06		20	0.56		9	0.25		307	8.63		33	0.93		3	0.08		578	16.25		10	0.28		0	0.00		8	0.22		1	0.03		1	0.03		6	0.17		2139	60.13		13	0.37		3	0.08		301	8.46		0	0.00		0	0.00		6	0.17		6	0.17		3557	95.77		157	4.23		3714	4.64
Bondi		70	2.30		17	0.56		14	0.46		0	0.00		58	1.91		6	0.20		245	8.05		37	1.22		2	0.07		892	29.31		3	0.10		2	0.07		10	0.33		0	0.00		3	0.10		6	0.20		1298	42.66		24	0.79		3	0.10		339	11.14		1	0.03		0	0.00		11	0.36		2	0.07		3043	94.27		185	5.73		3228	4.04
Bondi Beach		80	1.84		10	0.23		20	0.46		2	0.05		55	1.26		11	0.25		470	10.80		58	1.33		10	0.23		1387	31.89		8	0.18		5	0.11		12	0.28		1	0.02		2	0.05		10	0.23		1498	34.44		22	0.51		7	0.16		669	15.38		4	0.09		1	0.02		8	0.18		0	0.00		4350	96.45		160	3.55		4510	5.64
Bondi Junction		61	2.10		14	0.48		13	0.45		0	0.00		32	1.10		4	0.14		270	9.28		31	1.07		3	0.10		853	29.31		6	0.21		0	0.00		4	0.14		0	0.00		5	0.17		4	0.14		1323	45.46		13	0.45		6	0.21		262	9.00		0	0.00		1	0.03		3	0.10		2	0.07		2910	94.97		154	5.03		3064	3.83
Bondi North		43	2.35		10	0.55		7	0.38		0	0.00		14	0.77		2	0.11		153	8.36		15	0.82		4	0.22		538	29.40		2	0.11		1	0.05		8	0.44		1	0.05		2	0.11		0	0.00		868	47.43		7	0.38		5	0.27		146	7.98		0	0.00		0	0.00		4	0.22		0	0.00		1830	95.26		91	4.74		1921	2.40
Bondi Surf		8	0.68		4	0.34		6	0.51		0	0.00		10	0.85		1	0.08		116	9.86		19	1.61		0	0.00		305	25.91		6	0.51		0	0.00		3	0.25		1	0.08		0	0.00		2	0.17		491	41.72		0	0.00		2	0.17		200	16.99		0	0.00		0	0.00		2	0.17		1	0.08		1177	97.84		26	2.16		1203	1.50
Bronte		38	1.88		12	0.59		8	0.39		0	0.00		19	0.94		6	0.30		222	10.96		16	0.79		3	0.15		535	26.41		4	0.20		4	0.20		5	0.25		0	0.00		1	0.05		3	0.15		811	40.03		4	0.20		4	0.20		329	16.24		0	0.00		0	0.00		2	0.10		0	0.00		2026	97.22		58	2.78		2084	2.61
Castlefield		13	1.73		6	0.80		1	0.13		0	0.00		8	1.06		1	0.13		65	8.63		8	1.06		1	0.13		229	30.41		3	0.40		0	0.00		1	0.13		0	0.00		1	0.13		1	0.13		298	39.58		6	0.80		1	0.13		108	14.34		0	0.00		0	0.00		2	0.27		0	0.00		753	96.79		25	3.21		778	0.97
Charing Cross		14	2.34		2	0.33		1	0.17		0	0.00		7	1.17		1	0.17		36	6.02		4	0.67		1	0.17		209	34.95		0	0.00		0	0.00		0	0.00		1	0.17		1	0.17		1	0.17		251	41.97		1	0.17		1	0.17		64	10.70		0	0.00		0	0.00		3	0.50		0	0.00		598	95.99		25	4.01		623	0.78
Clovelly		47	2.82		24	1.44		1	0.06		0	0.00		13	0.78		6	0.36		166	9.96		12	0.72		1	0.06		524	31.45		8	0.48		1	0.06		5	0.30		0	0.00		0	0.00		7	0.42		635	38.12		2	0.12		1	0.06		207	12.42		1	0.06		0	0.00		4	0.24		1	0.06		1666	96.75		56	3.25		1722	2.15
Clovelly Beach (Wentworth)		14	1.97		3	0.42		3	0.42		0	0.00		2	0.28		3	0.42		78	10.99		7	0.99		0	0.00		248	34.93		1	0.14		0	0.00		4	0.56		0	0.00		0	0.00		0	0.00		242	34.08		3	0.42		3	0.42		97	13.66		0	0.00		0	0.00		2	0.28		0	0.00		710	98.34		12	1.66		722	0.90
Clovelly North (Wentworth)		33	2.12		3	0.19		3	0.19		0	0.00		5	0.32		0	0.00		169	10.85		6	0.39		5	0.32		502	32.24		5	0.32		1	0.06		6	0.39		0	0.00		0	0.00		1	0.06		653	41.94		2	0.13		3	0.19		155	9.96		0	0.00		0	0.00		5	0.32		0	0.00		1557	97.07		47	2.93		1604	2.01
Cooper Park		6	0.72		0	0.00		11	1.33		0	0.00		4	0.48		2	0.24		59	7.13		7	0.85		4	0.48		135	16.30		2	0.24		0	0.00		4	0.48		0	0.00		0	0.00		1	0.12		544	65.70		1	0.12		1	0.12		46	5.56		0	0.00		0	0.00		1	0.12		0	0.00		828	96.50		30	3.50		858	1.07
Darling Point		20	1.00		7	0.35		7	0.35		0	0.00		5	0.25		11	0.55		138	6.92		11	0.55		5	0.25		271	13.59		3	0.15		0	0.00		4	0.20		0	0.00		0	0.00		1	0.05		1377	69.06		11	0.55		3	0.15		118	5.92		1	0.05		0	0.00		1	0.05		0	0.00		1994	96.14		80	3.86		2074	2.59
Diamond Bay		32	1.31		20	0.82		11	0.45		0	0.00		18	0.74		3	0.12		194	7.92		19	0.78		5	0.20		447	18.26		8	0.33		1	0.04		10	0.41		0	0.00		0	0.00		4	0.16		1473	60.17		7	0.29		2	0.08		186	7.60		0	0.00		0	0.00		5	0.20		3	0.12		2448	95.89		105	4.11		2553	3.19
Double Bay		36	1.07		15	0.45		9	0.27		0	0.00		8	0.24		8	0.24		254	7.56		19	0.57		9	0.27		510	15.18		8	0.24		2	0.06		4	0.12		0	0.00		5	0.15		5	0.15		2241	66.70		8	0.24		10	0.30		206	6.13		1	0.03		0	0.00		2	0.06		0	0.00		3360	95.89		144	4.11		3504	4.38
Dover Heights		22	0.92		7	0.29		13	0.54		1	0.04		11	0.46		1	0.04		157	6.57		7	0.29		5	0.21		362	15.16		7	0.29		0	0.00		5	0.21		0	0.00		1	0.04		3	0.13		1633	68.38		18	0.75		5	0.21		123	5.15		0	0.00		0	0.00		6	0.25		1	0.04		2388	95.90		102	4.10		2490	3.11
Edgecliff		10	1.23		9	1.11		3	0.37		0	0.00		2	0.25		0	0.00		63	7.75		1	0.12		1	0.12		143	17.59		0	0.00		0	0.00		2	0.25		0	0.00		0	0.00		0	0.00		504	61.99		1	0.12		1	0.12		70	8.61		0	0.00		0	0.00		2	0.25		1	0.12		813	97.48		21	2.52		834	1.04
Glenmore		33	1.35		7	0.29		12	0.49		1	0.04		16	0.65		7	0.29		280	11.46		14	0.57		0	0.00		642	26.27		5	0.20		2	0.08		2	0.08		0	0.00		0	0.00		0	0.00		1050	42.96		4	0.16		3	0.12		359	14.69		0	0.00		0	0.00		3	0.12		4	0.16		2444	96.72		83	3.28		2527	3.16
Holdsworth		16	1.82		0	0.00		2	0.23		0	0.00		6	0.68		1	0.11		88	9.99		4	0.45		2	0.23		201	22.81		0	0.00		0	0.00		1	0.11		1	0.11		0	0.00		0	0.00		454	51.53		0	0.00		1	0.11		100	11.35		0	0.00		0	0.00		3	0.34		1	0.11		881	95.14		45	4.86		926	1.16
Paddington		11	1.00		4	0.36		0	0.00		0	0.00		9	0.82		2	0.18		111	10.09		9	0.82		1	0.09		319	29.00		0	0.00		2	0.18		3	0.27		1	0.09		0	0.00		1	0.09		498	45.27		3	0.27		5	0.45		118	10.73		1	0.09		0	0.00		2	0.18		0	0.00		1100	97.00		34	3.00		1134	1.42
Paddington South (Wentworth)		11	1.30		1	0.12		4	0.47		0	0.00		4	0.47		5	0.59		121	14.27		10	1.18		2	0.24		231	27.24		1	0.12		0	0.00		0	0.00		2	0.24		0	0.00		1	0.12		325	38.33		3	0.35		1	0.12		124	14.62		1	0.12		0	0.00		1	0.12		0	0.00		848	97.03		26	2.97		874	1.09
Parsley Bay		5	0.97		1	0.19		0	0.00		2	0.39		1	0.19		1	0.19		22	4.27		6	1.17		1	0.19		34	6.60		0	0.00		0	0.00		1	0.19		0	0.00		0	0.00		0	0.00		414	80.39		2	0.39		2	0.39		21	4.08		0	0.00		0	0.00		1	0.19		1	0.19		515	97.54		13	2.46		528	0.66
Peters Corner (Wentworth)		28	2.27		20	1.62		4	0.32		0	0.00		15	1.21		6	0.49		115	9.31		10	0.81		1	0.08		440	35.63		6	0.49		0	0.00		3	0.24		0	0.00		1	0.08		3	0.24		452	36.60		8	0.65		3	0.24		118	9.55		0	0.00		0	0.00		2	0.16		0	0.00		1235	96.33		47	3.67		1282	1.60
Randwick		19	1.32		11	0.76		12	0.83		1	0.07		14	0.97		15	1.04		140	9.70		6	0.42		3	0.21		447	30.96		4	0.28		0	0.00		6	0.42		0	0.00		0	0.00		3	0.21		595	41.20		2	0.14		3	0.21		155	10.73		1	0.07		0	0.00		7	0.48		0	0.00		1444	98.10		28	1.90		1472	1.84
Randwick East		28	2.58		7	0.64		5	0.46		1	0.09		11	1.01		2	0.18		98	9.02		9	0.83		4	0.37		322	29.65		4	0.37		0	0.00		2	0.18		1	0.09		0	0.00		2	0.18		502	46.22		5	0.46		3	0.28		76	7.00		0	0.00		1	0.09		3	0.28		0	0.00		1086	97.66		26	2.34		1112	1.39
Randwick North		58	2.36		17	0.69		3	0.12		2	0.08		18	0.73		6	0.24		248	10.11		19	0.77		8	0.33		754	30.73		12	0.49		1	0.04		6	0.24		2	0.08		1	0.04		1	0.04		1057	43.07		7	0.29		5	0.20		220	8.96		1	0.04		0	0.00		6	0.24		2	0.08		2454	95.64		112	4.36		2566	3.21
Rose Bay		41	1.85		5	0.23		18	0.81		1	0.05		13	0.59		5	0.23		158	7.13		27	1.22		2	0.09		385	17.37		4	0.18		1	0.05		1	0.05		1	0.05		5	0.23		5	0.23		1377	62.11		10	0.45		1	0.05		153	6.90		0	0.00		2	0.09		2	0.09		0	0.00		2217	94.74		123	5.26		2340	2.93
Rose Bay Central		19	1.76		5	0.46		4	0.37		0	0.00		4	0.37		1	0.09		71	6.59		4	0.37		3	0.28		171	15.88		3	0.28		0	0.00		0	0.00		0	0.00		3	0.28		3	0.28		719	66.76		2	0.19		0	0.00		62	5.76		0	0.00		0	0.00		3	0.28		0	0.00		1077	97.03		33	2.97		1110	1.39
Sydney (Wentworth)		5	2.34		3	1.40		0	0.00		0	0.00		5	2.34		0	0.00		25	11.68		1	0.47		0	0.00		61	28.50		0	0.00		0	0.00		1	0.47		0	0.00		1	0.47		0	0.00		89	41.59		0	0.00		0	0.00		23	10.75		0	0.00		0	0.00		0	0.00		0	0.00		214	97.72		5	2.28		219	0.27
Vaucluse		5	0.50		10	1.00		5	0.50		0	0.00		0	0.00		0	0.00		42	4.20		4	0.40		0	0.00		109	10.90		0	0.00		0	0.00		2	0.20		0	0.00		3	0.30		1	0.10		740	74.00		5	0.50		2	0.20		72	7.20		0	0.00		0	0.00		0	0.00		0	0.00		1000	96.34		38	3.66		1038	1.30
Watsons Bay		24	2.56		9	0.96		5	0.53		1	0.11		4	0.43		4	0.43		55	5.88		1	0.11		0	0.00		151	16.13		1	0.11		1	0.11		4	0.43		0	0.00		1	0.11		1	0.11		566	60.47		3	0.32		0	0.00		101	10.79		0	0.00		0	0.00		3	0.32		1	0.11		936	95.90		40	4.10		976	1.22
Waverley		37	2.18		3	0.18		3	0.18		1	0.06		15	0.88		1	0.06		175	10.32		18	1.06		5	0.29		501	29.54		3	0.18		0	0.00		4	0.24		0	0.00		0	0.00		3	0.18		678	39.98		5	0.29		2	0.12		233	13.74		1	0.06		3	0.18		3	0.18		2	0.12		1696	96.64		59	3.36		1755	2.19
Waverley College		22	1.92		3	0.26		3	0.26		0	0.00		8	0.70		3	0.26		140	12.22		11	0.96		3	0.26		304	26.53		4	0.35		0	0.00		1	0.09		0	0.00		2	0.17		1	0.09		497	43.37		3	0.26		1	0.09		137	11.95		1	0.09		0	0.00		1	0.09		1	0.09		1146	95.82		50	4.18		1196	1.50
Woollahra		18	1.03		3	0.17		2	0.11		0	0.00		10	0.57		11	0.63		168	9.57		13	0.74		4	0.23		318	18.11		2	0.11		0	0.00		10	0.57		0	0.00		4	0.23		2	0.11		969	55.18		5	0.28		8	0.46		205	11.67		0	0.00		0	0.00		4	0.23		0	0.00		1756	97.56		44	2.44		1800	2.25
Woollahra East		21	1.84		8	0.70		3	0.26		0	0.00		2	0.18		1	0.09		113	9.89		7	0.61		2	0.18		242	21.19		4	0.35		0	0.00		2	0.18		0	0.00		0	0.00		1	0.09		614	53.77		3	0.26		0	0.00		114	9.98		1	0.09		0	0.00		3	0.26		1	0.09		1142	97.86		25	2.14		1167	1.46
Special Hospitals		2	0.88		2	0.88		0	0.00		0	0.00		3	1.32		0	0.00		4	1.75		1	0.44		1	0.44		87	38.16		0	0.00		0	0.00		0	0.00		0	0.00		1	0.44		0	0.00		123	53.95		1	0.44		0	0.00		2	0.88		0	0.00		1	0.44		0	0.00		0	0.00		228	96.20		9	3.80		237	0.30
Total Ordinary		987	1.66		312	0.53		260	0.44		15	0.03		449	0.76		146	0.25		5336	8.98		484	0.81		104	0.18		14387	24.21		137	0.23		24	0.04		144	0.24		13	0.02		44	0.07		83	0.14		29998	50.48		214	0.36		101	0.17		6019	10.13		15	0.03		9	0.02		116	0.20		30	0.05		59427	96.25		2318	3.75		61745	77.21
ABSENT		98	1.57		37	0.59		13	0.21		3	0.05		84	1.35		19	0.30		703	11.27		88	1.41		6	0.10		1606	25.75		25	0.40		1	0.02		30	0.48		2	0.03		4	0.06		9	0.14		2633	42.21		21	0.34		11	0.18		829	13.29		2	0.03		2	0.03		10	0.16		2	0.03		6238	98.42		100	1.58		6338	7.93
POSTAL		68	1.75		20	0.51		14	0.36		0	0.00		16	0.41		6	0.15		292	7.51		15	0.39		4	0.10		759	19.51		10	0.26		0	0.00		12	0.31		0	0.00		1	0.03		2	0.05		2482	63.80		19	0.49		3	0.08		149	3.83		1	0.03		0	0.00		16	0.41		1	0.03		3890	98.58		56	1.42		3946	4.93
PRE_POLL		116	1.70		34	0.50		34	0.50		3	0.04		65	0.96		8	0.12		665	9.77		44	0.65		18	0.26		1708	25.10		17	0.25		0	0.00		16	0.24		0	0.00		4	0.06		4	0.06		3424	50.32		22	0.32		15	0.22		589	8.66		3	0.04		3	0.04		13	0.19		0	0.00		6805	97.94		143	2.06		6948	8.69
PROVISIONAL		8	0.84		2	0.21		6	0.63		0	0.00		8	0.84		3	0.31		105	10.99		16	1.68		3	0.31		244	25.55		5	0.52		1	0.10		2	0.21		0	0.00		1	0.10		0	0.00		412	43.14		13	1.36		1	0.10		123	12.88		0	0.00		0	0.00		2	0.21		0	0.00		955	96.17		38	3.83		993	1.24
Division Summary		1277	1.65		405	0.52		327	0.42		21	0.03		622	0.8		182	0.24		7101	9.18		647	0.84		135	0.17		18704	24.19		194	0.25		26	0.03		204	0.26		15	0.02		54	0.07		98	0.13		38949	50.38		289	0.37		131	0.17		7709	9.97		21	0.03		14	0.02		157	0.2		33	0.04		77315	96.68		2655	3.32		79970	92.5
