Senate - 1998 Election															
First Preference Votes by Candidate															
By Vote Type by State															


New South Wales															
Enrolment 4076081															

				Ordinary		Absent		Provisional		Pre Poll		Postal		Total	
Candidates			Party	Votes	%	Votes	%	Votes	%	Votes	%	Votes	%	Votes	%
A		TICKET VOTES	FST	23564	0.79	1713	0.59	503	1.09	1350	0.51	500	0.31	27630	0.74
		"SHEN, Victor"	FST	1540	0.05	133	0.05	44	0.1	108	0.04	70	0.04	1895	0.05
		"WILLSON, Greg"	FST	107	0	10	0	3	0.01	8	0	7	0	135	0
		Group Total	FST	25211	0.84	1856	0.64	550	1.19	1466	0.55	577	0.35	29660	0.79
B		TICKET VOTES	NAN	3429	0.11	364	0.12	70	0.15	249	0.09	202	0.12	4314	0.11
		"NASH, Chris"	NAN	475	0.02	63	0.02	3	0.01	46	0.02	49	0.03	636	0.02
		"WADDELL, Jane"	NAN	66	0	6	0	3	0.01	3	0	7	0	85	0
		Group Total	NAN	3970	0.13	433	0.15	76	0.17	298	0.11	258	0.16	5035	0.13
C		TICKET VOTES	NDP	4289	0.14	713	0.24	172	0.37	499	0.19	213	0.13	5886	0.16
		"DENBOROUGH, Michael"	NDP	376	0.01	58	0.02	3	0.01	57	0.02	25	0.02	519	0.01
		"FRANCIS, Yvonne"	NDP	49	0	11	0	1	0	11	0	12	0.01	84	0
		Group Total	NDP	4714	0.16	782	0.27	176	0.38	567	0.21	250	0.15	6489	0.17
D		TICKET VOTES		1004	0.03	93	0.03	20	0.04	106	0.04	50	0.03	1273	0.03
		"GALLAGHER, Mick"		308	0.01	26	0.01	1	0	37	0.01	25	0.02	397	0.01
		"MAWSON, John A"		17	0	1	0	0	0	0	0	2	0	20	0
		Group Total		1329	0.04	120	0.04	21	0.05	143	0.05	77	0.05	1690	0.04
E		TICKET VOTES	NLP	3389	0.11	368	0.13	96	0.21	303	0.11	90	0.06	4246	0.11
		"NOLAN, Richard"	NLP	241	0.01	30	0.01	5	0.01	27	0.01	15	0.01	318	0.01
		"SEYMOUR, Bev"	NLP	31	0	2	0	1	0	2	0	2	0	38	0
		Group Total	NLP	3661	0.12	400	0.14	102	0.22	332	0.13	107	0.07	4602	0.12
F		TICKET VOTES	ACS	3968	0.13	558	0.19	134	0.29	366	0.14	183	0.11	5209	0.14
		"ABOLISH CHILD SUPPORT AND FAMILY COURT, Justice"	ACS	405	0.01	49	0.02	15	0.03	45	0.02	47	0.03	561	0.01
		"MEZINEC, Richard"	ACS	28	0	5	0	0	0	3	0	4	0	40	0
		Group Total	ACS	4401	0.15	612	0.21	149	0.32	414	0.16	234	0.14	5810	0.15
G		TICKET VOTES		3910	0.13	431	0.15	65	0.14	208	0.08	164	0.1	4778	0.13
		"LEES, Malcolm"		707	0.02	126	0.04	18	0.04	46	0.02	40	0.02	937	0.02
		"RANKIN, Warwick"		17	0	6	0	1	0	5	0	1	0	30	0
		Group Total		4634	0.15	563	0.19	84	0.18	259	0.1	205	0.13	5745	0.15
H		TICKET VOTES	ALP	1155171	38.62	102814	35.28	22289	48.42	91125	34.43	52988	32.57	1424387	37.93
	#	"HUTCHINS, Steve"	ALP	16535	0.55	1873	0.64	242	0.53	1824	0.69	1370	0.84	21844	0.58
	#	"FAULKNER, John"	ALP	2128	0.07	271	0.09	30	0.07	232	0.09	253	0.16	2914	0.08
	#	"FORSHAW, Michael"	ALP	659	0.02	92	0.03	4	0.01	61	0.02	48	0.03	864	0.02
		"STEPHENS, Ursula"	ALP	1802	0.06	283	0.1	20	0.04	236	0.09	210	0.13	2551	0.07
		Group Total	ALP	1176295	39.33	105333	36.15	22585	49.07	93478	35.32	54869	33.72	1452560	38.68
I		TICKET VOTES	CEC	3583	0.12	245	0.08	75	0.16	250	0.09	74	0.05	4227	0.11
		"BUTLER, Robert H"	CEC	109	0	8	0	2	0	11	0	9	0.01	139	0
		"COLLINS, Glenys"	CEC	11	0	1	0	0	0	1	0	4	0	17	0
		"COSGROVE, Lindsay David"	CEC	17	0	1	0	0	0	0	0	2	0	20	0
		Group Total	CEC	3720	0.12	255	0.09	77	0.17	262	0.1	89	0.05	4403	0.12
J		TICKET VOTES		2254	0.08	100	0.03	24	0.05	115	0.04	77	0.05	2570	0.07
		"MOULDFIELD, David"		58	0	6	0	0	0	5	0	7	0	76	0
		"HANDSOME HANDPUPPET, Paul-Ian"		97	0	12	0	1	0	19	0.01	11	0.01	140	0
		Group Total		2409	0.08	118	0.04	25	0.05	139	0.05	95	0.06	2786	0.07
K		TICKET VOTES	HAN	272918	9.12	24145	8.29	4145	9.01	23970	9.06	14685	9.03	339863	9.05
		"OLDFIELD, David"	HAN	15349	0.51	1251	0.43	141	0.31	1468	0.55	1582	0.97	19791	0.53
		"BURSTON, Brian"	HAN	451	0.02	34	0.01	5	0.01	27	0.01	53	0.03	570	0.02
		"O'REGAN, Bevan"	HAN	565	0.02	68	0.02	3	0.01	62	0.02	87	0.05	785	0.02
		Group Total	HAN	289283	9.67	25498	8.75	4294	9.33	25527	9.64	16407	10.08	361009	9.61
L		TICKET VOTES	LNP	1062301	35.52	107838	37	11944	25.95	102282	38.65	65413	40.2	1349778	35.94
	#	"HEFFERNAN, Bill"	LP	16295	0.54	1842	0.63	139	0.3	1762	0.67	1762	1.08	21800	0.58
	#	"TIERNEY, John"	LP	1002	0.03	150	0.05	14	0.03	152	0.06	123	0.08	1441	0.04
		"MACDONALD, Sandy"	NP	1148	0.04	156	0.05	11	0.02	171	0.06	203	0.12	1689	0.04
		"FIERRAVANTI-WELLS, Concetta"	LP	605	0.02	79	0.03	6	0.01	81	0.03	84	0.05	855	0.02
		Group Total	LNP	1081351	36.15	110065	37.77	12114	26.32	104448	39.46	67585	41.54	1375563	36.63
M		TICKET VOTES	DEM	190159	6.36	21784	7.48	2078	4.51	17115	6.47	10403	6.39	241539	6.43
	#	"RIDGEWAY, Aden"	DEM	24048	0.8	2739	0.94	160	0.35	2305	0.87	1690	1.04	30942	0.82
		"BAIRD, Matthew"	DEM	337	0.01	44	0.02	7	0.02	35	0.01	34	0.02	457	0.01
		"REDDY, Suzanne"	DEM	1547	0.05	222	0.08	13	0.03	198	0.07	183	0.11	2163	0.06
		"MENDELSSOHN, David"	DEM	570	0.02	94	0.03	5	0.01	78	0.03	62	0.04	809	0.02
		Group Total	DEM	216661	7.24	24883	8.54	2263	4.92	19731	7.46	12372	7.6	275910	7.35
N		TICKET VOTES	DSL	6144	0.21	618	0.21	109	0.24	503	0.19	189	0.12	7563	0.2
		"CARMAN, Marina"	DSL	445	0.01	69	0.02	11	0.02	70	0.03	23	0.01	618	0.02
		"BOYLE, Peter"	DSL	29	0	4	0	2	0	3	0	2	0	40	0
		Group Total	DSL	6618	0.22	691	0.24	122	0.27	576	0.22	214	0.13	8221	0.22
O		TICKET VOTES	RAR	5288	0.18	840	0.29	166	0.36	625	0.24	579	0.36	7498	0.2
		"SMITH, Rodney"	RARI	371	0.01	41	0.01	4	0.01	38	0.01	40	0.02	494	0.01
		"WOODGER, Edwin"	RARI	20	0	0	0	1	0	3	0	3	0	27	0
		Group Total	RAR	5679	0.19	881	0.3	171	0.37	666	0.25	622	0.38	8019	0.21
P		TICKET VOTES		514	0.02	45	0.02	10	0.02	71	0.03	6	0	646	0.02
		"POULOS, Patricia"		40	0	6	0	0	0	3	0	2	0	51	0
		"HOLLEY, John"		8	0	2	0	0	0	0	0	1	0	11	0
		Group Total		562	0.02	53	0.02	10	0.02	74	0.03	9	0.01	708	0.02
Q		TICKET VOTES	SEP	1209	0.04	190	0.07	40	0.09	154	0.06	46	0.03	1639	0.04
		"BEAMS, Nick"	SEP	122	0	14	0	3	0.01	8	0	8	0	155	0
		"DIVJAK, Carol"	SEP	11	0	1	0	0	0	1	0	1	0	14	0
		Group Total	SEP	1342	0.04	205	0.07	43	0.09	163	0.06	55	0.03	1808	0.05
R		TICKET VOTES		332	0.01	21	0.01	7	0.02	25	0.01	3	0	388	0.01
		"SCHOLLBACH, Robert F"		16	0	0	0	0	0	0	0	1	0	17	0
		"STIRLING, Amanda Jane"		8	0	0	0	0	0	0	0	2	0	10	0
		Group Total		356	0.01	21	0.01	7	0.02	25	0.01	6	0	415	0.01
S		TICKET VOTES		384	0.01	59	0.02	7	0.02	27	0.01	12	0.01	489	0.01
		"MELVILLE, Graeme"		198	0.01	20	0.01	0	0	17	0.01	11	0.01	246	0.01
		"BROADBRIDGE, Philip"		55	0	4	0	0	0	6	0	8	0	73	0
		Group Total		637	0.02	83	0.03	7	0.02	50	0.02	31	0.02	808	0.02
T		TICKET VOTES	CTA	38379	1.28	4456	1.53	519	1.13	4219	1.59	3108	1.91	50681	1.35
		"McLENNAN, Graham Clarke"	CTA	5265	0.18	649	0.22	26	0.06	545	0.21	532	0.33	7017	0.19
		"PETERSON, Janne"	CTA	117	0	8	0	2	0	7	0	14	0.01	148	0
		"ALLANSON, Tom"	CTA	42	0	9	0	0	0	11	0	9	0.01	71	0
		"MORGAN, Rex L"	CTA	33	0	8	0	1	0	1	0	2	0	45	0
		"McLENNAN, Michael Stewart"	CTA	84	0	13	0	1	0	12	0	7	0	117	0
		Group Total	CTA	43920	1.47	5143	1.76	549	1.19	4795	1.81	3672	2.26	58079	1.55
U		TICKET VOTES	GRN	52237	1.75	8480	2.91	1468	3.19	5958	2.25	2409	1.48	70552	1.88
		"SUTTON, John"	GRN	7094	0.24	1044	0.36	87	0.19	804	0.3	492	0.3	9521	0.25
		"MOORE, Catherine"	GRN	529	0.02	86	0.03	7	0.02	76	0.03	50	0.03	748	0.02
		"RHIANNON, Lee"	GRN	169	0.01	30	0.01	4	0.01	29	0.01	17	0.01	249	0.01
		"RUSSELL, Susie"	GRN	380	0.01	65	0.02	4	0.01	60	0.02	33	0.02	542	0.01
		Group Total	GRN	60409	2.02	9705	3.33	1570	3.41	6927	2.62	3001	1.84	81612	2.17
V		TICKET VOTES		48508	1.62	3071	1.05	958	2.08	3790	1.43	1528	0.94	57855	1.54
		"LI, Jason Yat-Sen"	UNI	2678	0.09	313	0.11	27	0.06	295	0.11	232	0.14	3545	0.09
		"STOCKREITER, Sonja"	UNI	48	0	7	0	0	0	8	0	3	0	66	0
		"McGUID, Sam"	UNI	8	0	0	0	0	0	1	0	0	0	9	0
		"GINGES, Kieran Daniel"	UNI	47	0	5	0	0	0	7	0	6	0	65	0
		"HASSAPIS, Nicholas Victor"	UNI	51	0	6	0	3	0.01	4	0	3	0	67	0
		Group Total		51340	1.72	3402	1.17	988	2.15	4105	1.55	1772	1.09	61607	1.64
UNGROUPED															
		"YAGLIPINAR, Mehmet"	IND	219	0.01	16	0.01	4	0.01	9	0	8	0	256	0.01
		"SARKS, Paul Anthony"	IND	139	0	10	0	1	0	10	0	5	0	165	0
		"VAUGHAN, Adrian"	IND	50	0	6	0	0	0	10	0	6	0	72	0
		"PANTSDOWN, Pauline"	IND	1694	0.06	239	0.08	36	0.08	162	0.06	164	0.1	2295	0.06
		"KUMAR, Tom"	IND	26	0	3	0	1	0	3	0	2	0	35	0
		"ROSS, Richard"	IND	100	0	19	0.01	0	0	7	0	7	0	133	0
		"JOSEPH, Stani R"	IND	43	0	2	0	0	0	7	0	2	0	54	0
		"PARSLOW, Party"	IND	42	0	8	0	1	0	6	0	2	0	59	0
		"POULSEN, Ron"		88	0	12	0	2	0	7	0	8	0	117	0
		Ungrouped Total		2401	0.08	315	0.11	45	0.1	221	0.08	204	0.13	3186	0.08
			FORMAL	2990903	96.26	291417	98.16	46028	96.68	264666	98.54	162711	99.16	3755725	96.69
			INFORMAL	116225	3.74	5476	1.84	1580	3.32	3933	1.46	1382	0.84	128596	3.31
			TOTAL	3107128	79.99	296893	7.64	47608	1.23	268599	6.91	164093	4.22	3884321	95.3



Victoria															
Enrolment 3081632															

				Ordinary		Absent		Provisional		Pre Poll		Postal		Total	
Candidates			Party	Votes	%	Votes	%	Votes	%	Votes	%	Votes	%	Votes	%
A		TICKET VOTES	ABR	7387	0.31	324	0.2	149	0.51	285	0.18	125	0.11	8270	0.29
		"BULLMORE, Eric"	ABR	845	0.04	53	0.03	13	0.04	40	0.03	37	0.03	988	0.03
		"SYDENHAM, David"	ABR	46	0	3	0	2	0.01	4	0	1	0	56	0
		Group Total	ABR	8278	0.35	380	0.24	164	0.56	329	0.21	163	0.14	9314	0.33
B		TICKET VOTES		1679	0.07	111	0.07	35	0.12	101	0.07	61	0.05	1987	0.07
		"TOSCANO, Joe"		149	0.01	15	0.01	1	0	13	0.01	8	0.01	186	0.01
		"ROPER, Steve"		22	0	5	0	1	0	3	0	1	0	32	0
		Group Total		1850	0.08	131	0.08	37	0.13	117	0.08	70	0.06	2205	0.08
C		TICKET VOTES	DEM	215907	9.07	16810	10.44	1803	6.17	11923	7.69	8305	7.02	254748	8.96
		"DOWNEY, Jim"	DEM	18275	0.77	1430	0.89	116	0.4	1083	0.7	841	0.71	21745	0.76
		"TOWNSEND, Matthew"	DEM	231	0.01	29	0.02	1	0	20	0.01	16	0.01	297	0.01
		"SAUNDERS, Ken"	DEM	482	0.02	49	0.03	3	0.01	33	0.02	22	0.02	589	0.02
		"HARCOURT, Alison"	DEM	1824	0.08	249	0.15	11	0.04	170	0.11	173	0.15	2427	0.09
		Group Total	DEM	236719	9.95	18567	11.53	1934	6.62	13229	8.53	9357	7.9	279806	9.84
D		TICKET VOTES		15484	0.65	1114	0.69	326	1.12	1350	0.87	766	0.65	19040	0.67
		"COPE, Bill"	UNI	788	0.03	68	0.04	10	0.03	86	0.06	71	0.06	1023	0.04
		"NGUYEN, Phong"	UNI	135	0.01	9	0.01	2	0.01	10	0.01	12	0.01	168	0.01
		"LEE, Wellington"	UNI	104	0	9	0.01	1	0	14	0.01	10	0.01	138	0
		"SWART, Ricci"	UNI	25	0	1	0	1	0	8	0.01	5	0	40	0
		"ROSE, Markham"	UNI	14	0	2	0	1	0	0	0	1	0	18	0
		"CEROLINI, Vivien"	UNI	10	0	0	0	0	0	2	0	6	0.01	18	0
		"IMAM, Naji"	UNI	32	0	1	0	0	0	2	0	4	0	39	0
		"KALANTZIS, Mary"	UNI	86	0	8	0	1	0	9	0.01	15	0.01	119	0
		Group Total		16678	0.7	1212	0.75	342	1.17	1481	0.96	890	0.75	20603	0.72
E		TICKET VOTES	GRN	46089	1.94	5768	3.58	974	3.33	3871	2.5	1949	1.65	58651	2.06
		"CLARKE, Charmaine"	GRN	9437	0.4	990	0.61	89	0.3	685	0.44	436	0.37	11637	0.41
		"RISSTROM, David"	GRN	155	0.01	22	0.01	1	0	15	0.01	15	0.01	208	0.01
		"CONOR, Liz"	GRN	276	0.01	33	0.02	3	0.01	28	0.02	36	0.03	376	0.01
		Group Total	GRN	55957	2.35	6813	4.23	1067	3.65	4599	2.97	2436	2.06	70872	2.49
F		TICKET VOTES	SEP	1020	0.04	98	0.06	19	0.06	64	0.04	29	0.02	1230	0.04
		"PHILLIPS, Sue"	SEP	104	0	17	0.01	3	0.01	7	0	7	0.01	138	0
		"MARSHALL, Will"	SEP	20	0	2	0	0	0	1	0	1	0	24	0
		Group Total	SEP	1144	0.05	117	0.07	22	0.08	72	0.05	37	0.03	1392	0.05
G		TICKET VOTES	NDP	2262	0.1	285	0.18	75	0.26	219	0.14	128	0.11	2969	0.1
		"SMITH, Gareth"	NDP	153	0.01	14	0.01	2	0.01	17	0.01	14	0.01	200	0.01
		"GRECH, Jacob"	NDP	20	0	3	0	0	0	0	0	4	0	27	0
		Group Total	NDP	2435	0.1	302	0.19	77	0.26	236	0.15	146	0.12	3196	0.11
H		TICKET VOTES	ARP	3923	0.16	223	0.14	48	0.16	326	0.21	201	0.17	4721	0.17
		"MATHIESON, Ray"	ARP	248	0.01	10	0.01	2	0.01	20	0.01	24	0.02	304	0.01
		"DRANE, Ted"	ARP	146	0.01	3	0	0	0	11	0.01	18	0.02	178	0.01
		Group Total	ARP	4317	0.18	236	0.15	50	0.17	357	0.23	243	0.21	5203	0.18
I		TICKET VOTES	AWP	7277	0.31	672	0.42	134	0.46	652	0.42	474	0.4	9209	0.32
		"NICHOLSON, Deb"	AWP	353	0.01	33	0.02	5	0.02	38	0.02	35	0.03	464	0.02
		"O'BRIEN, Pat"	AWP	27	0	1	0	0	0	5	0	6	0.01	39	0
		Group Total	AWP	7657	0.32	706	0.44	139	0.48	695	0.45	515	0.44	9712	0.34
J		TICKET VOTES	DLP	23566	0.99	1968	1.22	488	1.67	1775	1.14	933	0.79	28730	1.01
		"MULHOLLAND, John"	DLP	917	0.04	78	0.05	8	0.03	42	0.03	62	0.05	1107	0.04
		"CREA, Pat"	DLP	46	0	7	0	0	0	0	0	3	0	56	0
		Group Total	DLP	24529	1.03	2053	1.27	496	1.7	1817	1.17	998	0.84	29893	1.05
K		TICKET VOTES	ALP	966411	40.62	58631	36.4	14215	48.62	55372	35.71	40375	34.1	1135004	39.92
	#	"CONROY, Stephen"	ALP	11117	0.47	898	0.56	122	0.42	869	0.56	914	0.77	13920	0.49
	#	"CARR, Kim"	ALP	1108	0.05	111	0.07	25	0.09	95	0.06	113	0.1	1452	0.05
	#	"COLLINS, Jacinta"	ALP	1060	0.04	130	0.08	5	0.02	105	0.07	99	0.08	1399	0.05
		"BOYLE, Wendy"	ALP	1011	0.04	91	0.06	14	0.05	97	0.06	112	0.09	1325	0.05
		Group Total	ALP	980707	41.22	59861	37.16	14381	49.19	56538	36.46	41613	35.15	1153100	40.56
L		TICKET VOTES	LNP	878579	36.92	60321	37.45	8406	28.75	62940	40.59	51560	43.55	1061806	37.35
	#	"TROETH, Judith"	LP	9328	0.39	775	0.48	98	0.34	730	0.47	817	0.69	11748	0.41
	#	"McGAURAN, Julian John"	NP	922	0.04	81	0.05	4	0.01	89	0.06	155	0.13	1251	0.04
	#	"TCHEN, Tsebin"	LP	424	0.02	25	0.02	5	0.02	29	0.02	28	0.02	511	0.02
		"SYNON, Karen"	LP	362	0.02	54	0.03	4	0.01	33	0.02	59	0.05	512	0.02
		"DE MARCHI, Dino"	LP	127	0.01	16	0.01	2	0.01	8	0.01	17	0.01	170	0.01
		"MACGOWAN, Anna"	LP	608	0.03	80	0.05	7	0.02	70	0.05	81	0.07	846	0.03
		Group Total	LNP	890350	37.42	61352	38.09	8526	29.16	63899	41.21	52717	44.53	1076844	37.87
M		TICKET VOTES	FCP	2206	0.09	217	0.13	57	0.19	178	0.11	142	0.12	2800	0.1
		"HAIDAR, Abboud"	ACS	210	0.01	16	0.01	3	0.01	12	0.01	13	0.01	254	0.01
		"ABBOTTO, John Murray"	FLR	27	0	5	0	1	0	2	0	5	0	40	0
		Group Total	FCP	2443	0.1	238	0.15	61	0.21	192	0.12	160	0.14	3094	0.11
N		TICKET VOTES	CTA	9152	0.38	775	0.48	75	0.26	851	0.55	740	0.63	11593	0.41
		"GRAHAM, Murray"	CTA	1791	0.08	132	0.08	11	0.04	126	0.08	132	0.11	2192	0.08
		"COOK, Ken"	CTA	69	0	6	0	1	0	6	0	14	0.01	96	0
		Group Total	CTA	11012	0.46	913	0.57	87	0.3	983	0.63	886	0.75	13881	0.49
O		TICKET VOTES	FST	4569	0.19	269	0.17	76	0.26	399	0.26	274	0.23	5587	0.2
		"McCORMACK, Denis"	FST	381	0.02	37	0.02	2	0.01	28	0.02	30	0.03	478	0.02
		"GODFREY, Colin V"	FST	10	0	2	0	0	0	2	0	2	0	16	0
		Group Total	FST	4960	0.21	308	0.19	78	0.27	429	0.28	306	0.26	6081	0.21
P		TICKET VOTES	HAN	89810	3.77	4966	3.08	1158	3.96	6969	4.49	5281	4.46	108184	3.81
		"SPENCER, Robyn Marion"	HAN	6748	0.28	377	0.23	61	0.21	491	0.32	698	0.59	8375	0.29
		"BUCKLEY, Ben"	HAN	370	0.02	25	0.02	3	0.01	33	0.02	58	0.05	489	0.02
		Group Total	HAN	96928	4.07	5368	3.33	1222	4.18	7493	4.83	6037	5.1	117048	4.12
Q		TICKET VOTES	NLP	1767	0.07	215	0.13	34	0.12	159	0.1	100	0.08	2275	0.08
		"RIGBY, Byron"	NLP	232	0.01	23	0.01	3	0.01	18	0.01	16	0.01	292	0.01
		"SCHLAGER, Raymond"	NLP	4	0	1	0	0	0	0	0	0	0	5	0
		"SCURFIELD, Lorna"	NLP	30	0	1	0	0	0	2	0	2	0	35	0
		Group Total	NLP	2033	0.09	240	0.15	37	0.13	179	0.12	118	0.1	2607	0.09
R		TICKET VOTES	ASP	26829	1.13	1868	1.16	456	1.56	2063	1.33	1383	1.17	32599	1.15
		"EAMES, Graham"	ASP	1324	0.06	100	0.06	15	0.05	110	0.07	139	0.12	1688	0.06
		"SAYERS, Neville"	ASP	42	0	2	0	0	0	4	0	16	0.01	64	0
		"HUTCHISON, Alan"	ASP	23	0	2	0	0	0	1	0	3	0	29	0
		"FORBES, Graeme"	ASP	37	0	3	0	1	0	6	0	7	0.01	54	0
		Group Total	ASP	28255	1.19	1975	1.23	472	1.61	2184	1.41	1548	1.31	34434	1.21
S		TICKET VOTES	DSL	1695	0.07	165	0.1	19	0.06	119	0.08	41	0.03	2039	0.07
		"WILLIAMS, Jo"	DSL	179	0.01	23	0.01	2	0.01	15	0.01	6	0.01	225	0.01
		"HEARMAN, Vannessa"	DSL	21	0	3	0	1	0	1	0	4	0	30	0
		Group Total	DSL	1895	0.08	191	0.12	22	0.08	135	0.09	51	0.04	2294	0.08
T		TICKET VOTES	CEC	601	0.03	37	0.02	15	0.05	52	0.03	39	0.03	744	0.03
		"ISHERWOOD, Craig W"	CEC	55	0	7	0	0	0	4	0	5	0	71	0
		"BARWICK, Robert"	CEC	5	0	1	0	0	0	0	0	0	0	6	0
		Group Total	CEC	661	0.03	45	0.03	15	0.05	56	0.04	44	0.04	821	0.03
UNGROUPED															
		"MURGATROYD, Cecil G"		308	0.01	35	0.02	2	0.01	28	0.02	16	0.01	389	0.01
		"PECH, M H"	IND	56	0	4	0	0	0	2	0	5	0	67	0
		"SMITH, Graham"	IND	60	0	5	0	1	0	5	0	11	0.01	82	0
		"HEFFRON, David"	IND	42	0	6	0	1	0	2	0	3	0	54	0
		"McCLURE, Malcolm"	IND	129	0.01	13	0.01	2	0.01	9	0.01	15	0.01	168	0.01
		Ungrouped Total		595	0.03	63	0.04	6	0.02	46	0.03	50	0.04	760	0.03
			FORMAL	2379403	95.85	161071	97.95	29235	95.89	155066	98.27	118385	98.87	2843160	96.22
			INFORMAL	102990	4.15	3370	2.05	1252	4.11	2727	1.73	1347	1.13	111686	3.78
			TOTAL	2482393	84.01	164441	5.57	30487	1.03	157793	5.34	119732	4.05	2954846	95.89



Queensland															
Enrolment 2188024															

The results in this table reflect the result of the count before the Court of Disputed Returns found Ms Hill ineligible to stand.															
For further information on this issue refer to the Table Notes 'Note on the Queensland Senate election – 1998’															


				Ordinary		Absent		Provisional		Pre Poll		Postal		Total	
Candidates			Party	Votes	%	Votes	%	Votes	%	Votes	%	Votes	%	Votes	%
A		TICKET VOTES	QF	9260	0.56	538	0.38	96	0.72	386	0.38	311	0.34	10591	0.53
		"COLSTON, David Andrew"	QF	786	0.05	52	0.04	12	0.09	22	0.02	32	0.04	904	0.05
		"COLSTON, Dawn Patricia"	QF	49	0	1	0	2	0.01	2	0	5	0.01	59	0
		Group Total	QF	10095	0.61	591	0.42	110	0.82	410	0.4	348	0.38	11554	0.58
B		TICKET VOTES		597	0.04	44	0.03	5	0.04	22	0.02	22	0.02	690	0.03
		"LINSLEY, Jan"		161	0.01	13	0.01	1	0.01	5	0	20	0.02	200	0.01
		"MEREDITH, Percy"		46	0	1	0	0	0	2	0	2	0	51	0
		Group Total		804	0.05	58	0.04	6	0.04	29	0.03	44	0.05	941	0.05
C		TICKET VOTES		489	0.03	43	0.03	8	0.06	30	0.03	19	0.02	589	0.03
		"PAYNE, Noel Andrew"		68	0	2	0	0	0	5	0	0	0	75	0
		"PAVIER, Jim"		18	0	1	0	0	0	1	0	1	0	21	0
		Group Total		575	0.03	46	0.03	8	0.06	36	0.04	20	0.02	685	0.03
D		TICKET VOTES		6911	0.42	769	0.55	113	0.84	564	0.55	275	0.3	8632	0.43
		"FONG, Harry"	UNI	595	0.04	59	0.04	6	0.04	69	0.07	52	0.06	781	0.04
		"TOOGOOD, Chris"	UNI	51	0	10	0.01	0	0	7	0.01	6	0.01	74	0
		Group Total		7557	0.46	838	0.6	119	0.89	640	0.63	333	0.36	9487	0.47
E		TICKET VOTES	NP	150496	9.08	10640	7.58	783	5.84	7684	7.55	12990	14.21	182593	9.11
		"O'CHEE, Bill"	NP	5666	0.34	541	0.39	23	0.17	349	0.34	939	1.03	7518	0.38
		"BRADLEY, Thomas Joseph"	NP	199	0.01	17	0.01	1	0.01	20	0.02	21	0.02	258	0.01
		"COBB, Teresa M."	NP	173	0.01	20	0.01	1	0.01	16	0.02	83	0.09	293	0.01
		Group Total	NP	156534	9.45	11218	7.99	808	6.03	8069	7.93	14033	15.35	190662	9.52
F		TICKET VOTES	FST	3755	0.23	361	0.26	44	0.33	192	0.19	160	0.18	4512	0.23
		"NAGLE, Eric"	FST	285	0.02	36	0.03	1	0.01	10	0.01	25	0.03	357	0.02
		"DUKE, Klaus"	FST	21	0	4	0	0	0	1	0	2	0	28	0
		Group Total	FST	4061	0.25	401	0.29	45	0.34	203	0.2	187	0.2	4897	0.24
G		TICKET VOTES	CTA	20971	1.27	2018	1.44	159	1.19	1277	1.25	981	1.07	25406	1.27
		"BRADFORD, John"	CTA	2629	0.16	215	0.15	12	0.09	168	0.17	174	0.19	3198	0.16
		"BLACKMAN, Kerry"	CTA	103	0.01	13	0.01	1	0.01	6	0.01	2	0	125	0.01
		"MacKENZIE, Judy"	CTA	77	0	8	0.01	0	0	6	0.01	6	0.01	97	0
		Group Total	CTA	23780	1.44	2254	1.61	172	1.28	1457	1.43	1163	1.27	28826	1.44
H		TICKET VOTES	FLR	1768	0.11	189	0.13	22	0.16	131	0.13	56	0.06	2166	0.11
		"WEEDON, Barry Francis"	FLR	116	0.01	17	0.01	0	0	5	0	7	0.01	145	0.01
		"SOMERS, Robyn Ellen"	FLR	10	0	2	0	0	0	1	0	2	0	15	0
		Group Total	FLR	1894	0.11	208	0.15	22	0.16	137	0.13	65	0.07	2326	0.12
I		TICKET VOTES	HAN	232634	14.04	18411	13.12	1972	14.71	13134	12.9	12280	13.43	278431	13.9
	#	"HILL, Heather"	HAN	14112	0.85	1087	0.77	55	0.41	827	0.81	1391	1.52	17472	0.87
		"HARRIS, Len"	HAN	254	0.02	26	0.02	2	0.01	23	0.02	31	0.03	336	0.02
		"GORDON, Sue"	HAN	257	0.02	38	0.03	0	0	18	0.02	36	0.04	349	0.02
		"ANNING, David"	HAN	214	0.01	25	0.02	3	0.02	18	0.02	30	0.03	290	0.01
		"EVANS, Barry John"	HAN	287	0.02	23	0.02	3	0.02	18	0.02	36	0.04	367	0.02
		Group Total	HAN	247758	14.95	19610	13.98	2035	15.18	14038	13.79	13804	15.1	297245	14.83
J		TICKET VOTES	CEC	1391	0.08	95	0.07	11	0.08	52	0.05	76	0.08	1625	0.08
		"HETHERINGTON, Maurice"	CEC	107	0.01	11	0.01	1	0.01	8	0.01	23	0.03	150	0.01
		"GILLHAM, Ray"	CEC	7	0	1	0	0	0	1	0	1	0	10	0
		Group Total	CEC	1505	0.09	107	0.08	12	0.09	61	0.06	100	0.11	1785	0.09
K		TICKET VOTES	OAP	6097	0.37	579	0.41	80	0.6	441	0.43	121	0.13	7318	0.37
		"ZOCCHI, Mario"	OAP	178	0.01	23	0.02	4	0.03	6	0.01	7	0.01	218	0.01
		"BUCKLEY, Ray"	OAP	30	0	2	0	0	0	4	0	0	0	36	0
		Group Total	OAP	6305	0.38	604	0.43	84	0.63	451	0.44	128	0.14	7572	0.38
L		TICKET VOTES	NLP	1314	0.08	176	0.13	27	0.2	114	0.11	44	0.05	1675	0.08
		"WILSON, Geoff"	NLP	64	0	10	0.01	1	0.01	7	0.01	8	0.01	90	0
		"McKENZIE, Dorothy"	NLP	12	0	5	0	0	0	0	0	0	0	17	0
		Group Total	NLP	1390	0.08	191	0.14	28	0.21	121	0.12	52	0.06	1782	0.09
M		TICKET VOTES	ARP	1461	0.09	117	0.08	26	0.19	97	0.1	69	0.08	1770	0.09
		"MOLONEY, Brenda Mary"	ARP	123	0.01	14	0.01	0	0	8	0.01	5	0.01	150	0.01
		"FLEMING, Terry"	ARP	78	0	4	0	0	0	4	0	5	0.01	91	0
		Group Total	ARP	1662	0.1	135	0.1	26	0.19	109	0.11	79	0.09	2011	0.1
N		TICKET VOTES	DEM	119385	7.21	10485	7.47	591	4.41	6511	6.4	4189	4.58	141161	7.04
	#	"WOODLEY, John"	DEM	11293	0.68	956	0.68	39	0.29	653	0.64	537	0.59	13478	0.67
		"CHERRY, John Clifford"	DEM	181	0.01	16	0.01	0	0	17	0.02	12	0.01	226	0.01
		"BATHURST, Megan Jane"	DEM	1217	0.07	158	0.11	4	0.03	99	0.1	108	0.12	1586	0.08
		Group Total	DEM	132076	7.97	11615	8.28	634	4.73	7280	7.15	4846	5.3	156451	7.81
O		TICKET VOTES	ACS	3819	0.23	286	0.2	76	0.57	174	0.17	174	0.19	4529	0.23
		"THE FAMILY COURT REFUSES MY DAUR, Bruce"	ACS	271	0.02	30	0.02	2	0.01	16	0.02	35	0.04	354	0.02
		"SOUTHALL, Steve"	ACS	13	0	2	0	1	0.01	1	0	5	0.01	22	0
		Group Total	ACS	4103	0.25	318	0.23	79	0.59	191	0.19	214	0.23	4905	0.24
P		TICKET VOTES	ALP	532986	32.17	43275	30.84	5331	39.78	30699	30.16	27383	29.95	639674	31.92
	#	"McLUCAS, Jan"	ALP	10856	0.66	1042	0.74	87	0.65	724	0.71	800	0.88	13509	0.67
	#	"LUDWIG, Joe"	ALP	542	0.03	55	0.04	14	0.1	43	0.04	55	0.06	709	0.04
		"PIASECKI, Jann"	ALP	556	0.03	65	0.05	3	0.02	46	0.05	61	0.07	731	0.04
		Group Total	ALP	544940	32.89	44437	31.67	5435	40.55	31512	30.96	28299	30.96	654623	32.67
Q		TICKET VOTES	LP	456521	27.55	40366	28.77	3058	22.82	32739	32.16	24766	27.09	557450	27.82
	#	"PARER, Warwick"	LP	8524	0.51	936	0.67	37	0.28	678	0.67	781	0.85	10956	0.55
	#	"MASON, Brett"	LP	357	0.02	47	0.03	1	0.01	27	0.03	33	0.04	465	0.02
		"MacGIBBON, David"	LP	558	0.03	70	0.05	1	0.01	48	0.05	78	0.09	755	0.04
		"KEMBER, Deborah"	LP	762	0.05	112	0.08	4	0.03	77	0.08	111	0.12	1066	0.05
		Group Total	LP	466722	28.17	41531	29.6	3101	23.14	33569	32.98	25769	28.19	570692	28.48
R		TICKET VOTES	AWP	6504	0.39	889	0.63	76	0.57	423	0.42	382	0.42	8274	0.41
		"KELLY, Mary"	AWP	629	0.04	62	0.04	1	0.01	50	0.05	40	0.04	782	0.04
		"HUGHEY, Jenny"	AWP	36	0	4	0	1	0.01	3	0	3	0	47	0
		Group Total	AWP	7169	0.43	955	0.68	78	0.58	476	0.47	425	0.46	9103	0.45
S		TICKET VOTES		512	0.03	53	0.04	9	0.07	19	0.02	13	0.01	606	0.03
		"JOHNSTON, Selwyn N. L."		43	0	4	0	0	0	1	0	2	0	50	0
		"JOHNSTON, Aaron M."		5	0	0	0	0	0	0	0	0	0	5	0
		Group Total		560	0.03	57	0.04	9	0.07	20	0.02	15	0.02	661	0.03
T		TICKET VOTES	DSL	3287	0.2	391	0.28	32	0.24	194	0.19	84	0.09	3988	0.2
		"GIANNIOTIS, Andy"	DSL	276	0.02	29	0.02	2	0.01	19	0.02	9	0.01	335	0.02
		"WYNTER, Coral"	DSL	52	0	8	0.01	2	0.01	6	0.01	3	0	71	0
		Group Total	DSL	3615	0.22	428	0.31	36	0.27	219	0.22	96	0.11	4394	0.22
U		TICKET VOTES	GRN	28855	1.74	4188	2.98	506	3.78	2398	2.36	1101	1.2	37048	1.85
		"HUTTON, Drew"	GRN	3835	0.23	420	0.3	37	0.28	290	0.28	211	0.23	4793	0.24
		"MAHONEY, Desiree"	GRN	216	0.01	25	0.02	2	0.01	20	0.02	15	0.02	278	0.01
		"GWIN, Chris"	GRN	110	0.01	14	0.01	4	0.03	8	0.01	9	0.01	145	0.01
		Group Total	GRN	33016	1.99	4647	3.31	549	4.1	2716	2.67	1336	1.46	42264	2.11
UNGROUPED															
		"MacNEVIN, Michelle J."	IND	390	0.02	33	0.02	4	0.03	23	0.02	34	0.04	484	0.02
		"SHARPLES, Terry"	IND	31	0	6	0	1	0.01	6	0.01	7	0.01	51	0
		"DALTON, Kenny"	IND	128	0.01	9	0.01	0	0	5	0	5	0.01	147	0.01
		"HODGETTS, Doug"	IND	15	0	3	0	1	0.01	0	0	2	0	21	0
		"PEACH, Bryan"	IND	106	0.01	15	0.01	0	0	10	0.01	10	0.01	141	0.01
		Ungrouped Total		670	0.04	66	0.05	6	0.04	44	0.04	58	0.06	844	0.04
			FORMAL	1656791	96.64	140315	98.43	13402	97.07	101788	98.77	91414	98.54	2003710	96.96
			INFORMAL	57594	3.36	2242	1.57	405	2.93	1266	1.23	1352	1.46	62859	3.04
			TOTAL	1714385	82.96	142557	6.9	13807	0.67	103054	4.99	92766	4.49	2066569	94.45



Western Australia															
Enrolment 1149619															

				Ordinary		Absent		Provisional		Pre Poll		Postal		Total	
Candidates			Party	Votes	%	Votes	%	Votes	%	Votes	%	Votes	%	Votes	%
A		TICKET VOTES	HAN	82867	9.28	7752	9.37	1162	11.15	4074	8.46	3221	10.88	99076	9.31
		"FISCHER, John"	HAN	8747	0.98	757	0.91	82	0.79	480	1	516	1.74	10582	0.99
		"TINCKNELL, Colin"	HAN	327	0.04	30	0.04	11	0.11	18	0.04	27	0.09	413	0.04
		"SUTER, Martin"	HAN	166	0.02	16	0.02	1	0.01	16	0.03	24	0.08	223	0.02
		Group Total	HAN	92107	10.31	8555	10.34	1256	12.05	4588	9.52	3788	12.8	110294	10.37
B		TICKET VOTES	ASP	2461	0.28	398	0.48	62	0.59	194	0.4	105	0.35	3220	0.3
		"MOTTERAM, Raymond William"	ASP	381	0.04	42	0.05	7	0.07	44	0.09	33	0.11	507	0.05
		"TAYLOR, Ken"	ASP	21	0	5	0.01	0	0	0	0	1	0	27	0
		Group Total	ASP	2863	0.32	445	0.54	69	0.66	238	0.49	139	0.47	3754	0.35
C		TICKET VOTES	NP	9939	1.11	1271	1.54	87	0.83	533	1.11	565	1.91	12395	1.16
		"MORGAN, Beryle"	NP	721	0.08	80	0.1	3	0.03	41	0.09	65	0.22	910	0.09
		"MASLEN, Dudley"	NP	88	0.01	16	0.02	0	0	4	0.01	16	0.05	124	0.01
		Group Total	NP	10748	1.2	1367	1.65	90	0.86	578	1.2	646	2.18	13429	1.26
D		TICKET VOTES	NLP	1536	0.17	163	0.2	36	0.35	108	0.22	43	0.15	1886	0.18
		"KAILIS, George"	NLP	182	0.02	31	0.04	3	0.03	15	0.03	4	0.01	235	0.02
		"D'CRUZ, Cathryn"	NLP	31	0	4	0	0	0	3	0.01	2	0.01	40	0
		Group Total	NLP	1749	0.2	198	0.24	39	0.37	126	0.26	49	0.17	2161	0.2
E		TICKET VOTES	LP	331712	37.14	31375	37.92	3077	29.52	19376	40.22	11876	40.12	397416	37.35
	#	"ELLISON, Christopher"	LP	6618	0.74	652	0.79	55	0.53	492	1.02	422	1.43	8239	0.77
	#	"CAMPBELL, Ian Gordon"	LP	679	0.08	85	0.1	3	0.03	58	0.12	55	0.19	880	0.08
	#	"KNOWLES, Sue"	LP	1464	0.16	197	0.24	8	0.08	113	0.23	129	0.44	1911	0.18
		"IVANKOVIC, Ivan"	LP	219	0.02	31	0.04	0	0	28	0.06	24	0.08	302	0.03
		Group Total	LP	340692	38.15	32340	39.08	3143	30.15	20067	41.65	12506	42.25	408748	38.41
F		TICKET VOTES	TPS	425	0.05	34	0.04	6	0.06	14	0.03	8	0.03	487	0.05
		"BATESON, Alan"	TPS	41	0	6	0.01	0	0	3	0.01	4	0.01	54	0.01
		"FINNEY, Rick"	TPS	6	0	2	0	0	0	0	0	0	0	8	0
		Group Total	TPS	472	0.05	42	0.05	6	0.06	17	0.04	12	0.04	549	0.05
G		TICKET VOTES		1612	0.18	129	0.16	32	0.31	94	0.2	28	0.09	1895	0.18
		"WILKES, Ted"	UNI	248	0.03	36	0.04	4	0.04	17	0.04	12	0.04	317	0.03
		"LEUNG, Mai-Yie"	UNI	39	0	3	0	0	0	1	0	1	0	44	0
		"CAREY, Michael John"	UNI	12	0	1	0	0	0	1	0	1	0	15	0
		Group Total		1911	0.21	169	0.2	36	0.35	113	0.23	42	0.14	2271	0.21
H		TICKET VOTES	ACS	1230	0.14	202	0.24	43	0.41	86	0.18	41	0.14	1602	0.15
		"GRIFFIN, Brendan"	ACS	255	0.03	29	0.04	5	0.05	20	0.04	22	0.07	331	0.03
		"JOHNSON, Sam"	ACS	8	0	2	0	0	0	0	0	0	0	10	0
		Group Total	ACS	1493	0.17	233	0.28	48	0.46	106	0.22	63	0.21	1943	0.18
I		TICKET VOTES	CEC	1180	0.13	108	0.13	16	0.15	36	0.07	29	0.1	1369	0.13
		"DRAKE, Tony"	CEC	86	0.01	9	0.01	2	0.02	5	0.01	6	0.02	108	0.01
		"ROBINSON, Jean"	CEC	13	0	3	0	0	0	1	0	2	0.01	19	0
		Group Total	CEC	1279	0.14	120	0.15	18	0.17	42	0.09	37	0.12	1496	0.14
J		TICKET VOTES	ALP	305276	34.18	25092	30.32	4188	40.18	14891	30.91	8402	28.38	357849	33.63
	#	"COOK, Peter"	ALP	7376	0.83	721	0.87	97	0.93	540	1.12	339	1.15	9073	0.85
	#	"EVANS, Chris"	ALP	423	0.05	61	0.07	14	0.13	29	0.06	20	0.07	547	0.05
		"GRIFFITHS, Rhonda"	ALP	459	0.05	58	0.07	5	0.05	25	0.05	29	0.1	576	0.05
		"ELLERY, Sue"	ALP	259	0.03	39	0.05	5	0.05	28	0.06	13	0.04	344	0.03
		"ANDERSON, Lois"	ALP	102	0.01	19	0.02	2	0.02	10	0.02	5	0.02	138	0.01
		"FOO, Chilip"	ALP	266	0.03	36	0.04	3	0.03	26	0.05	20	0.07	351	0.03
		Group Total	ALP	314161	35.18	26026	31.45	4314	41.39	15549	32.27	8828	29.82	368878	34.67
K		TICKET VOTES	DSL	3235	0.36	360	0.44	41	0.39	143	0.3	62	0.21	3841	0.36
		"STEPHEN, Sarah"	DSL	311	0.03	41	0.05	3	0.03	15	0.03	7	0.02	377	0.04
		"JORQUERA, Roberto"	DSL	21	0	0	0	0	0	0	0	0	0	21	0
		Group Total	DSL	3567	0.4	401	0.48	44	0.42	158	0.33	69	0.23	4239	0.4
L		TICKET VOTES	CTA	7032	0.79	796	0.96	64	0.61	378	0.78	270	0.91	8540	0.8
		"MOSELEY, Justin"	CTA	1342	0.15	138	0.17	4	0.04	78	0.16	68	0.23	1630	0.15
		"JOHNSON, Peter"	CTA	69	0.01	12	0.01	0	0	8	0.02	5	0.02	94	0.01
		Group Total	CTA	8443	0.95	946	1.14	68	0.65	464	0.96	343	1.16	10264	0.96
M		TICKET VOTES	GWA	40375	4.52	5272	6.37	697	6.69	2351	4.88	1035	3.5	49730	4.67
		"MARGETTS, Dee"	GWA	9056	1.01	1021	1.23	78	0.75	490	1.02	301	1.02	10946	1.03
		"DAVIES, Kayt"	GWA	129	0.01	14	0.02	0	0	8	0.02	4	0.01	155	0.01
		"XAMON, Alison"	GWA	167	0.02	38	0.05	3	0.03	16	0.03	8	0.03	232	0.02
		Group Total	GWA	49727	5.57	6345	7.67	778	7.46	2865	5.95	1348	4.55	61063	5.74
N		TICKET VOTES		3471	0.39	129	0.16	33	0.32	67	0.14	64	0.22	3764	0.35
		"HOBBS, Kate"		443	0.05	32	0.04	1	0.01	11	0.02	4	0.01	491	0.05
		"BESSANT, Morris"		13	0	3	0	0	0	2	0	1	0	19	0
		Group Total		3927	0.44	164	0.2	34	0.33	80	0.17	69	0.23	4274	0.4
O		TICKET VOTES		569	0.06	30	0.04	8	0.08	19	0.04	34	0.11	660	0.06
		"TORR, Joan"		445	0.05	19	0.02	3	0.03	14	0.03	30	0.1	511	0.05
		"PRATT, C Roger"		31	0	3	0	0	0	2	0	2	0.01	38	0
		Group Total		1045	0.12	52	0.06	11	0.11	35	0.07	66	0.22	1209	0.11
P		TICKET VOTES	DEM	48712	5.45	4391	5.31	394	3.78	2554	5.3	1257	4.25	57308	5.39
	#	"GREIG, Brian"	DEM	8024	0.9	671	0.81	48	0.46	398	0.83	203	0.69	9344	0.88
		"CRABBE, Stephen G"	DEM	166	0.02	23	0.03	3	0.03	4	0.01	6	0.02	202	0.02
		"CLIFFORD, Margot"	DEM	965	0.11	134	0.16	7	0.07	78	0.16	57	0.19	1241	0.12
		Group Total	DEM	57867	6.48	5219	6.31	452	4.34	3034	6.3	1523	5.14	68095	6.4
Q		TICKET VOTES	RPA	643	0.07	72	0.09	11	0.11	82	0.17	47	0.16	855	0.08
		"O'DONNELL, Michael"	RPA	104	0.01	13	0.02	4	0.04	15	0.03	12	0.04	148	0.01
		"McNALLY, Kerry"	RPA	14	0	4	0	0	0	0	0	3	0.01	21	0
		Group Total	RPA	761	0.09	89	0.11	15	0.14	97	0.2	62	0.21	1024	0.1
UNGROUPED															
		"GARCIA, Rod"	IND	314	0.04	38	0.05	3	0.03	20	0.04	12	0.04	387	0.04
		Ungrouped Total		314	0.04	38	0.05	3	0.03	20	0.04	12	0.04	387	0.04
			FORMAL	893126	97.06	82749	98.46	10424	97.41	48177	98.94	29602	99.14	1064078	97.32
			INFORMAL	27008	2.94	1293	1.54	277	2.59	518	1.06	258	0.86	29354	2.68
			TOTAL	920134	84.15	84042	7.69	10701	0.98	48695	4.45	29860	2.73	1093432	95.11



South Australia															
Enrolment 1013989															

				Ordinary		Absent		Provisional		Pre Poll		Postal		Total	
Candidates			Party	Votes	%	Votes	%	Votes	%	Votes	%	Votes	%	Votes	%
A		TICKET VOTES	CTA	5748	0.75	580	0.84	78	0.87	471	1	456	0.82	7333	0.77
		"RANDALL, Bob"	CTA	1683	0.22	172	0.25	16	0.18	122	0.26	146	0.26	2139	0.23
		"SINCLAIR, Colin"	CTA	97	0.01	13	0.02	0	0	8	0.02	8	0.01	126	0.01
		Group Total	CTA	7528	0.98	765	1.11	94	1.04	601	1.27	610	1.1	9598	1.01
B		TICKET VOTES	FST	4192	0.55	288	0.42	51	0.57	211	0.45	262	0.47	5004	0.53
		"DAVIS, Peter"	FST	845	0.11	60	0.09	6	0.07	32	0.07	141	0.25	1084	0.11
		"FRADD, Bill"	FST	33	0	2	0	1	0.01	2	0	1	0	39	0
		Group Total	FST	5070	0.66	350	0.51	58	0.64	245	0.52	404	0.73	6127	0.65
C		TICKET VOTES	DEM	78372	10.23	8109	11.75	828	9.2	4773	10.11	4886	8.8	96968	10.24
	#	"LEES, Meg"	DEM	15605	2.04	1518	2.2	114	1.27	1131	2.4	1226	2.21	19594	2.07
		"PILLING, Michael"	DEM	266	0.03	44	0.06	1	0.01	24	0.05	29	0.05	364	0.04
		"BOWIE, Alex"	DEM	72	0.01	12	0.02	1	0.01	9	0.02	13	0.02	107	0.01
		"APPONYI, Natalija Ruta"	DEM	443	0.06	54	0.08	10	0.11	40	0.08	39	0.07	586	0.06
		Group Total	DEM	94758	12.37	9737	14.11	954	10.6	5977	12.66	6193	11.15	117619	12.42
D		TICKET VOTES		401	0.05	36	0.05	13	0.14	18	0.04	24	0.04	492	0.05
		"SIMMONS, Lindsay"		93	0.01	8	0.01	0	0	2	0	7	0.01	110	0.01
		"BROWN, Pat"		15	0	3	0	0	0	1	0	4	0.01	23	0
		Group Total		509	0.07	47	0.07	13	0.14	21	0.04	35	0.06	625	0.07
E		TICKET VOTES		851	0.11	56	0.08	10	0.11	44	0.09	47	0.08	1008	0.11
		"HARMS, Chris"		328	0.04	39	0.06	2	0.02	13	0.03	28	0.05	410	0.04
		"HARMS, Kirsti"		57	0.01	9	0.01	0	0	1	0	2	0	69	0.01
		Group Total		1236	0.16	104	0.15	12	0.13	58	0.12	77	0.14	1487	0.16
F		TICKET VOTES	LP	298270	38.93	26863	38.94	2510	27.9	18919	40.07	24078	43.36	370640	39.15
	#	"VANSTONE, Amanda"	LP	8318	1.09	773	1.12	46	0.51	600	1.27	984	1.77	10721	1.13
	#	"MINCHIN, Nick"	LP	912	0.12	90	0.13	5	0.06	93	0.2	139	0.25	1239	0.13
	#	"FERGUSON, Alan"	LP	421	0.05	52	0.08	2	0.02	40	0.08	57	0.1	572	0.06
		"de LEO, Joy"	LP	348	0.05	38	0.06	1	0.01	29	0.06	49	0.09	465	0.05
		Group Total	LP	308269	40.24	27816	40.32	2564	28.5	19681	41.69	25307	45.57	383637	40.52
G		TICKET VOTES	CEC	599	0.08	173	0.25	11	0.12	30	0.06	32	0.06	845	0.09
		"TONKIN, Tommy"	CEC	32	0	6	0.01	0	0	5	0.01	5	0.01	48	0.01
		"FELEPPA, Pompeo"	CEC	4	0	1	0	0	0	0	0	0	0	5	0
		Group Total	CEC	635	0.08	180	0.26	11	0.12	35	0.07	37	0.07	898	0.09
H		TICKET VOTES	DSL	3111	0.41	323	0.47	39	0.43	192	0.41	123	0.22	3788	0.4
		"SJOBERG, Melanie"	DSL	330	0.04	50	0.07	9	0.1	15	0.03	17	0.03	421	0.04
		"NEWNAM, Kathy"	DSL	36	0	4	0.01	2	0.02	1	0	4	0.01	47	0
		Group Total	DSL	3477	0.45	377	0.55	50	0.56	208	0.44	144	0.26	4256	0.45
I		TICKET VOTES	GRN	12719	1.66	1955	2.83	386	4.29	1046	2.22	695	1.25	16801	1.77
		"WILKINS, Craig"	GRN	2672	0.35	362	0.52	47	0.52	264	0.56	200	0.36	3545	0.37
		"DRUMMOND, Michelle"	GRN	381	0.05	79	0.11	11	0.12	42	0.09	36	0.06	549	0.06
		Group Total	GRN	15772	2.06	2396	3.47	444	4.93	1352	2.86	931	1.68	20895	2.21
J		TICKET VOTES	HAN	67173	8.77	5519	8	870	9.67	3997	8.47	4842	8.72	82401	8.7
		"SPENCER, Len"	HAN	7139	0.93	479	0.69	54	0.6	390	0.83	720	1.3	8782	0.93
		"RUMBELOW, Malcolm John"	HAN	257	0.03	19	0.03	2	0.02	5	0.01	45	0.08	328	0.03
		"REIMANN, Monica"	HAN	301	0.04	30	0.04	3	0.03	15	0.03	50	0.09	399	0.04
		Group Total	HAN	74870	9.77	6047	8.77	929	10.33	4407	9.33	5657	10.19	91910	9.71
K		TICKET VOTES	ALP	237876	31.05	19621	28.44	3683	40.94	13495	28.58	14640	26.36	289315	30.56
	#	"BOLKUS, Nick"	ALP	9635	1.26	992	1.44	109	1.21	732	1.55	835	1.5	12303	1.3
	#	"QUIRKE, John"	ALP	605	0.08	57	0.08	9	0.1	39	0.08	97	0.17	807	0.09
		"HENDER, Bill"	ALP	672	0.09	68	0.1	14	0.16	50	0.11	70	0.13	874	0.09
		Group Total	ALP	248788	32.47	20738	30.06	3815	42.4	14316	30.32	15642	28.17	303299	32.03
L		TICKET VOTES		789	0.1	47	0.07	9	0.1	34	0.07	50	0.09	929	0.1
		"PFITZNER-EU, Bernice"		353	0.05	21	0.03	1	0.01	39	0.08	45	0.08	459	0.05
		"ERIKSEN, Erik"		25	0	2	0	0	0	1	0	2	0	30	0
		"HEYLEN, Sean"		34	0	7	0.01	1	0.01	1	0	5	0.01	48	0.01
		Group Total		1201	0.16	77	0.11	11	0.12	75	0.16	102	0.18	1466	0.15
M		TICKET VOTES	NP	3183	0.42	285	0.41	38	0.42	187	0.4	289	0.52	3982	0.42
		"WAYLAND, Ellis"	NP	305	0.04	23	0.03	2	0.02	14	0.03	51	0.09	395	0.04
		"DIXON-THOMPSON, Robin"	NP	46	0.01	10	0.01	0	0	4	0.01	8	0.01	68	0.01
		Group Total	NP	3534	0.46	318	0.46	40	0.44	205	0.43	348	0.63	4445	0.47
UNGROUPED															
		"RUSSELL-TAYLOR, Neil"	IND	243	0.03	18	0.03	1	0.01	20	0.04	27	0.05	309	0.03
		"NEAVE, Graham"	IND	201	0.03	18	0.03	1	0.01	10	0.02	15	0.03	245	0.03
		Ungrouped Total		444	0.06	36	0.05	2	0.02	30	0.06	42	0.08	554	0.06
			FORMAL	766091	96.84	68988	98.31	8997	97.15	47211	98.75	55529	99.27	946816	97.19
			INFORMAL	24966	3.16	1185	1.69	264	2.85	598	1.25	411	0.73	27424	2.81
			TOTAL	791057	81.2	70173	7.2	9261	0.95	47809	4.91	55940	5.74	974240	96.08



Tasmania															
Enrolment 330121															

				Ordinary		Absent		Provisional		Pre Poll		Postal		Total	
Candidates			Party	Votes	%	Votes	%	Votes	%	Votes	%	Votes	%	Votes	%
A		TICKET VOTES	ACS	1018	0.38	37	0.25	5	0.6	23	0.19	28	0.21	1111	0.36
		"HICKMAN, Ian"	ACS	523	0.2	36	0.25	8	0.97	24	0.19	15	0.11	606	0.2
		"LOMBARDI, Fred"	ACS	29	0.01	1	0.01	0	0	0	0	3	0.02	33	0.01
		Group Total	ACS	1570	0.59	74	0.51	13	1.57	47	0.38	46	0.35	1750	0.57
B		TICKET VOTES	GRN	8418	3.15	831	5.68	51	6.16	651	5.26	341	2.61	10292	3.34
		"CROSSLEY, Louise"	GRN	6276	2.35	490	3.35	13	1.57	396	3.2	245	1.88	7420	2.41
		"BAPTIST, Simon"	GRN	150	0.06	18	0.12	1	0.12	12	0.1	12	0.09	193	0.06
		Group Total	GRN	14844	5.55	1339	9.15	65	7.85	1059	8.55	598	4.58	17905	5.81
C		TICKET VOTES	LP	73769	27.58	3983	27.22	158	19.08	3859	31.17	3698	28.34	85467	27.72
	#	"ABETZ, Eric"	LP	11318	4.23	541	3.7	9	1.09	367	2.96	476	3.65	12711	4.12
	#	"GIBSON, Brian"	LP	2877	1.08	147	1	6	0.72	128	1.03	175	1.34	3333	1.08
		"BARNETT, Guy"	LP	1445	0.54	102	0.7	0	0	68	0.55	71	0.54	1686	0.55
		"COLLENETTE, Peter"	LP	947	0.35	49	0.33	1	0.12	38	0.31	36	0.28	1071	0.35
		Group Total	LP	90356	33.78	4822	32.96	174	21.01	4460	36.03	4456	34.15	104268	33.81
D		TICKET VOTES	DSL	506	0.19	25	0.17	1	0.12	29	0.23	12	0.09	573	0.19
		"EMANUEL, Kamala"	DSL	117	0.04	5	0.03	0	0	2	0.02	5	0.04	129	0.04
		"JAMIESON, Ian"	DSL	45	0.02	6	0.04	0	0	0	0	1	0.01	52	0.02
		Group Total	DSL	668	0.25	36	0.25	1	0.12	31	0.25	18	0.14	754	0.24
E		TICKET VOTES	TFP	2611	0.98	158	1.08	12	1.45	142	1.15	155	1.19	3078	1
		"PICKFORD, David"	TFP	1021	0.38	64	0.44	0	0	57	0.46	75	0.57	1217	0.39
		"JACKSON, David"	TFP	135	0.05	10	0.07	1	0.12	5	0.04	10	0.08	161	0.05
		"ABBLITT, Petita"	TFP	77	0.03	8	0.05	0	0	1	0.01	6	0.05	92	0.03
		Group Total	TFP	3844	1.44	240	1.64	13	1.57	205	1.66	246	1.89	4548	1.47
F		TICKET VOTES	CTA	494	0.18	39	0.27	3	0.36	52	0.42	45	0.34	633	0.21
		"ROGERS, Don"	CTA	252	0.09	13	0.09	0	0	11	0.09	13	0.1	289	0.09
		"ROGERS, Beryl"	CTA	22	0.01	0	0	0	0	0	0	1	0.01	23	0.01
		Group Total	CTA	768	0.29	52	0.36	3	0.36	63	0.51	59	0.45	945	0.31
G		TICKET VOTES	DEM	5863	2.19	366	2.5	10	1.21	371	3	231	1.77	6841	2.22
		"BELL, Robert"	DEM	4144	1.55	207	1.41	10	1.21	199	1.61	121	0.93	4681	1.52
		"BUTLER, Debbie"	DEM	431	0.16	40	0.27	3	0.36	22	0.18	17	0.13	513	0.17
		"IVORY, Chris"	DEM	64	0.02	6	0.04	0	0	0	0	2	0.02	72	0.02
		Group Total	DEM	10502	3.93	619	4.23	23	2.78	592	4.78	371	2.84	12107	3.93
H		TICKET VOTES	HAR	12601	4.71	652	4.46	15	1.81	483	3.9	822	6.3	14573	4.73
	#	"HARRADINE, Brian"	HAR	8486	3.17	450	3.08	7	0.85	328	2.65	410	3.14	9681	3.14
		Group Total	HAR	21087	7.88	1102	7.53	22	2.66	811	6.55	1232	9.44	24254	7.87
I		TICKET VOTES	ALP	95612	35.74	4910	33.56	418	50.48	3806	30.75	4407	33.78	109153	35.4
	#	"O'BRIEN, Kerry"	ALP	11142	4.17	579	3.96	40	4.83	411	3.32	606	4.64	12778	4.14
	#	"MURPHY, Shayne"	ALP	2664	1	119	0.81	2	0.24	94	0.76	143	1.1	3022	0.98
	#	"DENMAN, Kay"	ALP	2906	1.09	194	1.33	4	0.48	153	1.24	167	1.28	3424	1.11
		Group Total	ALP	112324	41.99	5802	39.65	464	56.04	4464	36.06	5323	40.8	128377	41.63
J		TICKET VOTES	RPA	164	0.06	3	0.02	1	0.12	10	0.08	10	0.08	188	0.06
		"SHERIDAN, Jenny"	RPA	39	0.01	3	0.02	0	0	5	0.04	1	0.01	48	0.02
		"DARE, Rena"	RPA	10	0	1	0.01	0	0	2	0.02	0	0	13	0
		Group Total	RPA	213	0.08	7	0.05	1	0.12	17	0.14	11	0.08	249	0.08
K		TICKET VOTES	HAN	7403	2.77	370	2.53	35	4.23	456	3.68	409	3.13	8673	2.81
		"STOKES, Peter"	HAN	2165	0.81	87	0.59	10	1.21	106	0.86	158	1.21	2526	0.82
		"CARTWRIGHT, Michael"	HAN	247	0.09	8	0.05	0	0	16	0.13	32	0.25	303	0.1
		"SPICER, Leigh"	HAN	122	0.05	8	0.05	0	0	4	0.03	19	0.15	153	0.05
		Group Total	HAN	9937	3.71	473	3.23	45	5.43	582	4.7	618	4.74	11655	3.78
L		TICKET VOTES	AWP	601	0.22	31	0.21	4	0.48	20	0.16	26	0.2	682	0.22
		"MacQUEEN, Lin"	AWP	90	0.03	4	0.03	0	0	7	0.06	3	0.02	104	0.03
		"BINDON, Carolyn"	AWP	14	0.01	2	0.01	0	0	1	0.01	1	0.01	18	0.01
		Group Total	AWP	705	0.26	37	0.25	4	0.48	28	0.23	30	0.23	804	0.26
UNGROUPED															
		"JAMIESON, Norma"	IND	583	0.22	24	0.16	0	0	17	0.14	35	0.27	659	0.21
		"HEATHORN, Laurie"	IND	67	0.03	3	0.02	0	0	2	0.02	3	0.02	75	0.02
		"SULI, Steven"	IND	23	0.01	2	0.01	0	0	1	0.01	1	0.01	27	0.01
		Ungrouped Total		673	0.25	29	0.2	0	0	20	0.16	39	0.3	761	0.25
			FORMAL	267491	96.74	14632	98.27	828	96.5	12379	98.65	13047	98.33	308377	96.95
			INFORMAL	9025	3.26	257	1.73	30	3.5	170	1.35	222	1.67	9704	3.05
			TOTAL	276516	86.93	14889	4.68	858	0.27	12549	3.95	13269	4.17	318081	96.35



Australian Capital Territory															
Enrolment 209536															

				Ordinary		Absent		Provisional		Pre Poll		Postal		Total	
Candidates			Party	Votes	%	Votes	%	Votes	%	Votes	%	Votes	%	Votes	%
A		TICKET VOTES	ACS	387	0.28	13	0.34	5	0.48	91	0.2	26	0.26	522	0.26
		"ROGERS, Peter Leonard"	ACS	228	0.17	8	0.21	3	0.29	62	0.14	26	0.26	327	0.17
		"HARDY, Anthony"	ACS	11	0.01	1	0.03	0	0	4	0.01	3	0.03	19	0.01
		Group Total	ACS	626	0.46	22	0.58	8	0.77	157	0.35	55	0.55	868	0.44
B		TICKET VOTES	HAN	4906	3.57	122	3.21	45	4.31	1680	3.76	434	4.3	7187	3.65
		"O'BRIEN, Estelle"	HAN	1492	1.09	30	0.79	6	0.57	452	1.01	143	1.42	2123	1.08
		"LEYLAND, Jeremy"	HAN	209	0.15	7	0.18	0	0	57	0.13	38	0.38	311	0.16
		Group Total	HAN	6607	4.81	159	4.18	51	4.88	2189	4.9	615	6.1	9621	4.88
C		TICKET VOTES	AWP	423	0.31	19	0.5	7	0.67	162	0.36	44	0.44	655	0.33
		"HARIDAN, Annette M"	AWP	128	0.09	3	0.08	0	0	43	0.1	14	0.14	188	0.1
		"EDWARDS, Susanne J"	AWP	24	0.02	1	0.03	1	0.1	6	0.01	1	0.01	33	0.02
		Group Total	AWP	575	0.42	23	0.6	8	0.77	211	0.47	59	0.59	876	0.44
D		TICKET VOTES	LP	36855	26.81	944	24.83	211	20.19	12163	27.24	3424	33.96	53597	27.2
	#	"REID, Margaret"	LP	5073	3.69	129	3.39	27	2.58	1481	3.32	525	5.21	7235	3.67
		"RICHARDS, Gayle"	LP	384	0.28	7	0.18	2	0.19	118	0.26	42	0.42	553	0.28
		Group Total	LP	42312	30.78	1080	28.41	240	22.97	13762	30.82	3991	39.59	61385	31.15
E		TICKET VOTES	DEM	12773	9.29	358	9.42	70	6.7	4069	9.11	796	7.9	18066	9.17
		"FARLEY, Rick"	DEM	10560	7.68	265	6.97	42	4.02	2978	6.67	573	5.68	14418	7.32
		"SIEVERS, Wayne"	DEM	215	0.16	10	0.26	3	0.29	97	0.22	24	0.24	349	0.18
		Group Total	DEM	23548	17.13	633	16.65	115	11	7144	16	1393	13.82	32833	16.66
F		TICKET VOTES	ALP	48918	35.59	1387	36.48	493	47.18	16233	36.36	2840	28.17	69871	35.46
	#	"LUNDY, Kate"	ALP	9443	6.87	270	7.1	62	5.93	2780	6.23	664	6.59	13219	6.71
		"CONWAY, Peter Michael"	ALP	539	0.39	16	0.42	6	0.57	165	0.37	51	0.51	777	0.39
		Group Total	ALP	58900	42.85	1673	44	561	53.68	19178	42.95	3555	35.26	83867	42.56
G		TICKET VOTES	GRN	2606	1.9	143	3.76	46	4.4	1121	2.51	205	2.03	4121	2.09
		"FOSKEY, Deb"	GRN	1341	0.98	47	1.24	11	1.05	535	1.2	107	1.06	2041	1.04
		"CHRISTIAN, Lesley Anne"	GRN	127	0.09	7	0.18	2	0.19	70	0.16	17	0.17	223	0.11
		Group Total	GRN	4074	2.96	197	5.18	59	5.65	1726	3.87	329	3.26	6385	3.24
UNGROUPED															
		"HARRIS, Cec"	IND	114	0.08	8	0.21	1	0.1	36	0.08	11	0.11	170	0.09
		"EDGAR, Andrew"	IND	72	0.05	0	0	0	0	27	0.06	8	0.08	107	0.05
		"MILLER, John"	CTA	627	0.46	7	0.18	2	0.19	221	0.49	66	0.65	923	0.47
		Ungrouped Total		813	0.59	15	0.39	3	0.29	284	0.64	85	0.84	1200	0.61
			FORMAL	137455	97.78	3802	98.4	1045	97.21	44651	98.56	10082	99.12	197035	98.03
			INFORMAL	3119	2.22	62	1.6	30	2.79	651	1.44	90	0.88	3952	1.97
			TOTAL	140574	69.94	3864	1.92	1075	0.53	45302	22.54	10172	5.06	200987	95.92



Northern Territory															
Enrolment 105048															

				Ordinary		Absent		Provisional		Pre Poll		Postal		Total	
Candidates			Party	Votes	%	Votes	%	Votes	%	Votes	%	Votes	%	Votes	%
A		TICKET VOTES	GRN	2606	3.28	0	0	124	5.36	262	3.09	66	2.34	3058	3.29
		"MARTIN, Lex"	GRN	868	1.09	0	0	28	1.21	118	1.39	24	0.85	1038	1.12
		"GOUGH, Andy"	GRN	108	0.14	0	0	5	0.22	15	0.18	8	0.28	136	0.15
		Group Total	GRN	3582	4.51	0	0	157	6.78	395	4.65	98	3.48	4232	4.55
B		TICKET VOTES	CLP	26796	33.76	0	0	605	26.13	3291	38.76	1200	42.63	31892	34.29
	#	"TAMBLING, Grant"	CLP	2832	3.57	0	0	54	2.33	411	4.84	223	7.92	3520	3.78
		"AUSTIN, Maisie Pauline"	CLP	549	0.69	0	0	7	0.3	67	0.79	28	0.99	651	0.7
		Group Total	CLP	30177	38.01	0	0	666	28.77	3769	44.39	1451	51.55	36063	38.78
C		TICKET VOTES	DEM	3144	3.96	0	0	72	3.11	345	4.06	115	4.09	3676	3.95
		"EDWARDS, Victor"	DEM	1088	1.37	0	0	6	0.26	122	1.44	36	1.28	1252	1.35
		"CLEMENTS, Peter"	DEM	165	0.21	0	0	3	0.13	16	0.19	7	0.25	191	0.21
		Group Total	DEM	4397	5.54	0	0	81	3.5	483	5.69	158	5.61	5119	5.5
D		TICKET VOTES	HAN	5781	7.28	0	0	179	7.73	743	8.75	275	9.77	6978	7.5
		"HAGGER, Ted"	HAN	1101	1.39	0	0	18	0.78	141	1.66	81	2.88	1341	1.44
		"MILLS, Dee"	HAN	292	0.37	0	0	4	0.17	23	0.27	19	0.67	338	0.36
		Group Total	HAN	7174	9.04	0	0	201	8.68	907	10.68	375	13.32	8657	9.31
E		TICKET VOTES	ALP	29895	37.66	0	0	1085	46.87	2455	28.92	589	20.92	34024	36.58
	#	"CROSSIN, Trish"	ALP	3105	3.91	0	0	105	4.54	374	4.41	114	4.05	3698	3.98
		"PHILLIPS, Charlie"	ALP	456	0.57	0	0	9	0.39	55	0.65	17	0.6	537	0.58
		Group Total	ALP	33456	42.15	0	0	1199	51.79	2884	33.97	720	25.58	38259	41.14
UNGROUPED															
		"POLKE, Jonathan"	IND	596	0.75	0	0	11	0.48	52	0.61	13	0.46	672	0.72
		Ungrouped Total		596	0.75	0	0	11	0.48	52	0.61	13	0.46	672	0.72
			FORMAL	79382	97.87	0	0	2315	98.05	8490	99	2815	99.15	93002	98.01
			INFORMAL	1731	2.13	0	0	46	1.95	86	1	24	0.85	1887	1.99
			TOTAL	81113	85.48	0	0	2361	2.49	8576	9.04	2839	2.99	94889	90.33
