Senate -  1998 Election: Northern Territory																												
First Preference Votes by Group																												
By Polling Place																												


Northern Territory (105048)																												

	   		Group Total GRN			Group Total CLP			Group Total DEM			Group Total HAN			Group Total ALP			Ungrouped Total 			FORMAL 			INFORMAL 			TOTAL 	
Polling Places			Vote	%	   	Vote	%	   	Vote	%	   	Vote	%	   	Vote	%	   	Vote	%	   	Vote	%	   	Vote	%	   	Vote	%
Alice Springs		                              	79	4.89	  	671	41.5	  	158	9.77	  	159	9.83	  	544	33.64	  	6	0.37	  	1617	98.6	  	23	1.4	  	1640	1.73
Alyangula		                                  	14	3.63	  	143	37.05	  	38	9.84	  	44	11.4	  	147	38.08	  	0	0	  	386	100	  	0	0	  	386	0.41
Anula		                                      	84	3.32	  	988	39.05	  	139	5.49	  	189	7.47	  	1101	43.52	  	29	1.15	  	2530	97.83	  	56	2.17	  	2586	2.73
Batchelor		                                  	20	5.75	  	102	29.31	  	14	4.02	  	53	15.23	  	157	45.11	  	2	0.57	  	348	97.48	  	9	2.52	  	357	0.38
Berrimah		                                   	21	3.07	  	326	47.59	  	28	4.09	  	104	15.18	  	196	28.61	  	10	1.46	  	685	98.28	  	12	1.72	  	697	0.73
Berry Springs		                              	31	4.68	  	254	38.31	  	37	5.58	  	123	18.55	  	209	31.52	  	9	1.36	  	663	97.79	  	15	2.21	  	678	0.71
Braitling		                                  	42	2.34	  	848	47.24	  	122	6.8	  	189	10.53	  	577	32.14	  	17	0.95	  	1795	98.09	  	35	1.91	  	1830	1.93
Casuarina		                                  	118	3.79	  	1164	37.36	  	180	5.78	  	251	8.06	  	1369	43.93	  	34	1.09	  	3116	97.47	  	81	2.53	  	3197	3.37
Christmas Island		                           	29	6.71	  	105	24.31	  	15	3.47	  	15	3.47	  	268	62.04	  	0	0	  	432	98.63	  	6	1.37	  	438	0.46
Darwin		                                     	77	8.08	  	397	41.66	  	66	6.93	  	60	6.3	  	337	35.36	  	16	1.68	  	953	99.17	  	8	0.83	  	961	1.01
Doomadgee		                                  	0	0	  	0	0	  	0	0	  	0	0	  	0	0	  	0	0	  	0	0	  	0	0	  	0	0
Driver		                                     	73	2.28	  	1303	40.77	  	172	5.38	  	473	14.8	  	1143	35.76	  	32	1	  	3196	97.59	  	79	2.41	  	3275	3.45
Durack		                                     	26	2.59	  	547	54.59	  	47	4.69	  	122	12.18	  	252	25.15	  	8	0.8	  	1002	98.24	  	18	1.76	  	1020	1.07
Gillen		                                     	66	2.58	  	1231	48.1	  	168	6.57	  	280	10.94	  	812	31.73	  	2	0.08	  	2559	97.93	  	54	2.07	  	2613	2.75
Gray		                                       	58	2.94	  	793	40.23	  	97	4.92	  	266	13.5	  	734	37.24	  	23	1.17	  	1971	97.72	  	46	2.28	  	2017	2.13
Home Island		                                	15	6.3	  	17	7.14	  	5	2.1	  	0	0	  	200	84.03	  	1	0.42	  	238	97.54	  	6	2.46	  	244	0.26
Howard Springs		                             	92	3.92	  	1135	48.4	  	113	4.82	  	335	14.29	  	645	27.51	  	25	1.07	  	2345	98.24	  	42	1.76	  	2387	2.52
Humpty Doo		                                 	119	4.33	  	1204	43.8	  	138	5.02	  	487	17.72	  	783	28.48	  	18	0.65	  	2749	98.64	  	38	1.36	  	2787	2.94
Jabiru		                                     	41	5.95	  	327	47.46	  	33	4.79	  	35	5.08	  	251	36.43	  	2	0.29	  	689	98.29	  	12	1.71	  	701	0.74
Karama		                                     	123	3.32	  	1360	36.72	  	206	5.56	  	340	9.18	  	1644	44.38	  	31	0.84	  	3704	97.94	  	78	2.06	  	3782	3.99
Katherine		                                  	48	2.71	  	870	49.04	  	90	5.07	  	235	13.25	  	526	29.65	  	5	0.28	  	1774	98.12	  	34	1.88	  	1808	1.91
Katherine East		                             	29	2.47	  	563	48	  	64	5.46	  	151	12.87	  	363	30.95	  	3	0.26	  	1173	98.9	  	13	1.1	  	1186	1.25
Larapinta		                                  	29	2.12	  	698	51.14	  	98	7.18	  	130	9.52	  	409	29.96	  	1	0.07	  	1365	98.27	  	24	1.73	  	1389	1.46
Larrakeyah		                                 	56	3.85	  	851	58.45	  	74	5.08	  	110	7.55	  	352	24.18	  	13	0.89	  	1456	97.59	  	36	2.41	  	1492	1.57
Leanyer		                                    	59	2.69	  	997	45.4	  	126	5.74	  	177	8.06	  	820	37.34	  	17	0.77	  	2196	97.86	  	48	2.14	  	2244	2.36
Ludmilla		                                   	110	5.89	  	785	42.02	  	109	5.84	  	170	9.1	  	663	35.49	  	31	1.66	  	1868	97.44	  	49	2.56	  	1917	2.02
Moulden		                                    	20	2.64	  	273	36.06	  	37	4.89	  	102	13.47	  	316	41.74	  	9	1.19	  	757	98.57	  	11	1.43	  	768	0.81
Nakara		                                     	99	4.01	  	1006	40.76	  	158	6.4	  	181	7.33	  	998	40.44	  	26	1.05	  	2468	97.9	  	53	2.1	  	2521	2.66
Nhulunbuy		                                  	62	3.71	  	687	41.11	  	119	7.12	  	179	10.71	  	621	37.16	  	3	0.18	  	1671	98.12	  	32	1.88	  	1703	1.79
Nightcliff		                                 	210	5.68	  	1501	40.62	  	275	7.44	  	284	7.69	  	1375	37.21	  	50	1.35	  	3695	97.34	  	101	2.66	  	3796	4
Parap		                                      	160	5.49	  	1322	45.4	  	188	6.46	  	197	6.77	  	1006	34.55	  	39	1.34	  	2912	97.03	  	89	2.97	  	3001	3.16
Pine Creek		                                 	3	1.58	  	76	40	  	8	4.21	  	46	24.21	  	56	29.47	  	1	0.53	  	190	98.45	  	3	1.55	  	193	0.2
Rapid Creek		                                	79	4.44	  	581	32.64	  	101	5.67	  	148	8.31	  	847	47.58	  	24	1.35	  	1780	97.48	  	46	2.52	  	1826	1.92
Sadadeen		                                   	98	4.29	  	1024	44.87	  	204	8.94	  	223	9.77	  	724	31.73	  	9	0.39	  	2282	98.57	  	33	1.43	  	2315	2.44
Stuart Park		                                	80	5.46	  	649	44.33	  	89	6.08	  	108	7.38	  	504	34.43	  	34	2.32	  	1464	98.45	  	23	1.55	  	1487	1.57
Tennant Creek		                              	64	4.66	  	477	34.74	  	48	3.5	  	218	15.88	  	564	41.08	  	2	0.15	  	1373	97.79	  	31	2.21	  	1404	1.48
Tindal		                                     	4	1.24	  	167	51.7	  	19	5.88	  	72	22.29	  	60	18.58	  	1	0.31	  	323	99.08	  	3	0.92	  	326	0.34
Tiwi		                                       	41	4.35	  	302	32.06	  	94	9.98	  	81	8.6	  	417	44.27	  	7	0.74	  	942	98.43	  	15	1.57	  	957	1.01
Wanguri		                                    	66	3.24	  	811	39.85	  	127	6.24	  	135	6.63	  	878	43.14	  	18	0.88	  	2035	97.6	  	50	2.4	  	2085	2.2
West Island		                                	4	10.81	  	11	29.73	  	7	18.92	  	0	0	  	15	40.54	  	0	0	  	37	100	  	0	0	  	37	0.04
Woodroffe		                                  	18	2.06	  	359	41.12	  	35	4.01	  	132	15.12	  	313	35.85	  	16	1.83	  	873	98.98	  	9	1.02	  	882	0.93
Wulagi		                                     	35	3.17	  	426	38.55	  	84	7.6	  	117	10.59	  	430	38.91	  	13	1.18	  	1105	98.22	  	20	1.78	  	1125	1.19
Yirara		                                     	24	3.67	  	349	53.36	  	53	8.1	  	62	9.48	  	166	25.38	  	0	0	  	654	97.9	  	14	2.1	  	668	0.7
Yulara		                                     	36	10.08	  	156	43.7	  	32	8.96	  	15	4.2	  	118	33.05	  	0	0	  	357	99.44	  	2	0.56	  	359	0.38
Special Hospitals		                          	10	4.26	  	88	37.45	  	11	4.68	  	11	4.68	  	114	48.51	  	1	0.43	  	235	99.16	  	2	0.84	  	237	0.25
Remote Mobiles		                             	996	7.55	  	2182	16.55	  	361	2.74	  	355	2.69	  	9285	70.41	  	8	0.06	  	13187	97.28	  	369	2.72	  	13556	14.29
Prison Mobiles		                             	14	6.03	  	51	21.98	  	10	4.31	  	10	4.31	  	147	63.36	  	0	0	  	232	98.72	  	3	1.28	  	235	0.25
Total Ordinary		                             	3582	4.51	  	30177	38.01	  	4397	5.54	  	7174	9.04	  	33456	42.15	  	596	0.75	  	79382	97.87	  	1731	2.13	  	81113	85.48
POSTAL		                                     	98	3.48	  	1451	51.55	  	158	5.61	  	375	13.32	  	720	25.58	  	13	0.46	  	2815	99.15	  	24	0.85	  	2839	2.99
PRE_POLL		                                   	395	4.65	  	3769	44.39	  	483	5.69	  	907	10.68	  	2884	33.97	  	52	0.61	  	8490	99	  	86	1	  	8576	9.04
PROVISIONAL		                                	157	6.78	  	666	28.77	  	81	3.5	  	201	8.68	  	1199	51.79	  	11	0.48	  	2315	98.05	  	46	1.95	  	2361	2.49
Division Summary		                           	4232	4.55	  	36063	38.78	  	5119	5.5	  	8657	9.31	  	38259	41.14	  	672	0.72	  	93002	98.01	  	1887	1.99	  	94889	90.33
