House of Representatives -1996 Election :Northern Territory																																	
First Preference Votes and TCP																																	
By Candidate by Polling Place																																	

Northern Territory (98800)																																	

		BRIAN			# DONDAS			SNOWDON			GARDINER			NITSCHKE			FORMAL			INFORMAL			TOTAL										
		Bernie		         	Nick		       	Warren		         	Pamela Anne		              	Philip		         			     			     			     	Two Candidate Preferred		    			    		
		IND			CLP			ALP			IND			GRN					 			 			 	# DONDAS CLP			 SNOWDON ALP			 EXHAUSTED 	
Polling Places		Vote	%		Vote	%		Vote	%		Vote	%		Vote	%		Vote	%		Vote	%		Vote	%		Vote	%		Vote	%		Vote	%
Alice Springs	                               	28	2.04	 	671	48.94	 	528	38.51	 	23	1.68	 	121	8.83	 	1371	96.82	 	45	3.18	 	1416	1.61	 	738	54.22	 	623	45.78	 	10	
Alyangula	                                   	15	3.69	 	164	40.39	 	196	48.28	 	4	0.99	 	27	6.65	 	406	95.31	 	20	4.69	 	426	0.48	 	191	47.16	 	214	52.84	 	1	
Anula	                                       	35	1.49	 	1046	44.44	 	1047	44.48	 	53	2.25	 	173	7.35	 	2354	97.31	 	65	2.69	 	2419	2.75	 	1138	48.57	 	1205	51.43	 	11	
Batchelor	                                   	6	1.91	 	141	44.9	 	139	44.27	 	9	2.87	 	19	6.05	 	314	97.52	 	8	2.48	 	322	0.37	 	151	48.24	 	162	51.76	 	1	
Berrimah	                                    	12	1.62	 	430	57.95	 	248	33.42	 	18	2.43	 	34	4.58	 	742	97.76	 	17	2.24	 	759	0.86	 	461	62.21	 	280	37.79	 	1	
Berry Springs	                               	12	2.14	 	276	49.29	 	212	37.86	 	9	1.61	 	51	9.11	 	560	96.55	 	20	3.45	 	580	0.66	 	297	53.8	 	255	46.2	 	8	
Braitling	                                   	28	1.53	 	1014	55.32	 	652	35.57	 	33	1.8	 	106	5.78	 	1833	96.52	 	66	3.48	 	1899	2.16	 	1083	59.31	 	743	40.69	 	7
Casuarina	                                   	94	2.66	 	1589	44.96	 	1525	43.15	 	66	1.87	 	260	7.36	 	3534	96.53	 	127	3.47	 	3661	4.16	 	1740	49.52	 	1774	50.48	 	20
Christmas Island	                            	16	3.49	 	96	20.96	 	311	67.9	 	6	1.31	 	29	6.33	 	458	95.42	 	22	4.58	 	480	0.55	 	122	26.64	 	336	73.36	 	0
Darwin	                                      	19	2	 	449	47.16	 	390	40.97	 	19	2	 	75	7.88	 	952	97.64	 	23	2.36	 	975	1.11	 	478	50.8	 	463	49.2	 	11
DOOMADGEE	                                   	4	20	 	1	5	 	15	75	 	0	0	 	0	0	 	20	83.33	 	4	16.67	 	24	0.03	 	3	15.79	 	16	84.21	 	1
Driver	                                      	61	1.68	 	1850	50.88	 	1380	37.95	 	73	2.01	 	272	7.48	 	3636	96.68	 	125	3.32	 	3761	4.27	 	2015	55.54	 	1613	44.46	 	8
Gillen	                                      	58	2.09	 	1555	56.14	 	977	35.27	 	57	2.06	 	123	4.44	 	2770	96.65	 	96	3.35	 	2866	3.26	 	1667	60.38	 	1094	39.62	 	9
Gray	                                        	20	1.37	 	710	48.63	 	628	43.01	 	28	1.92	 	74	5.07	 	1460	96.12	 	59	3.88	 	1519	1.73	 	766	52.83	 	684	47.17	 	10
Home Island	                                 	62	26.84	 	71	30.74	 	79	34.2	 	11	4.76	 	8	3.46	 	231	96.25	 	9	3.75	 	240	0.27	 	127	54.98	 	104	45.02	 	0
Howard Springs	                              	33	1.41	 	1313	56.26	 	751	32.18	 	58	2.49	 	179	7.67	 	2334	97.58	 	58	2.42	 	2392	2.72	 	1408	60.66	 	913	39.34	 	13
Humpty Doo	                                  	57	2.33	 	1341	54.73	 	822	33.55	 	56	2.29	 	174	7.1	 	2450	96.61	 	86	3.39	 	2536	2.88	 	1468	60.54	 	957	39.46	 	25
Jabiru	                                      	17	2.99	 	278	48.94	 	219	38.56	 	16	2.82	 	38	6.69	 	568	96.93	 	18	3.07	 	586	0.67	 	312	55.03	 	255	44.97	 	1
Karama	                                      	71	1.89	 	1613	42.93	 	1771	47.14	 	65	1.73	 	237	6.31	 	3757	97.16	 	110	2.84	 	3867	4.39	 	1746	46.68	 	1994	53.32	 	17
Katherine	                                   	38	1.89	 	1142	56.79	 	676	33.62	 	38	1.89	 	117	5.82	 	2011	97.53	 	51	2.47	 	2062	2.34	 	1240	61.81	 	766	38.19	 	5
Katherine East	                              	29	2.14	 	715	52.69	 	499	36.77	 	26	1.92	 	88	6.48	 	1357	97.42	 	36	2.58	 	1393	1.58	 	785	57.98	 	569	42.02	 	3
Larapinta	                                   	27	2.1	 	704	54.66	 	471	36.57	 	34	2.64	 	52	4.04	 	1288	96.62	 	45	3.38	 	1333	1.51	 	755	58.8	 	529	41.2	 	4
Larrakeyah	                                  	22	1.65	 	754	56.56	 	425	31.88	 	34	2.55	 	98	7.35	 	1333	98.09	 	26	1.91	 	1359	1.54	 	808	60.89	 	519	39.11	 	6
Leanyer	                                     	40	1.69	 	1196	50.49	 	933	39.38	 	37	1.56	 	163	6.88	 	2369	97.17	 	69	2.83	 	2438	2.77	 	1284	54.41	 	1076	45.59	 	9
Ludmilla	                                    	40	2.3	 	844	48.62	 	689	39.69	 	31	1.79	 	132	7.6	 	1736	97.36	 	47	2.64	 	1783	2.03	 	919	53.15	 	810	46.85	 	7
Nakara	                                      	29	1.25	 	1135	48.99	 	970	41.86	 	39	1.68	 	144	6.21	 	2317	97.23	 	66	2.77	 	2383	2.71	 	1225	53.15	 	1080	46.85	 	12
Nhulunbuy	                                   	24	1.47	 	706	43.26	 	768	47.06	 	38	2.33	 	96	5.88	 	1632	95.05	 	85	4.95	 	1717	1.95	 	771	47.36	 	857	52.64	 	4
Nightcliff	                                  	66	2.02	 	1591	48.73	 	1240	37.98	 	66	2.02	 	302	9.25	 	3265	97.43	 	86	2.57	 	3351	3.81	 	1729	53.28	 	1516	46.72	 	20
Parap	                                       	71	2.24	 	1543	48.78	 	1228	38.82	 	54	1.71	 	267	8.44	 	3163	97.17	 	92	2.83	 	3255	3.7	 	1665	53.16	 	1467	46.84	 	31
Pine Creek	                                  	7	2.92	 	116	48.33	 	104	43.33	 	2	0.83	 	11	4.58	 	240	97.56	 	6	2.44	 	246	0.28	 	128	53.56	 	111	46.44	 	1
Rapid Creek	                                 	44	2.27	 	775	40.05	 	928	47.96	 	42	2.17	 	146	7.55	 	1935	97.58	 	48	2.42	 	1983	2.25	 	852	44.31	 	1071	55.69	 	12
Sadadeen	                                    	46	1.91	 	1218	50.62	 	939	39.03	 	52	2.16	 	151	6.28	 	2406	97.25	 	68	2.75	 	2474	2.81	 	1324	55.24	 	1073	44.76	 	9
Stuart Park	                                 	24	1.81	 	658	49.66	 	492	37.13	 	19	1.43	 	132	9.96	 	1325	96.72	 	45	3.28	 	1370	1.56	 	708	53.96	 	604	46.04	 	13
Tennant Creek	                               	58	4.09	 	618	43.58	 	676	47.67	 	20	1.41	 	46	3.24	 	1418	95.17	 	72	4.83	 	1490	1.69	 	690	48.8	 	724	51.2	 	4
Tindal	                                      	5	1.31	 	236	61.94	 	109	28.61	 	10	2.62	 	21	5.51	 	381	97.69	 	9	2.31	 	390	0.44	 	256	67.72	 	122	32.28	 	3
Tiwi	                                        	14	1.27	 	437	39.62	 	527	47.78	 	26	2.36	 	99	8.98	 	1103	96.75	 	37	3.25	 	1140	1.3	 	481	43.97	 	613	56.03	 	9
Wanguri	                                     	24	1.31	 	856	46.6	 	817	44.47	 	28	1.52	 	112	6.1	 	1837	95.68	 	83	4.32	 	1920	2.18	 	913	49.81	 	920	50.19	 	4
West Island	                                 	4	5.48	 	24	32.88	 	33	45.21	 	3	4.11	 	9	12.33	 	73	97.33	 	2	2.67	 	75	0.09	 	31	42.47	 	42	57.53	 	0
Wulagi	                                      	26	2.27	 	566	49.39	 	470	41.01	 	34	2.97	 	50	4.36	 	1146	96.95	 	36	3.05	 	1182	1.34	 	615	54.14	 	521	45.86	 	10
Yirara	                                      	18	3.19	 	308	54.61	 	199	35.28	 	11	1.95	 	28	4.96	 	564	95.11	 	29	4.89	 	593	0.67	 	338	60.04	 	225	39.96	 	1
Yulara	                                      	12	3.53	 	163	47.94	 	132	38.82	 	7	2.06	 	26	7.65	 	340	97.14	 	10	2.86	 	350	0.4	 	186	55.03	 	152	44.97	 	2
Special Hospitals	                           	18	6.55	 	97	35.27	 	135	49.09	 	10	3.64	 	15	5.45	 	275	95.49	 	13	4.51	 	288	0.33	 	117	42.55	 	157	57.09	 	1
Remote Mobiles	                              	1079	9.27	 	2282	19.6	 	7838	67.33	 	137	1.18	 	306	2.63	 	11642	94.37	 	694	5.63	 	12336	14.01	 	3230	27.74	 	8354	71.76	 	58
Prison Mobiles	                              	10	7.58	 	39	29.55	 	74	56.06	 	3	2.27	 	6	4.55	 	132	86.84	 	20	13.16	 	152	0.17	 	47	35.61	 	85	64.39	 	0
Total Ordinary	                              	2423	3.23	 	33331	44.42	 	33262	44.33	 	1405	1.87	 	4617	6.15	 	75038	96.46	 	2753	3.54	 	77791	88.37	 	37008	49.57	 	37648	50.43	 	382
POSTAL	                                      	55	2.1	 	1581	60.51	 	720	27.55	 	92	3.52	 	165	6.31	 	2613	99.09	 	24	0.91	 	2637	3	 	1746	66.92	 	863	33.08	 	4
PRE_POLL	                                    	157	2.52	 	3050	48.89	 	2365	37.91	 	186	2.98	 	481	7.71	 	6239	97.96	 	130	2.04	 	6369	7.24	 	3450	55.47	 	2770	44.53	 	19
PROVISIONAL	                                 	75	6.5	 	340	29.49	 	647	56.11	 	30	2.6	 	61	5.29	 	1153	93.66	 	78	6.34	 	1231	1.4	 	426	37.11	 	722	62.89	 	5
Division Summary	                            	2710	3.19	 	38302	45.04	 	36994	43.5	 	1713	2.01	 	5324	6.26	 	85043	96.61	 	2985	3.39	 	88028	89.1	 	42630	50.37	 	42003	49.63	 	410
