Senate - 1993 Election																
First Preference Votes by Candidate																
By Vote Type by State																


New South Wales																
Enrolment 3814932																
				Ordinary		Absent		Provisional		Pre Poll		Postal		Adj	Total	
Candidates			Party	Votes	%	Votes	%	Votes	%	Votes	%	Votes	%		Votes	%
A		TICKET VOTES	GA	34582	1.11	2644	1.20	558	1.80	1227	1.06	522	0.55	50	39583	1.10
		"BECKMANN, Jane"	GA	6143	0.20	561	0.25	108	0.35	228	0.20	137	0.14	-31	7146	0.20
		"BRIAN, Bernie"	GA	219	0.01	21	0.01	1	0.00	8	0.01	3	0.00	-10	242	0.01
		Group Total	GA	40944	1.31	3226	1.46	667	2.15	1463	1.27	662	0.70	9	46971	1.31
B		TICKET VOTES	NLP	7556	0.24	767	0.35	117	0.38	303	0.26	119	0.13	6	8868	0.25
		"KERR, Doreen"	NLP	1211	0.04	129	0.06	16	0.05	38	0.03	24	0.03	4	1422	0.04
		"SMITH, Mike"	NLP	49	0.00	4	0.00	2	0.01	2	0.00	0	0.00	-2	55	0.00
		"JUDD, Ines"	NLP	51	0.00	4	0.00	0	0.00	2	0.00	1	0.00	1	59	0.00
		Group Total	NLP	8867	0.28	904	0.41	135	0.43	345	0.30	144	0.15	9	10404	0.29
C		TICKET VOTES	CEG	2839	0.09	162	0.07	30	0.10	159	0.14	70	0.07	-7	3253	0.09
		"HAY, Leone"	CEG	415	0.01	30	0.01	1	0.00	5	0.00	15	0.02	4	470	0.01
		"BUTLER, Robert"	CEG	42	0.00	4	0.00	1	0.00	1	0.00	3	0.00	-1	50	0.00
		"WOOD, Gloria"	CEG	32	0.00	7	0.00	0	0.00	0	0.00	0	0.00	1	40	0.00
		Group Total	CEG	3328	0.11	203	0.09	32	0.10	165	0.14	88	0.09	-3	3813	0.11
D		TICKET VOTES	RPA	3397	0.11	314	0.14	48	0.15	172	0.15	103	0.11	-3	4031	0.11
		"CONSANDINE, Peter"	RPA	529	0.02	47	0.02	2	0.01	26	0.02	25	0.03	8	637	0.02
		"KLEIN, Gennie"	RPA	41	0.00	4	0.00	0	0.00	1	0.00	4	0.00	-1	49	0.00
		Group Total	RPA	3967	0.13	365	0.16	50	0.16	199	0.17	132	0.14	4	4717	0.13
E		TICKET VOTES		8444	0.27	746	0.34	71	0.23	279	0.24	272	0.29	14	9826	0.27
		"TEALE, Leonard"		4381	0.14	317	0.14	38	0.12	128	0.11	149	0.16	-4	5009	0.14
		"WARD, Colin"		40	0.00	3	0.00	1	0.00	0	0.00	5	0.01	-1	48	0.00
		Group Total		12865	0.41	1066	0.48	110	0.35	407	0.35	426	0.45	9	14883	0.42
F		TICKET VOTES	CAP	5243	0.17	311	0.14	72	0.23	239	0.21	156	0.16	-2	6019	0.17
		"UEBERGANG, K John"	CAP	577	0.02	39	0.02	9	0.03	19	0.02	24	0.03	1	669	0.02
		"HAWKINS, Doug"	CAP	35	0.00	2	0.00	0	0.00	2	0.00	2	0.00	-4	37	0.00
		Group Total	CAP	5855	0.19	352	0.16	81	0.26	260	0.22	182	0.19	-5	6725	0.19
G		TICKET VOTES	ASP	51258	1.64	3953	1.79	577	1.86	1558	1.35	1166	1.23	13	58525	1.63
		"ASCHER, Michael"	ASP	3687	0.12	255	0.12	24	0.08	141	0.12	164	0.17	2	4273	0.12
		"ORR, Ted"	ASP	323	0.01	26	0.01	4	0.01	11	0.01	15	0.02	0	379	0.01
		"WILKIE, Jeff"	ASP	236	0.01	12	0.01	5	0.02	3	0.00	6	0.01	-2	260	0.01
		"O'CONNELL, Suzanne"	ASP	82	0.00	5	0.00	1	0.00	3	0.00	7	0.01	4	102	0.00
		"BOURKE, Robyn Lee"	ASP	133	0.00	10	0.00	0	0.00	4	0.00	5	0.01	0	152	0.00
		Group Total	ASP	55719	1.78	4261	1.93	611	1.97	1720	1.49	1363	1.44	17	63691	1.78
H		TICKET VOTES		1812	0.06	81	0.04	22	0.07	55	0.05	26	0.03	-11	1985	0.06
		"POULOS, Patricia"		96	0.00	3	0.00	1	0.00	5	0.00	2	0.00	-2	105	0.00
		"ARCHER, Peter B"		21	0.00	2	0.00	0	0.00	5	0.00	0	0.00	-4	24	0.00
		"HOLLEY, John"		11	0.00	0	0.00	1	0.00	1	0.00	0	0.00	0	13	0.00
		Group Total		1940	0.06	86	0.04	24	0.08	66	0.06	28	0.03	-17	2127	0.06
I		TICKET VOTES	LNP	1184619	37.95	81120	36.66	9144	29.46	51440	44.48	42537	44.96	28	1368888	38.19
	#	"BAUME, Michael"	LP	18311	0.59	1370	0.62	108	0.35	805	0.70	1109	1.17	-40	21663	0.60
	#	"TIERNEY, John"	LP	834	0.03	81	0.04	11	0.04	46	0.04	55	0.06	-3	1024	0.03
	#	"MACDONALD, Sandy"	NP	976	0.03	130	0.06	14	0.05	43	0.04	113	0.12	-2	1274	0.04
		"PAYNE, Marise Ann"	LP	1036	0.03	93	0.04	9	0.03	53	0.05	65	0.07	6	1262	0.04
		Group Total	LNP	1205776	38.63	82794	37.42	9286	29.92	52387	45.30	43879	46.38	-11	1394111	38.90
J		TICKET VOTES		2401	0.08	174	0.08	32	0.10	112	0.10	84	0.09	3	2806	0.08
		"SANTA CLAUS, O"		614	0.02	65	0.03	7	0.02	18	0.02	36	0.04	-2	738	0.02
		"ROLO, Lord"		82	0.00	10	0.00	0	0.00	4	0.00	4	0.00	4	104	0.00
		Group Total		3097	0.10	249	0.11	39	0.13	134	0.12	124	0.13	5	3648	0.10
K		TICKET VOTES	DEM	132482	4.24	10283	4.65	1114	3.59	5410	4.68	3913	4.14	11	153213	4.27
		"SOWADA, Karin"	DEM	19193	0.61	1410	0.64	97	0.31	681	0.59	514	0.54	-15	21880	0.61
		"GRIFFITHS, Ray Ian"	DEM	478	0.02	42	0.02	4	0.01	21	0.02	21	0.02	2	568	0.02
		"CHESTERFIELD-EVANS, Arthur"	DEM	549	0.02	57	0.03	2	0.01	32	0.03	21	0.02	2	663	0.02
		Group Total	DEM	152702	4.89	11792	5.33	1217	3.92	6144	5.31	4469	4.72	0	176324	4.92
L		TICKET VOTES	ALP	1449935	46.45	99482	44.96	16888	54.41	44981	38.90	36721	38.82	208	1648215	45.99
	#	"RICHARDSON, Graham Frederick"	ALP	24273	0.78	2081	0.94	240	0.77	916	0.79	1003	1.06	-275	28238	0.79
	#	"FAULKNER, John"	ALP	937	0.03	101	0.05	19	0.06	40	0.03	52	0.05	3	1152	0.03
	#	"SIBRAA, Kerry"	ALP	854	0.03	74	0.03	12	0.04	33	0.03	48	0.05	-1	1020	0.03
		"ARMSTRONG, Mary-Anne"	ALP	2311	0.07	270	0.12	32	0.10	137	0.12	134	0.14	19	2903	0.08
		Group Total	ALP	1478310	47.36	102008	46.11	17191	55.39	46107	39.87	37958	40.12	-46	1681528	46.92
M		TICKET VOTES		1156	0.04	72	0.03	44	0.14	24	0.02	25	0.03	-13	1308	0.04
		"STEVENS, David Richard"		40	0.00	5	0.00	3	0.01	2	0.00	2	0.00	-4	48	0.00
		"HARRISON, Yvonne"		20	0.00	3	0.00	0	0.00	6	0.01	0	0.00	-1	28	0.00
		Group Total		1216	0.04	80	0.04	47	0.15	32	0.03	27	0.03	-18	1384	0.04
N		TICKET VOTES	GRN	51347	1.64	6018	2.72	797	2.57	2474	2.14	1061	1.12	32	61729	1.72
		"BRIGHAM, Steve"	GRN	9533	0.31	1068	0.48	70	0.23	409	0.35	223	0.24	-8	11295	0.32
		"WALLACE, Joy"	GRN	428	0.01	61	0.03	8	0.03	22	0.02	12	0.01	-2	529	0.01
		"COHEN, Ian"	GRN	553	0.02	72	0.03	9	0.03	36	0.03	32	0.03	2	704	0.02
		"STEAD, Cecily"	GRN	284	0.01	38	0.02	4	0.01	17	0.01	16	0.02	4	363	0.01
		Group Total	GRN	62145	1.99	7257	3.28	888	2.86	2958	2.56	1344	1.42	28	74620	2.08
O		TICKET VOTES	CTA	38391	1.23	3004	1.36	250	0.81	1600	1.38	1426	1.51	-1	44670	1.25
		"COLEMAN, Bruce"	CTA	7165	0.23	487	0.22	25	0.08	260	0.22	275	0.29	-1	8211	0.23
		"McLENNAN, Graham Clarke"	CTA	86	0.00	11	0.00	0	0.00	3	0.00	5	0.01	-3	102	0.00
		"GRIGG, Shirley J"	CTA	104	0.00	14	0.01	0	0.00	3	0.00	8	0.01	0	129	0.00
		"RYAN, Glen"	CTA	293	0.01	24	0.01	3	0.01	8	0.01	6	0.01	-1	333	0.01
		Group Total	CTA	46039	1.47	3540	1.60	278	0.90	1874	1.62	1720	1.82	-6	53445	1.49
P		TICKET VOTES	AFI	17708	0.57	1888	0.85	232	0.75	723	0.63	947	1.00	5	21503	0.60
		"KITSON, David A L"	AFI	1986	0.06	182	0.08	11	0.04	76	0.07	120	0.13	-5	2370	0.07
		"WEATHERLAKE, Ian A"	AFI	58	0.00	4	0.00	0	0.00	1	0.00	5	0.01	0	68	0.00
		Group Total	AFI	19752	0.63	2074	0.94	243	0.78	800	0.69	1072	1.13	0	23941	0.67
Q		TICKET VOTES		529	0.02	30	0.01	8	0.03	8	0.01	16	0.02	7	598	0.02
		"LAVERY, Rosemarie"		43	0.00	4	0.00	1	0.00	1	0.00	2	0.00	1	52	0.00
		"JOHN, Robert"		9	0.00	1	0.00	0	0.00	1	0.00	2	0.00	0	13	0.00
		"LAVERY, Priscilla"		7	0.00	1	0.00	0	0.00	1	0.00	0	0.00	-2	7	0.00
		Group Total		588	0.02	36	0.02	9	0.03	11	0.01	20	0.02	6	670	0.02
R		TICKET VOTES	GRY	7820	0.25	476	0.22	25	0.08	350	0.30	736	0.78	-2	9405	0.26
		"ROYLANCE, Frances"	GRY	810	0.03	37	0.02	3	0.01	35	0.03	56	0.06	-2	939	0.03
		"GROUNDS, Gay"	GRY	72	0.00	2	0.00	0	0.00	1	0.00	7	0.01	2	84	0.00
		Group Total	GRY	8702	0.28	515	0.23	28	0.09	386	0.33	799	0.84	-2	10428	0.29
S		TICKET VOTES		1129	0.04	48	0.02	6	0.02	20	0.02	14	0.01	-1	1216	0.03
		"BASS, Walter"		745	0.02	38	0.02	2	0.01	12	0.01	17	0.02	3	817	0.02
		"HALES, Paul"		18	0.00	2	0.00	0	0.00	0	0.00	1	0.00	0	21	0.00
		Group Total		1892	0.06	88	0.04	8	0.03	32	0.03	32	0.03	2	2054	0.06
T		TICKET VOTES		300	0.01	24	0.01	6	0.02	13	0.01	2	0.00	2	347	0.01
		"VESCIO, Michael"		26	0.00	4	0.00	0	0.00	3	0.00	1	0.00	0	34	0.00
		"WHEATLEY, Pamela Eileen"		3	0.00	1	0.00	0	0.00	0	0.00	1	0.00	0	5	0.00
		Group Total		329	0.01	29	0.01	6	0.02	16	0.01	4	0.00	2	386	0.01
U		TICKET VOTES		995	0.03	42	0.02	11	0.04	15	0.01	24	0.03	10	1097	0.03
		"SCHOLLBACH, Robert"		21	0.00	1	0.00	1	0.00	1	0.00	0	0.00	0	24	0.00
		"STIRLING, Karen"		8	0.00	1	0.00	0	0.00	2	0.00	1	0.00	0	12	0.00
		Group Total		1024	0.03	44	0.02	12	0.04	18	0.02	25	0.03	10	1133	0.03
UNGROUPED																
		"GAJIN, Milorad"	IND	4903	0.16	141	0.06	64	0.21	55	0.05	39	0.04	6	5208	0.15
		"ANDERSON, Michael J"	IND	464	0.01	33	0.01	4	0.01	12	0.01	15	0.02	5	533	0.01
		"DE BRY, Katherine V"	IND	113	0.00	18	0.01	2	0.01	11	0.01	10	0.01	-4	150	0.00
		"POULSEN, Ron"		71	0.00	9	0.00	0	0.00	3	0.00	1	0.00	2	86	0.00
		"ELLIS, Bryan T"	IND	72	0.00	8	0.00	1	0.00	5	0.00	2	0.00	-2	86	0.00
		"MILTON, Malcolm Joshua"	IND	138	0.00	13	0.01	1	0.00	4	0.00	11	0.01	1	168	0.00
		"DECKER, Dianne"	IND	457	0.01	38	0.02	2	0.01	11	0.01	19	0.02	1	528	0.01
		"BELETICH, Argy"	IND	275	0.01	19	0.01	0	0.00	13	0.01	10	0.01	0	317	0.01
		Ungrouped Total		6493	0.21	279	0.13	74	0.24	114	0.10	107	0.11	9	7076	0.20
			FORMAL	3121550	97.19	221248	98.34	31036	96.86	115638	98.59	94605	98.87	2	3584079	97.35
			INFORMAL	90185	2.81	3729	1.66	1007	3.14	1659	1.41	1081	1.13	-127	97534	2.65
			TOTAL	3211735	87.24	224977	6.11	32043	0.87	117297	3.19	95686	2.60	-125	3681613	96.51



Victoria																
Enrolment 2932640																
				Ordinary		Absent		Provisional		Pre Poll		Postal		Adj	Total	
Candidates			Party	Votes	%	Votes	%	Votes	%	Votes	%	Votes	%		Votes	%
A		TICKET VOTES	CIR	15386	0.64	805	0.52	113	1.05	559	0.67	1212	1.45	6	18081	0.66
		"McKAY, Neil"	CIR	3297	0.14	206	0.13	30	0.28	97	0.12	243	0.29	3	3876	0.14
		"McKAY, Alistair"	CIR	202	0.01	19	0.01	1	0.01	12	0.01	23	0.03	-5	252	0.01
		Group Total	CIR	18885	0.78	1030	0.67	144	1.34	668	0.80	1478	1.76	4	22209	0.81
B		TICKET VOTES	JPI	23372	0.97	1491	0.97	126	1.17	540	0.64	524	0.63	45	26098	0.95
		"POWELL, Janet"	JPI	6236	0.26	534	0.35	14	0.13	169	0.20	129	0.15	-3	7079	0.26
		"HAMEL-GREEN, Michael"	JPI	135	0.01	27	0.02	1	0.01	4	0.00	4	0.00	-8	163	0.01
		"O'ROURKE, Anne"	JPI	54	0.00	6	0.00	1	0.01	1	0.00	3	0.00	1	66	0.00
		"LEVY, Laurie"	JPI	245	0.01	26	0.02	0	0.00	10	0.01	20	0.02	3	304	0.01
		Group Total	JPI	30042	1.24	2084	1.36	142	1.32	724	0.86	680	0.81	38	33710	1.23
C		TICKET VOTES	AFI	13438	0.56	1289	0.84	113	1.05	751	0.90	849	1.01	22	16462	0.60
		"McCORMACK, Denis"	AFI	1891	0.08	167	0.11	9	0.08	76	0.09	130	0.16	-14	2259	0.08
		"SPENCER, Robyn Marion"	AFI	165	0.01	11	0.01	3	0.03	8	0.01	18	0.02	0	205	0.01
		Group Total	AFI	15494	0.64	1467	0.96	125	1.16	835	1.00	997	1.19	8	18926	0.69
D		TICKET VOTES	NLP	8737	0.36	973	0.63	58	0.54	395	0.47	213	0.25	-1	10375	0.38
		"GRIFFITH, Steve"	NLP	1493	0.06	144	0.09	7	0.07	53	0.06	42	0.05	8	1747	0.06
		"SCURFIELD, Lorna"	NLP	116	0.00	17	0.01	1	0.01	4	0.00	4	0.00	0	142	0.01
		"MASON, Ngaire"	NLP	63	0.00	14	0.01	0	0.00	6	0.01	1	0.00	-1	83	0.00
		Group Total	NLP	10409	0.43	1148	0.75	66	0.61	458	0.55	260	0.31	6	12347	0.45
E		TICKET VOTES	CTA	13723	0.57	1042	0.68	42	0.39	637	0.76	563	0.67	-31	15976	0.58
		"COOK, Ken"	CTA	3499	0.14	209	0.14	14	0.13	107	0.13	143	0.17	13	3985	0.15
		"GRAHAM, Murray"	CTA	120	0.00	15	0.01	0	0.00	4	0.00	5	0.01	0	144	0.01
		Group Total	CTA	17342	0.72	1266	0.82	56	0.52	748	0.89	711	0.85	-18	20105	0.73
F		TICKET VOTES	DLP	30245	1.25	2540	1.65	258	2.40	1363	1.63	986	1.18	28	35420	1.29
		"MULHOLLAND, John"	DLP	2106	0.09	190	0.12	15	0.14	72	0.09	105	0.13	-19	2469	0.09
		"ROWE, Michael"	DLP	133	0.01	14	0.01	1	0.01	2	0.00	2	0.00	-2	150	0.01
		"CREA, Pat"	DLP	77	0.00	8	0.01	0	0.00	6	0.01	5	0.01	0	96	0.00
		"DODD, Christine"	DLP	67	0.00	8	0.01	0	0.00	7	0.01	4	0.00	2	88	0.00
		"CODY, Matthew"	DLP	82	0.00	5	0.00	0	0.00	4	0.00	3	0.00	0	94	0.00
		Group Total	DLP	32710	1.35	2765	1.80	274	2.55	1454	1.74	1105	1.32	9	38317	1.40
G		TICKET VOTES	LNP	1026589	42.51	63483	41.34	3550	32.98	39996	47.73	41751	49.80	-70	1175299	42.79
	#	"SHORT, Jim"	LP	27638	1.14	1390	0.91	86	0.80	1109	1.32	1479	1.76	56	31758	1.16
	#	"McGAURAN, Julian John"	NP	1646	0.07	165	0.11	7	0.07	83	0.10	157	0.19	1	2059	0.07
	#	"TROETH, Judith"	LP	550	0.02	81	0.05	0	0.00	34	0.04	56	0.07	14	735	0.03
		"TCHEN, Tsebin"	LP	331	0.01	25	0.02	3	0.03	16	0.02	13	0.02	0	388	0.01
		"CURTIS, Ian Ronald"	LP	204	0.01	18	0.01	0	0.00	21	0.03	32	0.04	-3	272	0.01
		"WALL, Bill"	LP	411	0.02	45	0.03	2	0.02	17	0.02	52	0.06	8	535	0.02
		Group Total	LNP	1057369	43.79	65207	42.47	3648	33.89	41276	49.26	43540	51.94	6	1211046	44.09
H		TICKET VOTES	RPA	3688	0.15	248	0.16	27	0.25	155	0.18	110	0.13	-29	4199	0.15
		"BUCKLEY, Brian"	RPA	417	0.02	45	0.03	0	0.00	28	0.03	22	0.03	1	513	0.02
		"GIDLEY, Brendan Frederick"	RPA	40	0.00	4	0.00	2	0.02	0	0.00	2	0.00	0	48	0.00
		Group Total	RPA	4145	0.17	297	0.19	29	0.27	183	0.22	134	0.16	-28	4760	0.17
I		TICKET VOTES	ALP	1059141	43.86	64135	41.77	5455	50.67	30618	36.54	29142	34.76	-60	1188431	43.27
	#	"EVANS, Gareth"	ALP	39103	1.62	2326	1.51	206	1.91	986	1.18	1351	1.61	33	44005	1.60
	#	"CARR, Kim"	ALP	683	0.03	101	0.07	5	0.05	42	0.05	66	0.08	4	901	0.03
	#	"ZAKHAROV, Olive"	ALP	894	0.04	95	0.06	5	0.05	37	0.04	36	0.04	7	1074	0.04
		"McKENZIE, David"	ALP	736	0.03	66	0.04	6	0.06	37	0.04	80	0.10	8	933	0.03
		Group Total	ALP	1100557	45.58	66723	43.45	5677	52.74	31720	37.85	30675	36.59	-8	1235344	44.98
J		TICKET VOTES	DEM	82383	3.41	6393	4.16	335	3.11	3236	3.86	2480	2.96	267	95094	3.46
		"WOOD, Robert"	DEM	11422	0.47	1018	0.66	30	0.28	390	0.47	361	0.43	-262	12959	0.47
		"KAYAK, Maria"	DEM	301	0.01	55	0.04	1	0.01	14	0.02	16	0.02	-25	362	0.01
		"WHITE, Marj"	DEM	102	0.00	20	0.01	1	0.01	6	0.01	12	0.01	0	141	0.01
		"PINNIGER, John"	DEM	88	0.00	9	0.01	1	0.01	5	0.01	10	0.01	0	113	0.00
		"CASBOLT, Diane"	DEM	139	0.01	11	0.01	0	0.00	7	0.01	10	0.01	3	170	0.01
		"STEAR, Kathryn"	DEM	295	0.01	45	0.03	0	0.00	27	0.03	18	0.02	-1	384	0.01
		Group Total	DEM	94730	3.92	7551	4.92	368	3.42	3685	4.40	2907	3.47	-18	109223	3.98
K		TICKET VOTES		0	0.00	0	0.00	0	0.00	0	0.00	0	0.00	0	0	0.00
		"TOSCANO, Joe"		146	0.01	18	0.01	0	0.00	3	0.00	4	0.00	0	171	0.01
		"ROPER, Stephen"		29	0.00	1	0.00	0	0.00	0	0.00	0	0.00	-2	28	0.00
		Group Total		175	0.01	19	0.01	0	0.00	3	0.00	4	0.00	-2	199	0.01
L		TICKET VOTES	VGA	20163	0.84	2913	1.90	167	1.55	1584	1.89	896	1.07	-17	25706	0.94
		"DAVIDSON, Francesca"	VGA	5314	0.22	610	0.40	26	0.24	284	0.34	224	0.27	9	6467	0.24
		"ASQUINI, Loretta"	VGA	228	0.01	36	0.02	2	0.02	16	0.02	17	0.02	0	299	0.01
		Group Total	VGA	25705	1.06	3559	2.32	195	1.81	1884	2.25	1137	1.36	-8	32472	1.18
UNGROUPED																
		"MOFFATT, Gordon"	IND	308	0.01	26	0.02	1	0.01	15	0.02	16	0.02	-1	365	0.01
		"BANJANIN, Toma"		2110	0.09	58	0.04	17	0.16	11	0.01	22	0.03	-2	2216	0.08
		"HARDY, Frank"	IND	3093	0.13	211	0.14	11	0.10	89	0.11	123	0.15	-4	3523	0.13
		"BELL, Laurie"	IND	45	0.00	3	0.00	0	0.00	0	0.00	2	0.00	-1	49	0.00
		"ROTARU, Alex"	CEG	37	0.00	6	0.00	0	0.00	1	0.00	1	0.00	0	45	0.00
		"FLORIN, Steve"	IND	71	0.00	11	0.01	1	0.01	3	0.00	5	0.01	-1	90	0.00
		"GOOD, Michael"	IND	132	0.01	17	0.01	0	0.00	7	0.01	11	0.01	0	167	0.01
		"ISHERWOOD, Noelene"	CEG	41	0.00	5	0.00	0	0.00	3	0.00	3	0.00	0	52	0.00
		"PETHERBRIDGE, Tim"	IND	690	0.03	70	0.05	2	0.02	20	0.02	11	0.01	-3	790	0.03
		"PAVLEKOVICH-SMITH, Ivan"	IND	53	0.00	5	0.00	0	0.00	4	0.00	2	0.00	0	64	0.00
		"FAZAL, Abdul Khaliq"	IND	521	0.02	21	0.01	9	0.08	7	0.01	6	0.01	1	565	0.02
		Ungrouped Total		7101	0.29	433	0.28	41	0.38	160	0.19	202	0.24	-11	7926	0.29
			FORMAL	2414664	96.79	153549	98.00	10765	96.43	83798	98.09	83830	98.33	-22	2746584	96.94
			INFORMAL	80121	3.21	3133	2.00	398	3.57	1630	1.91	1421	1.67	-69	86634	3.06
			TOTAL	2494785	88.05	156682	5.53	11163	0.39	85428	3.02	85251	3.01	-91	2833218	96.61



Queensland																
Enrolment 1971729																
				Ordinary		Absent		Provisional		Pre Poll		Postal		Adj	Total	
Candidates			Party	Votes	%	Votes	%	Votes	%	Votes	%	Votes	%		Votes	%
A		TICKET VOTES	CAP	40068	2.51	3034	2.50	166	2.99	1109	1.77	976	1.50	4	45357	2.45
		"JEWELL, Perry J.B."	CAP	5753	0.36	397	0.33	20	0.36	146	0.23	213	0.33	-9	6520	0.35
		"PITT, A. R."	CAP	434	0.03	40	0.03	0	0.00	24	0.04	29	0.04	1	528	0.03
		"HILL, Sandra"	CAP	226	0.01	19	0.02	1	0.02	5	0.01	10	0.02	1	262	0.01
		"GEISSMANN, Mark S."	CAP	99	0.01	9	0.01	0	0.00	5	0.01	4	0.01	-1	116	0.01
		"GILL, Ryland E."	CAP	48	0.00	5	0.00	0	0.00	1	0.00	1	0.00	0	55	0.00
		"TEAGUE, Richard C."	CAP	85	0.01	10	0.01	1	0.02	4	0.01	5	0.01	-1	104	0.01
		Group Total	CAP	46713	2.93	3514	2.89	188	3.38	1294	2.06	1238	1.90	-5	52942	2.86
B		TICKET VOTES	NP	216689	13.58	14679	12.09	423	7.61	7024	11.18	13110	20.09	6	251931	13.61
	#	"O'CHEE, Bill"	NP	12833	0.80	1109	0.91	23	0.41	468	0.74	1404	2.15	-8	15829	0.86
		"KELLY, De-Anne"	NP	493	0.03	67	0.06	0	0.00	13	0.02	46	0.07	-1	618	0.03
		"COBB, Teresa M."	NP	304	0.02	27	0.02	1	0.02	18	0.03	81	0.12	0	431	0.02
		Group Total	NP	230319	14.44	15882	13.08	447	8.04	7523	11.97	14641	22.43	-3	268809	14.53
C		TICKET VOTES	LP	464371	29.10	36050	29.69	1595	28.68	23870	37.99	18425	28.23	30	544341	29.41
	#	"MacGIBBON, David"	LP	32086	2.01	1646	1.36	65	1.17	952	1.52	1238	1.90	-25	35962	1.94
	#	"PARER, Warwick"	LP	495	0.03	46	0.04	0	0.00	26	0.04	61	0.09	3	631	0.03
		"CUNNINGHAM, Ross Alan"	LP	364	0.02	46	0.04	1	0.02	20	0.03	33	0.05	2	466	0.03
		"BUCHANAN, Ann"	LP	513	0.03	87	0.07	5	0.09	42	0.07	53	0.08	0	700	0.04
		"BIRD, Henry Walter"	LP	132	0.01	16	0.01	1	0.02	1	0.00	9	0.01	-11	148	0.01
		"DAVIES, Owen"	LP	415	0.03	47	0.04	1	0.02	26	0.04	24	0.04	5	518	0.03
		Group Total	LP	498376	31.24	37938	31.24	1668	29.99	24937	39.69	19843	30.40	4	582766	31.49
D		TICKET VOTES	CTA	7095	0.44	768	0.63	24	0.43	450	0.72	412	0.63	0	8749	0.47
		"SIMS, Alan"	CTA	1905	0.12	150	0.12	0	0.00	88	0.14	118	0.18	-2	2259	0.12
		"JOYNER, Rona"	CTA	449	0.03	39	0.03	0	0.00	19	0.03	29	0.04	2	538	0.03
		Group Total	CTA	9449	0.59	957	0.79	24	0.43	557	0.89	559	0.86	0	11546	0.62
E		TICKET VOTES		1411	0.09	150	0.12	5	0.09	89	0.14	47	0.07	11	1713	0.09
		"WEEDON, Barry"		231	0.01	17	0.01	3	0.05	10	0.02	5	0.01	-7	259	0.01
		"CROMPTON, Margaret"		49	0.00	4	0.00	2	0.04	1	0.00	2	0.00	0	58	0.00
		Group Total		1691	0.11	171	0.14	10	0.18	100	0.16	54	0.08	4	2030	0.11
F		TICKET VOTES	QG	40764	2.55	6918	5.70	296	5.32	1938	3.08	1051	1.61	1	50968	2.75
		"HUTTON, Drew"	QG	6408	0.40	640	0.53	20	0.36	331	0.53	173	0.27	2	7574	0.41
		"HUNT, Colin"	QG	131	0.01	8	0.01	0	0.00	4	0.01	4	0.01	-7	140	0.01
		"SPENCER, Naomi"	QG	487	0.03	69	0.06	5	0.09	30	0.05	26	0.04	4	621	0.03
		Group Total	QG	47790	3.00	7635	6.29	321	5.77	2303	3.67	1254	1.92	0	59303	3.20
G		TICKET VOTES	ALP	616033	38.61	43808	36.08	2433	43.75	21062	33.52	22934	35.14	24	706294	38.16
	#	"REYNOLDS, Margaret"	ALP	16719	1.05	1478	1.22	50	0.90	581	0.92	791	1.21	7	19626	1.06
	#	"COLSTON, Malcolm"	ALP	849	0.05	83	0.07	3	0.05	29	0.05	84	0.13	5	1053	0.06
		"BIRD, John"	ALP	676	0.04	83	0.07	4	0.07	32	0.05	35	0.05	2	832	0.04
		"McLEAN, Ian"	ALP	1202	0.08	129	0.11	5	0.09	49	0.08	64	0.10	11	1460	0.08
		Group Total	ALP	635479	39.83	45581	37.54	2495	44.87	21753	34.62	23908	36.63	49	729265	39.41
H		TICKET VOTES		958	0.06	79	0.07	5	0.09	38	0.06	30	0.05	-3	1107	0.06
		"ALFORD, Ronald James"		98	0.01	9	0.01	1	0.02	1	0.00	4	0.01	0	113	0.01
		"SMITH, Sylvia Dianne"		43	0.00	4	0.00	0	0.00	2	0.00	3	0.00	0	52	0.00
		Group Total		1099	0.07	92	0.08	6	0.11	41	0.07	37	0.06	-3	1272	0.07
I		TICKET VOTES	AIP	4721	0.30	338	0.28	28	0.50	144	0.23	136	0.21	-6	5361	0.29
		"McCARTHY, Darby"	AIP	891	0.06	76	0.06	3	0.05	18	0.03	13	0.02	0	1001	0.05
		"BRANFIELD, Una"	AIP	54	0.00	1	0.00	0	0.00	3	0.00	2	0.00	0	60	0.00
		Group Total	AIP	5666	0.36	415	0.34	31	0.56	165	0.26	151	0.23	-6	6422	0.35
J		TICKET VOTES	NLP	2493	0.16	305	0.25	12	0.22	141	0.22	59	0.09	-2	3008	0.16
		"WILSON, Geoff"	NLP	420	0.03	42	0.03	2	0.04	18	0.03	15	0.02	-1	496	0.03
		"JACKSON, Peter"	NLP	55	0.00	11	0.01	1	0.02	3	0.00	1	0.00	0	71	0.00
		Group Total	NLP	2968	0.19	358	0.29	15	0.27	162	0.26	75	0.11	-3	3575	0.19
K		TICKET VOTES	DEM	99166	6.22	7604	6.26	316	5.68	3388	5.39	2976	4.56	3	113453	6.13
	#	"WOODLEY, John"	DEM	13682	0.86	979	0.81	27	0.49	467	0.74	370	0.57	15	15540	0.84
		"CORNISH, Jonathan"	DEM	179	0.01	22	0.02	0	0.00	5	0.01	9	0.01	1	216	0.01
		"WOODROW, Gayle"	DEM	697	0.04	80	0.07	4	0.07	41	0.07	36	0.06	-1	857	0.05
		"WALTERS, Tony"	DEM	302	0.02	17	0.01	1	0.02	13	0.02	6	0.01	0	339	0.02
		Group Total	DEM	114026	7.15	8702	7.17	348	6.26	3914	6.23	3397	5.20	18	130405	7.05
UNGROUPED																
		"DIMITRIOU, Steve"	IND	866	0.05	101	0.08	2	0.04	30	0.05	44	0.07	0	1043	0.06
		"KOEHLER, John"	CEG	474	0.03	18	0.01	1	0.02	18	0.03	27	0.04	0	538	0.03
		"GARVEY, Barry"	IND	123	0.01	12	0.01	1	0.02	6	0.01	8	0.01	0	150	0.01
		"SHERLOCK, Joe"	IND	195	0.01	19	0.02	1	0.02	10	0.02	11	0.02	0	236	0.01
		"BEILBY, Christopher Hart"		89	0.01	11	0.01	2	0.04	0	0.00	2	0.00	1	105	0.01
		"WARNER, Julie"	CEG	192	0.01	29	0.02	1	0.02	15	0.02	18	0.03	-1	254	0.01
		Ungrouped Total		1939	0.12	190	0.16	8	0.14	79	0.13	110	0.17	0	2326	0.13
			FORMAL	1595515	97.84	121435	98.78	5561	97.60	62828	98.85	65267	98.68	55	1850661	97.96
			INFORMAL	35185	2.16	1501	1.22	137	2.40	733	1.15	871	1.32	64	38491	2.04
			TOTAL	1630700	86.32	122936	6.51	5698	0.30	63561	3.36	66138	3.50	119	1889152	95.81



Western Australia																
Enrolment 1038968																
				Ordinary		Absent		Provisional		Pre Poll		Postal		Adj	Total	
Candidates			Party	Votes	%	Votes	%	Votes	%	Votes	%	Votes	%		Votes	%
A		TICKET VOTES	CTA	7622	0.89	653	0.91	36	0.73	188	0.73	150	0.78	19	8668	0.89
		"ROGERS, Don"	CTA	2456	0.29	237	0.33	16	0.32	58	0.22	60	0.31	-14	2813	0.29
		"ROGERS, Beryl"	CTA	72	0.01	8	0.01	2	0.04	3	0.01	1	0.01	1	87	0.01
		Group Total	CTA	10150	1.19	898	1.25	54	1.09	249	0.96	211	1.10	6	11568	1.19
B		TICKET VOTES	NLP	2247	0.26	240	0.33	16	0.32	64	0.25	53	0.28	9	2629	0.27
		"KING, Michael"	NLP	605	0.07	73	0.10	4	0.08	15	0.06	5	0.03	0	702	0.07
		"JACKSON, Phillip"	NLP	40	0.00	2	0.00	1	0.02	0	0.00	2	0.01	0	45	0.00
		"FITZHARDINGE, Jody"	NLP	112	0.01	11	0.02	0	0.00	1	0.00	2	0.01	0	126	0.01
		"COPPIN, Peter"	NLP	54	0.01	17	0.02	0	0.00	1	0.00	3	0.02	-8	67	0.01
		Group Total	NLP	3058	0.36	343	0.48	21	0.42	81	0.31	65	0.34	1	3569	0.37
C		TICKET VOTES	GWA	35609	4.17	4408	6.15	354	7.16	1238	4.78	595	3.10	24	42228	4.33
	#	"MARGETTS, Dee"	GWA	9476	1.11	985	1.37	50	1.01	307	1.18	166	0.86	-1	10983	1.13
		"WILLIAMS, Chris"	GWA	456	0.05	56	0.08	1	0.02	20	0.08	12	0.06	1	546	0.06
		Group Total	GWA	45541	5.33	5449	7.60	405	8.19	1565	6.04	773	4.02	24	53757	5.51
D		TICKET VOTES	RPA	1026	0.12	94	0.13	12	0.24	47	0.18	30	0.16	0	1209	0.12
		"LANGLEY, David"	RPA	230	0.03	15	0.02	2	0.04	19	0.07	12	0.06	1	279	0.03
		"STRATTON, Rodney"	RPA	26	0.00	3	0.00	0	0.00	2	0.01	1	0.01	-1	31	0.00
		Group Total	RPA	1282	0.15	112	0.16	14	0.28	68	0.26	43	0.22	0	1519	0.16
E		TICKET VOTES	ALP	320693	37.56	24381	34.01	2270	45.91	8428	32.51	6236	32.46	24	362032	37.10
	#	"COOK, Peter"	ALP	8181	0.96	770	1.07	68	1.38	328	1.27	290	1.51	4	9641	0.99
	#	"EVANS, Christopher"	ALP	526	0.06	64	0.09	13	0.26	21	0.08	24	0.12	-5	643	0.07
		"BISHOP, Mark"	ALP	286	0.03	48	0.07	4	0.08	12	0.05	12	0.06	-1	361	0.04
		"ROBERTS, Neil"	ALP	482	0.06	53	0.07	4	0.08	12	0.05	17	0.09	2	570	0.06
		Group Total	ALP	330168	38.67	25316	35.32	2359	47.71	8801	33.95	6579	34.25	24	373247	38.25
F		TICKET VOTES	LP	404003	47.31	33671	46.97	1793	36.27	13263	51.17	9781	50.92	32	462543	47.40
	#	"KNOWLES, Sue"	LP	6090	0.71	575	0.80	30	0.61	283	1.09	316	1.65	-4	7290	0.75
	#	"CAMPBELL, Ian"	LP	910	0.11	114	0.16	12	0.24	44	0.17	73	0.38	0	1153	0.12
	#	"ELLISON, Chris"	LP	213	0.02	27	0.04	1	0.02	9	0.03	12	0.06	0	262	0.03
		"BROCKWELL, Maurice"	LP	303	0.04	35	0.05	3	0.06	12	0.05	15	0.08	-1	367	0.04
		"SIRNA, Enzo"	LP	117	0.01	15	0.02	0	0.00	4	0.02	5	0.03	1	142	0.01
		"McCAUSLAND, John Allan"	LP	308	0.04	38	0.05	0	0.00	9	0.03	19	0.10	0	374	0.04
		Group Total	LP	411944	48.24	34475	48.09	1839	37.20	13624	52.56	10221	53.21	28	472131	48.39
G		TICKET VOTES	CEG	588	0.07	41	0.06	6	0.12	26	0.10	26	0.14	5	692	0.07
		"SEALE, John Digby"	CEG	132	0.02	17	0.02	1	0.02	3	0.01	10	0.05	-3	160	0.02
		"MOLLOY, Laurence John"	CEG	22	0.00	1	0.00	0	0.00	0	0.00	1	0.01	0	24	0.00
		Group Total	CEG	742	0.09	59	0.08	7	0.14	29	0.11	37	0.19	2	876	0.09
H		TICKET VOTES	DEM	27445	3.21	2391	3.34	149	3.01	822	3.17	532	2.77	7	31346	3.21
		"JENKINS, Jean"	DEM	7197	0.84	559	0.78	21	0.42	227	0.88	125	0.65	-8	8121	0.83
		"HODGSON, Helen"	DEM	333	0.04	25	0.03	3	0.06	10	0.04	10	0.05	1	382	0.04
		Group Total	DEM	34975	4.10	2975	4.15	173	3.50	1059	4.09	667	3.47	0	39849	4.08
I		TICKET VOTES	NP	12826	1.50	1715	2.39	59	1.19	340	1.31	486	2.53	11	15437	1.58
		"JARDINE, Michael"	NP	1193	0.14	147	0.21	1	0.02	41	0.16	50	0.26	-2	1430	0.15
		"CLUNE, Paul"	NP	77	0.01	4	0.01	0	0.00	2	0.01	2	0.01	0	85	0.01
		"LEE, David"	NP	102	0.01	10	0.01	0	0.00	2	0.01	8	0.04	1	123	0.01
		Group Total	NP	14198	1.66	1876	2.62	60	1.21	385	1.49	546	2.84	10	17075	1.75
J		TICKET VOTES		585	0.07	71	0.10	7	0.14	19	0.07	16	0.08	23	721	0.07
		"NESCI, Frank"		195	0.02	14	0.02	1	0.02	3	0.01	2	0.01	0	215	0.02
		"NESCI, Paul John"		17	0.00	0	0.00	0	0.00	0	0.00	0	0.00	0	17	0.00
		Group Total		797	0.09	85	0.12	8	0.16	22	0.08	18	0.09	23	953	0.10
UNGROUPED																
		"FINNEY, Rick"	IND	453	0.05	44	0.06	1	0.02	24	0.09	22	0.11	5	549	0.06
		"VAUGHAN, Salli"	GRY	211	0.02	17	0.02	0	0.00	7	0.03	14	0.07	-4	245	0.03
		"RICHARDSON, Roland"	CAP	181	0.02	16	0.02	1	0.02	5	0.02	6	0.03	-1	208	0.02
		"TUCAK, John Damian"	IND	194	0.02	19	0.03	2	0.04	3	0.01	7	0.04	1	226	0.02
		Ungrouped Total		1039	0.12	96	0.13	4	0.08	39	0.15	49	0.26	1	1228	0.13
			FORMAL	853894	97.75	71684	98.66	4944	97.13	25922	99.19	19209	99.05	119	975772	97.89
			INFORMAL	19614	2.25	971	1.34	146	2.87	213	0.81	185	0.95	-146	20983	2.11
			TOTAL	873508	87.64	72655	7.29	5090	0.51	26135	2.62	19394	1.95	-27	996755	95.94



South Australia																
Enrolment 1014400																
				Ordinary		Absent		Provisional		Pre Poll		Postal		Adj	Total	
Candidates			Party	Votes	%	Votes	%	Votes	%	Votes	%	Votes	%		Votes	%
A		TICKET VOTES	RPA	2847	0.34	182	0.33	25	0.82	79	0.33	39	0.15	3	3175	0.34
		"NASRULLAH, Bilal"	RPA	842	0.10	64	0.12	5	0.16	21	0.09	17	0.06	-13	936	0.10
		"HILL, Peter"	RPA	62	0.01	5	0.01	5	0.16	2	0.01	10	0.04	-4	80	0.01
		Group Total	RPA	3751	0.45	251	0.46	35	1.15	102	0.42	66	0.25	-14	4191	0.44
B		TICKET VOTES	GSA	9568	1.14	1216	2.21	61	2.01	590	2.44	295	1.11	2	11732	1.24
		"FRICKER, Ally"	GSA	3016	0.36	308	0.56	12	0.39	159	0.66	102	0.38	-1	3596	0.38
		"WEISSMANN, Gerhard"	GSA	121	0.01	8	0.01	0	0.00	6	0.02	4	0.02	0	139	0.01
		Group Total	GSA	12705	1.52	1532	2.78	73	2.40	755	3.13	401	1.51	1	15467	1.64
C		TICKET VOTES	NP	3345	0.40	226	0.41	25	0.82	166	0.69	194	0.73	0	3956	0.42
		"McCALLUM, Nola"	NP	410	0.05	35	0.06	1	0.03	20	0.08	32	0.12	-2	496	0.05
		"BRADSHAW, Michael"	NP	38	0.00	6	0.01	0	0.00	2	0.01	2	0.01	-2	46	0.00
		Group Total	NP	3793	0.45	267	0.48	26	0.86	188	0.78	228	0.86	-4	4498	0.48
D		TICKET VOTES	CTA	7395	0.88	497	0.90	21	0.69	206	0.85	235	0.88	0	8354	0.88
		"RODWAY, David"	CTA	1969	0.24	157	0.28	6	0.20	50	0.21	77	0.29	3	2262	0.24
		"SQUIRRELL, David"	CTA	126	0.02	14	0.03	1	0.03	3	0.01	6	0.02	-4	146	0.02
		Group Total	CTA	9490	1.13	668	1.21	28	0.92	259	1.07	318	1.20	-1	10762	1.14
E		TICKET VOTES	ALP	309268	36.94	20023	36.33	1265	41.61	8378	34.68	8463	31.85	4	347401	36.72
	#	"BOLKUS, Nick"	ALP	8578	1.02	709	1.29	30	0.99	312	1.29	389	1.46	-17	10001	1.06
	#	"FOREMAN, Dominic"	ALP	208	0.02	24	0.04	1	0.03	10	0.04	14	0.05	-1	256	0.03
		"MAGUIRE, Graham"	ALP	518	0.06	37	0.07	3	0.10	11	0.05	34	0.13	2	605	0.06
		"McDONALD, Rosalie Ann"	ALP	1000	0.12	101	0.18	4	0.13	57	0.24	64	0.24	2	1228	0.13
		Group Total	ALP	319572	38.17	20894	37.91	1303	42.86	8768	36.30	8964	33.73	-10	359491	38.00
F		TICKET VOTES		2199	0.26	152	0.28	10	0.33	74	0.31	42	0.16	4	2481	0.26
		"LIEW, Dr Alex"		144	0.02	11	0.02	0	0.00	4	0.02	7	0.03	-4	162	0.02
		"SCHIRRIPA, Douglas"		66	0.01	2	0.00	0	0.00	2	0.01	2	0.01	1	73	0.01
		Group Total		2409	0.29	165	0.30	10	0.33	80	0.33	51	0.19	1	2716	0.29
G		TICKET VOTES	DEM	69679	8.32	4931	8.95	240	7.89	1674	6.93	1564	5.89	2	78090	8.25
	#	"LEES, Meg"	DEM	12596	1.50	916	1.66	34	1.12	292	1.21	286	1.08	-4	14120	1.49
		"SWIFT, Stephen"	DEM	221	0.03	18	0.03	1	0.03	8	0.03	8	0.03	-8	248	0.03
		"STOTT DESPOJA, Natasha"	DEM	515	0.06	51	0.09	0	0.00	29	0.12	32	0.12	0	627	0.07
		"TICKLE, Patricia"	DEM	204	0.02	20	0.04	0	0.00	4	0.02	11	0.04	1	240	0.03
		Group Total	DEM	83215	9.94	5936	10.77	275	9.05	2007	8.31	1901	7.15	-9	93325	9.87
H		TICKET VOTES	NLP	4556	0.54	463	0.84	28	0.92	117	0.48	88	0.33	2	5254	0.56
		"WELLS, Dr Geoff"	NLP	1371	0.16	95	0.17	5	0.16	26	0.11	26	0.10	-3	1520	0.16
		"MARTIN, Anne"	NLP	91	0.01	15	0.03	0	0.00	5	0.02	8	0.03	1	120	0.01
		"MORRIS, Dulcie"	NLP	36	0.00	5	0.01	0	0.00	1	0.00	0	0.00	0	42	0.00
		Group Total	NLP	6054	0.72	578	1.05	33	1.09	149	0.62	122	0.46	0	6936	0.73
I		TICKET VOTES	EFF	4962	0.59	279	0.51	13	0.43	107	0.44	108	0.41	0	5469	0.58
		"DWYER, David"	EFF	422	0.05	25	0.05	2	0.07	20	0.08	10	0.04	0	479	0.05
		"GIDDINGS, Douglas"	EFF	28	0.00	2	0.00	0	0.00	0	0.00	1	0.00	3	34	0.00
		"GIDDINGS, Vanessa"	EFF	46	0.01	4	0.01	0	0.00	0	0.00	2	0.01	-3	49	0.01
		Group Total	EFF	5458	0.65	310	0.56	15	0.49	127	0.53	121	0.46	0	6031	0.64
J		TICKET VOTES	GRY	5171	0.62	262	0.48	10	0.33	168	0.70	436	1.64	3	6050	0.64
		"HOLDER, Jack"	GRY	638	0.08	39	0.07	3	0.10	18	0.07	47	0.18	-1	744	0.08
		"PRESTON, Betty"	GRY	79	0.01	4	0.01	0	0.00	1	0.00	11	0.04	0	95	0.01
		"BOTTAM, Glen"	GRY	31	0.00	1	0.00	0	0.00	1	0.00	2	0.01	-2	33	0.00
		Group Total	GRY	5919	0.71	306	0.56	13	0.43	188	0.78	496	1.87	0	6922	0.73
K		TICKET VOTES	AFI	2633	0.31	268	0.49	17	0.56	98	0.41	135	0.51	2	3153	0.33
		"MOORE, Evonne"	AFI	323	0.04	37	0.07	4	0.13	15	0.06	22	0.08	-2	399	0.04
		"SMITH, Joe"	AFI	39	0.00	3	0.01	2	0.07	1	0.00	2	0.01	-2	45	0.00
		Group Total	AFI	2995	0.36	308	0.56	23	0.76	114	0.47	159	0.60	-2	3597	0.38
L		TICKET VOTES	LP	372394	44.48	23251	42.18	1190	39.14	11015	45.60	13069	49.18	3	420922	44.50
	#	"VANSTONE, Amanda"	LP	7874	0.94	530	0.96	12	0.39	334	1.38	526	1.98	-13	9263	0.98
	#	"MINCHIN, Nick"	LP	514	0.06	38	0.07	1	0.03	25	0.10	52	0.20	-3	627	0.07
	#	"FERGUSON, Alan"	LP	465	0.06	51	0.09	3	0.10	32	0.13	61	0.23	-4	608	0.06
		"GUPTA, Satish"	LP	185	0.02	18	0.03	0	0.00	3	0.01	14	0.05	2	222	0.02
		Group Total	LP	381432	45.56	23888	43.34	1206	39.67	11409	47.23	13722	51.64	-15	431642	45.63
UNGROUPED																
		"RICE, Mark"	IND	273	0.03	14	0.03	0	0.00	7	0.03	18	0.07	1	313	0.03
		"BROOM, Bernard William"	IND	27	0.00	1	0.00	0	0.00	1	0.00	3	0.01	-1	31	0.00
		"SMITH, E.C. (Ean)"	IND	43	0.01	2	0.00	0	0.00	2	0.01	4	0.02	2	53	0.01
		Ungrouped Total		343	0.04	17	0.03	0	0.00	10	0.04	25	0.09	2	397	0.04
			FORMAL	837136	97.59	55120	98.34	3040	97.53	24156	98.59	26574	98.89	-51	945975	97.69
			INFORMAL	20715	2.41	932	1.66	77	2.47	346	1.41	299	1.11	21	22390	2.31
			TOTAL	857851	88.59	56052	5.79	3117	0.32	24502	2.53	26873	2.78	-30	968365	95.46



Tasmania																
Enrolment 327919																
				Ordinary		Absent		Provisional		Pre Poll		Postal		Adj	Total	
Candidates			Party	Votes	%	Votes	%	Votes	%	Votes	%	Votes	%		Votes	%
A		TICKET VOTES	HAR	16762	6.10	857	5.33	33	4.67	343	4.22	533	5.78	3	18531	6.00
	#	"HARRADINE, Brian"	HAR	12309	4.48	629	3.91	16	2.27	324	3.99	401	4.35	-8	13671	4.43
		Group Total	HAR	29071	10.59	1486	9.24	49	6.94	667	8.21	934	10.12	-5	32202	10.43
B		TICKET VOTES	ALP	98397	35.83	5568	34.63	331	46.88	2443	30.06	2865	31.06	8	109612	35.50
	#	"TATE, Michael"	ALP	13679	4.98	879	5.47	32	4.53	417	5.13	568	6.16	-11	15564	5.04
	#	"COATES, John"	ALP	2517	0.92	135	0.84	6	0.85	85	1.05	142	1.54	1	2886	0.93
	#	"MURPHY, Shayne"	ALP	1089	0.40	69	0.43	3	0.42	22	0.27	47	0.51	-1	1229	0.40
		"AULICH, Terry"	ALP	2275	0.83	121	0.75	3	0.42	63	0.78	123	1.33	0	2585	0.84
		Group Total	ALP	117957	42.95	6772	42.12	375	53.12	3030	37.28	3745	40.60	-3	131876	42.71
C		TICKET VOTES	TST	1616	0.59	102	0.63	5	0.71	37	0.46	37	0.40	0	1797	0.58
		"SPROULE, Alan"	TST	679	0.25	45	0.28	3	0.42	13	0.16	13	0.14	-1	752	0.24
		"McSHANE, Frances"	TST	221	0.08	21	0.13	0	0.00	5	0.06	19	0.21	0	266	0.09
		Group Total	TST	2516	0.92	168	1.04	8	1.13	55	0.68	69	0.75	-1	2815	0.91
D		TICKET VOTES	TG	10482	3.82	929	5.78	37	5.24	582	7.16	306	3.32	0	12336	4.00
		"HENDERSON, Judy"	TG	7259	2.64	572	3.56	10	1.42	349	4.29	225	2.44	1	8416	2.73
		"JONES, Peter"	TG	135	0.05	14	0.09	0	0.00	12	0.15	13	0.14	0	174	0.06
		"FRY, Marion"	TG	118	0.04	19	0.12	0	0.00	7	0.09	17	0.18	0	161	0.05
		Group Total	TG	17994	6.55	1534	9.54	47	6.66	950	11.69	561	6.08	1	21087	6.83
E		TICKET VOTES	CTA	814	0.30	31	0.19	6	0.85	35	0.43	26	0.28	0	912	0.30
		"HOPSON, Philip"	CTA	499	0.18	29	0.18	2	0.28	14	0.17	21	0.23	0	565	0.18
		"HOPSON, Janelle"	CTA	34	0.01	1	0.01	0	0.00	4	0.05	3	0.03	0	42	0.01
		Group Total	CTA	1347	0.49	61	0.38	8	1.13	53	0.65	50	0.54	0	1519	0.49
F		TICKET VOTES	NLP	263	0.10	18	0.11	0	0.00	11	0.14	10	0.11	1	303	0.10
		"BROSZCZYK, Greg"	NLP	110	0.04	8	0.05	0	0.00	3	0.04	2	0.02	0	123	0.04
		"DAVIES, Caroline"	NLP	53	0.02	4	0.02	0	0.00	7	0.09	0	0.00	0	64	0.02
		Group Total	NLP	426	0.16	30	0.19	0	0.00	21	0.26	12	0.13	1	490	0.16
G		TICKET VOTES	DEM	2901	1.06	182	1.13	12	1.70	120	1.48	99	1.07	0	3314	1.07
		"HARMSEN, Patsy"	DEM	1489	0.54	103	0.64	6	0.85	71	0.87	40	0.43	0	1709	0.55
		"STEPHEN, David"	DEM	124	0.05	6	0.04	1	0.14	4	0.05	4	0.04	0	139	0.05
		Group Total	DEM	4514	1.64	291	1.81	19	2.69	195	2.40	143	1.55	0	5162	1.67
H		TICKET VOTES	LP	86139	31.36	4833	30.06	177	25.07	2614	32.16	2973	32.23	1	96737	31.33
	#	"ARCHER, Brian"	LP	10823	3.94	646	4.02	17	2.41	377	4.64	549	5.95	-7	12405	4.02
	#	"GIBSON, Brian"	LP	2034	0.74	148	0.92	2	0.28	87	1.07	102	1.11	1	2374	0.77
		"ABETZ, Eric"	LP	1587	0.58	97	0.60	4	0.57	70	0.86	74	0.80	-1	1831	0.59
		Group Total	LP	100583	36.62	5724	35.60	200	28.33	3148	38.73	3698	40.09	-6	113347	36.71
UNGROUPED																
		"JAMIESON, Ian"	IND	233	0.08	13	0.08	0	0.00	9	0.11	13	0.14	-3	265	0.09
		Ungrouped Total		233	0.08	13	0.08	0	0.00	9	0.11	13	0.14	-3	265	0.09
			FORMAL	274641	97.31	16079	98.40	706	96.58	8128	98.74	9225	98.59	-16	308763	97.44
			INFORMAL	7583	2.69	261	1.60	25	3.42	104	1.26	132	1.41	16	8121	2.56
			TOTAL	282224	89.06	16340	5.16	731	0.23	8232	2.60	9357	2.95	0	316884	96.63



Australian Capital Territory																
Enrolment 192487																
				Ordinary		Absent		Provisional		Pre Poll		Postal		Adj	Total	
Candidates			Party	Votes	%	Votes	%	Votes	%	Votes	%	Votes	%		Votes	%
A		TICKET VOTES	DEM	6700	4.60	191	5.10	85	4.44	1196	4.47	269	4.75	0	8441	4.59
		"MICO, Domenic"	DEM	3009	2.06	75	2.00	37	1.93	474	1.77	82	1.45	0	3677	2.00
		"MAIN, Peter"	DEM	425	0.29	14	0.37	2	0.10	77	0.29	20	0.35	0	538	0.29
		Group Total	DEM	10134	6.95	280	7.48	124	6.48	1747	6.52	371	6.56	0	12656	6.88
B		TICKET VOTES	ALP	64415	44.20	1718	45.91	1039	54.31	11474	42.85	2184	38.60	0	80830	43.97
	#	"McMULLAN, Bob"	ALP	5952	4.08	162	4.33	85	4.44	1100	4.11	267	4.72	0	7566	4.12
		"SHEEHAN, Maureen"	ALP	727	0.50	28	0.75	9	0.47	184	0.69	36	0.64	0	984	0.54
		Group Total	ALP	71094	48.78	1908	50.99	1133	59.23	12758	47.65	2487	43.96	0	89380	48.62
C		TICKET VOTES	ASG	926	0.64	32	0.86	18	0.94	212	0.79	50	0.88	0	1238	0.67
		"MILLER, Helen"	ASG	317	0.22	9	0.24	2	0.10	76	0.28	10	0.18	0	414	0.23
		"ERNST, Ute"	ASG	42	0.03	1	0.03	1	0.05	8	0.03	4	0.07	0	56	0.03
		Group Total	ASG	1285	0.88	42	1.12	21	1.10	296	1.11	64	1.13	0	1708	0.93
D		TICKET VOTES	GRN	4803	3.30	162	4.33	69	3.61	907	3.39	169	2.99	0	6110	3.32
		"TUCKER, Kerrie"	GRN	3864	2.65	95	2.54	42	2.20	708	2.64	110	1.94	0	4819	2.62
		"TURBAYNE, David"	GRN	181	0.12	6	0.16	1	0.05	44	0.16	7	0.12	0	239	0.13
		Group Total	GRN	8848	6.07	263	7.03	112	5.85	1659	6.20	286	5.05	0	11168	6.08
E		TICKET VOTES	LP	45644	31.32	1057	28.25	443	23.16	8927	33.34	2037	36.00	0	58108	31.61
	#	"REID, Margaret"	LP	4591	3.15	97	2.59	34	1.78	860	3.21	268	4.74	0	5850	3.18
		"SPIER, Lucinda"	LP	267	0.18	9	0.24	1	0.05	69	0.26	14	0.25	0	360	0.20
		Group Total	LP	50502	34.65	1163	31.08	478	24.99	9856	36.81	2319	40.99	0	64318	34.99
F		TICKET VOTES	NLP	346	0.24	18	0.48	9	0.47	78	0.29	22	0.39	0	473	0.26
		"SEATON, David"	NLP	150	0.10	5	0.13	1	0.05	22	0.08	9	0.16	0	187	0.10
		"KERRISON, Nanette"	NLP	55	0.04	1	0.03	0	0.00	14	0.05	3	0.05	0	73	0.04
		Group Total	NLP	551	0.38	24	0.64	10	0.52	114	0.43	34	0.60	0	733	0.40
UNGROUPED																
		"BURNS, Arthur"	AFI	296	0.20	7	0.19	3	0.16	51	0.19	36	0.64	0	393	0.21
		"COLLAERY, Bernard"	IND	3028	2.08	55	1.47	32	1.67	294	1.10	61	1.08	0	3470	1.89
		Ungrouped Total		3324	2.28	62	1.66	35	1.83	345	1.29	97	1.71	0	3863	2.10
			FORMAL	145738	98.27	3742	98.66	1913	98.66	26775	98.91	5658	99.02	0	183826	98.40
			INFORMAL	2559	1.73	51	1.34	26	1.34	296	1.09	56	0.98	0	2988	1.60
			TOTAL	148297	79.38	3793	2.03	1939	1.04	27071	14.49	5714	3.06	0	186814	97.05



Northern Territory																
Enrolment 91563																
				Ordinary		Absent		Provisional		Pre Poll		Postal		Adj	Total	
Candidates			Party	Votes	%	Votes	%	Votes	%	Votes	%	Votes	%		Votes	%
A		TICKET VOTES	CLP	24331	34.14	0	0.00	196	24.97	1905	38.31	932	43.80	0	27364	34.57
	#	"TAMBLING, Grant"	CLP	6346	8.91	0	0.00	58	7.39	554	11.14	296	13.91	0	7254	9.17
		"TRUMAN, Bob"	CLP	673	0.94	0	0.00	12	1.53	59	1.19	43	2.02	0	787	0.99
		Group Total	CLP	31350	43.99	0	0.00	266	33.89	2518	50.64	1271	59.73	0	35405	44.73
B		TICKET VOTES	ALP	32156	45.12	0	0.00	431	54.90	1917	38.56	618	29.04	0	35122	44.38
	#	"COLLINS, Bob"	ALP	6971	9.78	0	0.00	79	10.06	472	9.49	217	10.20	0	7739	9.78
		"RING, Patty"	ALP	783	1.10	0	0.00	9	1.15	65	1.31	22	1.03	0	879	1.11
		Group Total	ALP	39910	56.01	0	0.00	519	66.11	2454	49.36	857	40.27	0	43740	55.27
UNGROUPED																
		Ungrouped Total		0	0.00	0	0.00	0	0.00	0	0.00	0	0.00	0	0	0.00
			FORMAL	71260	97.08	0	0.00	785	96.79	4972	97.97	2128	98.25	0	79145	97.16
			INFORMAL	2145	2.92	0	0.00	26	3.21	103	2.03	38	1.75	0	2312	2.84
			TOTAL	73405	90.12	0	0.00	811	1.00	5075	6.23	2166	2.66	0	81457	88.96
