Senate - 1993 Election									
Votes Counted by Vote Type									
By Division									
									
									
National Summary									
		Ordinary	Absent	Postal	Pre-Poll	Provisional		Total	
State	Enrolment	Votes	Votes	Votes	Votes	Votes	Adj	Votes	%
New South Wales	3814932	3211735	224977	95686	117297	32043	-125	3681613	96.51
Victoria	2932640	2494785	156682	85251	85428	11163	-91	2833218	96.61
Queensland	1971729	1630700	122936	66138	63561	5698	119	1889152	95.81
Western Australia	1038968	873508	72655	19394	26135	5090	-27	996755	95.94
South Australia	1014400	857851	56052	26873	24502	3117	-30	968365	95.46
Tasmania	327919	282224	16340	9357	8232	731	0	316884	96.63
Australian Capital Territory	192487	148297	3793	5714	27071	1939	0	186814	97.05
Northern Territory	91563	73405	0	2166	5075	811	0	81457	88.96
NATIONAL TOTAL	11384638	9572505	653435	310579	357301	60592	-154	10954258	96.22
									
									
New South Wales									
									
Division	Enrolment	Ordinary	Absent	Postal	Pre-Poll	Provisional	Adj	Total	
		Votes	Votes	Votes	Votes	Votes		Votes	%
Banks	79242	67432	4889	2104	2018	326	2	76771	96.88
Barton	80185	68458	3991	1969	2542	639	3	77602	96.78
Bennelong	79036	66685	4770	2242	2381	406	0	76484	96.77
Berowra	79538	66002	4728	1931	3894	372	0	76927	96.72
Blaxland	76955	66035	4146	1570	1559	644	0	73954	96.10
Bradfield	79193	65900	4564	2089	3721	276	0	76550	96.66
Calare	75897	64474	4958	2533	1235	802	16	74018	97.52
Charlton	77970	66375	4452	1881	2880	599	0	76187	97.71
Chifley	76187	65068	4809	786	1661	919	0	73243	96.14
Cook	78050	65666	4571	1866	3289	508	0	75900	97.25
Cowper	72758	60579	4399	1692	2572	770	-1	70011	96.22
Cunningham	75134	64679	3591	1867	2024	571	22	72754	96.83
Dobell	72511	60255	4947	1813	3034	602	-9	70642	97.42
Eden-Monaro	73191	60826	3169	2798	2729	732	0	70254	95.99
Farrer	74250	62977	2122	2692	3194	582	0	71567	96.39
Fowler	77164	66038	4180	998	1397	1042	0	73655	95.45
Gilmore	70480	59395	3892	2166	2562	582	0	68597	97.33
Grayndler	80895	66567	5310	1522	2009	1081	40	76529	94.60
Greenway	75426	64854	4405	1209	1905	615	-2	72986	96.77
Gwydir	76706	63194	6162	2287	1830	715	0	74188	96.72
Hughes	74826	63862	4859	1430	2412	444	0	73007	97.57
Hume	75091	63108	4912	2589	2003	620	1	73233	97.53
Hunter	75411	63869	4780	2058	1759	623	0	73089	96.92
Kingsford-Smith	77048	64858	3861	1800	2496	683	0	73698	95.65
Lindsay	73911	63367	4992	979	1912	638	0	71888	97.26
Lowe	79183	67102	4135	2212	2229	563	-1	76240	96.28
Lyne	74030	62747	4415	1794	2131	571	0	71658	96.80
Macarthur	73664	62628	4723	1416	1870	593	0	71230	96.70
Mackellar	78150	64995	4651	1796	2967	778	0	75187	96.21
Macquarie	74155	62166	4847	1985	2027	614	1	71640	96.61
Mitchell	71384	60486	4731	1496	2431	372	0	69516	97.38
Newcastle	77791	66248	4908	2192	1653	593	-48	75546	97.11
New England	75009	62060	4512	2246	3176	596	6	72596	96.78
North Sydney	81050	65651	5235	2143	3528	793	0	77350	95.43
Page	78020	66438	3423	2505	2303	700	0	75369	96.60
Parkes	80526	66354	5078	2372	2780	650	1	77235	95.91
Parramatta	77936	65052	5405	2341	2059	547	0	75404	96.75
Paterson	73387	63382	4030	2130	1510	461	-1	71512	97.45
Prospect	74251	64850	4008	1066	1353	642	0	71919	96.86
Reid	77734	66102	4610	1683	1622	729	5	74751	96.16
Richmond	74211	61760	2616	2517	3654	658	-1	71204	95.95
Riverina	78023	66043	3865	2222	2268	889	-14	75273	96.48
Robertson	72618	60231	4896	2124	2313	572	17	70153	96.61
Shortland	73877	63313	4258	1672	2091	399	0	71733	97.10
Sydney	79556	61991	6608	1656	2947	1312	4	74518	93.67
Throsby	73071	64329	3030	1316	1458	566	-6	70693	96.75
Warringah	78378	64534	5028	2195	2924	587	0	75268	96.03
Watson	77249	66172	4097	1771	1505	523	-180	73888	95.65
Wentworth	80352	63694	5461	2850	3841	894	0	76740	95.50
Werriwa	74272	62884	4948	1115	1639	650	20	71256	95.94
TOTAL	3814932	3211735	224977	95686	117297	32043	-125	3681613	96.51
									
									
Victoria									
									
Division	Enrolment	Ordinary	Absent	Postal	Pre-Poll	Provisional	Adj	Total	
		Votes	Votes	Votes	Votes	Votes		Votes	%
Aston	79158	68187	4126	2284	2095	231	0	76923	97.18
Ballarat	74285	63327	3412	2840	2397	310	0	72286	97.31
Batman	78231	66377	3786	2395	1731	376	-1	74664	95.44
Bendigo	77106	66037	4219	2626	1994	218	0	75094	97.39
Bruce	75148	64407	3676	1989	2976	141	-2	73187	97.39
Burke	77102	66218	4571	2037	1565	337	0	74728	96.92
Calwell	81679	71249	4026	1417	1759	304	-3	78752	96.42
Casey	78107	66172	4406	2022	2897	296	4	75797	97.04
Chisholm	76599	64330	4445	2552	2557	194	-3	74075	96.70
Corangamite	75646	65274	4038	1852	2109	199	2	73474	97.13
Corinella	83476	72106	4510	2474	1709	367	0	81166	97.23
Corio	77036	66343	3474	2549	1931	380	1	74678	96.94
Deakin	76655	64272	4650	2434	2713	175	0	74244	96.85
Dunkley	73110	61924	3495	2542	2447	233	0	70641	96.62
Flinders	73695	62292	3607	2176	2854	325	0	71254	96.69
Gellibrand	76125	65236	3081	1974	1879	467	1	72638	95.42
Gippsland	76608	65462	4347	2141	1801	263	0	74014	96.61
Goldstein	78297	65584	4317	2382	2579	295	0	75157	95.99
Higgins	78044	63082	5325	2828	2991	407	-1	74632	95.63
Holt	73379	63246	3393	1758	1807	489	0	70693	96.34
Hotham	77035	66535	3394	2343	1806	392	0	74470	96.67
Indi	75718	64303	3546	2080	2856	258	-56	72987	96.39
Isaacs	75261	64065	3970	1893	2638	194	0	72760	96.68
Jagajaga	72117	61119	3709	2692	2338	182	1	70041	97.12
Kooyong	74228	61142	4825	2592	2559	220	-3	71335	96.10
Lalor	78737	68408	3862	1512	2436	307	0	76525	97.19
La Trobe	77859	66034	4764	2318	2017	270	0	75403	96.85
McEwen	80646	68444	5379	2596	1338	395	32	78184	96.95
McMillan	79395	68111	3952	2434	2440	267	1	77205	97.24
Mallee	77737	67142	3844	2321	1992	270	-1	75568	97.21
Maribyrnong	77996	67463	4369	1585	1739	235	-3	75388	96.66
Melbourne	81474	65863	5431	1806	2538	634	0	76272	93.62
Melbourne Ports	78562	61014	4699	4448	3392	474	0	74027	94.23
Menzies	74199	63849	3803	1604	2900	135	-24	72267	97.40
Murray	77773	68091	4109	1606	1531	250	0	75587	97.19
Scullin	80288	70797	3986	1798	1461	196	0	78238	97.45
Wannon	77614	66568	4305	1847	2745	219	-37	75647	97.47
Wills	76515	64712	3831	2504	1911	258	1	73217	95.69
TOTAL	2932640	2494785	156682	85251	85428	11163	-91	2833218	96.61
									
									
Queensland									
									
Division	Enrolment	Ordinary	Absent	Postal	Pre-Poll	Provisional	Adj	Total	
		Votes	Votes	Votes	Votes	Votes		Votes	%
Bowman	75360	64026	3984	2221	2359	178	0	72768	96.56
Brisbane	80653	64107	6578	3515	2749	313	-1	77261	95.79
Capricornia	80450	67015	4887	3527	1906	195	0	77530	96.37
Dawson	81072	68560	4199	2295	2495	201	0	77750	95.90
Dickson	76618	64579	5393	1976	1765	224	0	73937	96.50
Fadden	72786	59935	5529	1992	2292	257	0	70005	96.18
Fairfax	77223	63490	3658	2498	3605	195	0	73446	95.11
Fisher	76577	63820	4593	2533	2569	258	0	73773	96.34
Forde	75893	62935	5217	1698	2093	292	0	72235	95.18
Griffith	81721	65911	5776	3192	2464	239	17	77599	94.96
Groom	80276	66911	4776	2100	3519	131	0	77437	96.46
Herbert	82958	69370	3949	2810	3078	239	0	79446	95.77
Hinkler	82428	69444	4979	2616	2230	143	1	79413	96.34
Kennedy	80862	65655	5133	3866	1322	241	18	76235	94.28
Leichhardt	76867	63530	3858	1764	2525	333	0	72010	93.68
Lilley	79277	65394	4987	3196	2353	225	74	76229	96.16
McPherson	74722	61551	3363	1649	4367	307	0	71237	95.34
Maranoa	83523	66786	6302	5577	1401	203	0	80269	96.10
Moncrieff	75232	62048	3206	2027	4063	404	1	71749	95.37
Moreton	79944	64942	6026	3117	2539	161	4	76789	96.05
Oxley	78236	66263	4543	2133	2086	203	0	75228	96.16
Petrie	78565	66076	4917	2602	1831	190	0	75616	96.25
Rankin	77110	63563	6168	2119	1751	318	2	73921	95.86
Ryan	82841	67612	6225	1938	3879	168	3	79825	96.36
Wide Bay	80535	67177	4690	3177	2320	80	0	77444	96.16
TOTAL	1971729	1630700	122936	66138	63561	5698	119	1889152	95.81
									
									
Western Australia									
									
Division	Enrolment	Ordinary	Absent	Postal	Pre-Poll	Provisional	Adj	Total	
		Votes	Votes	Votes	Votes	Votes		Votes	%
Brand	80370	68587	4812	1547	1979	305	0	77230	96.09
Canning	70453	60735	4241	1112	1375	291	0	67754	96.17
Cowan	74514	64177	5087	1209	1444	311	-1	72227	96.93
Curtin	73700	60862	5362	1609	2686	392	-11	70900	96.20
Forrest	75677	65246	5029	1205	1609	366	-3	73452	97.06
Fremantle	74947	64507	3972	1303	1998	405	-1	72184	96.31
Kalgoorlie	74058	57073	5342	1546	2147	537	0	66645	89.99
Moore	75592	64905	5074	928	2149	246	0	73302	96.97
O'Connor	75051	60752	8324	1433	1266	443	0	72218	96.23
Pearce	71880	60902	5283	1143	1810	257	9	69404	96.56
Perth	74344	61952	5293	1815	1431	480	-4	70967	95.46
Stirling	73306	61281	5430	1648	2042	431	0	70832	96.63
Swan	72928	61081	4662	1897	1799	402	-15	69826	95.75
Tangney	72148	61448	4744	999	2400	224	-1	69814	96.76
TOTAL	1038968	873508	72655	19394	26135	5090	-27	996755	95.94
									
									
South Australia									
									
Division	Enrolment	Ordinary	Absent	Postal	Pre-Poll	Provisional	Adj	Total	
		Votes	Votes	Votes	Votes	Votes		Votes	%
Adelaide	85484	69672	5191	2852	2379	440	0	80534	94.21
Barker	83749	72184	4244	2012	1878	205	0	80523	96.15
Bonython	77877	66828	4096	1367	1566	221	0	74078	95.12
Boothby	85021	71791	4566	2380	2447	248	-11	81421	95.77
Grey	86386	73296	4173	2666	1839	244	-1	82217	95.17
Hindmarsh	88799	73288	5760	3039	2205	217	0	84509	95.17
Kingston	82511	71265	4006	1771	2212	223	-13	79464	96.31
Makin	84984	72577	5018	2191	1941	227	0	81954	96.43
Mayo	85924	72270	5958	1576	2286	315	0	82405	95.90
Port Adelaide	86302	73378	3875	2212	2005	266	0	81736	94.71
Sturt	82520	67740	4516	3029	2336	270	1	77892	94.39
Wakefield	84843	73562	4649	1778	1408	241	-6	81632	96.22
TOTAL	1014400	857851	56052	26873	24502	3117	-30	968365	95.46
									
									
Tasmania									
									
Division	Enrolment	Ordinary	Absent	Postal	Pre-Poll	Provisional	Adj	Total	
		Votes	Votes	Votes	Votes	Votes		Votes	%
Bass	66119	56792	2933	1768	1998	125	-1	63615	96.21
Braddon	64357	56496	2782	1723	1236	70	0	62307	96.81
Denison	68599	57672	3423	2142	2441	158	0	65836	95.97
Franklin	63149	54171	3626	1699	1602	156	0	61254	97.00
Lyons	65695	57093	3576	2025	955	222	1	63872	97.23
TOTAL	327919	282224	16340	9357	8232	731	0	316884	96.63
									
									
Australian Capital Territory									
									
Division	Enrolment	Ordinary	Absent	Postal	Pre-Poll	Provisional	Adj	Total	
		Votes	Votes	Votes	Votes	Votes		Votes	%
Canberra	95277	72891	2354	2598	13980	877	0	92700	97.30
Fraser	97210	75406	1439	3116	13091	1062	0	94114	96.82
TOTAL	192487	148297	3793	5714	27071	1939	0	186814	97.05
									
									
Northern Territory									
									
Division	Enrolment	Ordinary	Absent	Postal	Pre-Poll	Provisional	Adj	Total	
		Votes	Votes	Votes	Votes	Votes		Votes	%
Northern Territory	91563	73405	0	2166	5075	811	0	81457	88.96
TOTAL	91563	73405	0	2166	5075	811	0	81457	88.96
									
NATIONAL TOTAL	11384638	9572505	653435	310579	357301	60592	-154	10954258	96.22
