Senate - 1993 Election: Norrthern Territory																			
First Preference Votes by Group																			
By Polling Place																			


Northern Territory (91563)																			

	   		Group Total CLP			Group Total ALP			Ungrouped Total 			FORMAL 			INFORMAL 			TOTAL 	
Polling Places			Vote	%	   	Vote	%	   	Vote	%	   	Vote	%	   	Vote	%	   	Vote	%
Alice Springs		                              	583	48.46	 	620	51.54	 	0	0	 	1203	97.73	 	28	2.27	 	1231	1.51
Alyangula		                                  	126	34.52	 	239	65.48	 	0	0	 	365	97.59	 	9	2.41	 	374	0.46
Anula		                                      	1100	42.31	 	1500	57.69	 	0	0	 	2600	98.11	 	50	1.89	 	2650	3.25
Batchelor		                                  	147	47.88	 	160	52.12	 	0	0	 	307	97.77	 	7	2.23	 	314	0.39
Berrimah		                                   	351	49.51	 	358	50.49	 	0	0	 	709	98.61	 	10	1.39	 	719	0.88
Berry Springs		                              	242	49.79	 	244	50.21	 	0	0	 	486	96.62	 	17	3.38	 	503	0.62
Braitling		                                  	1008	54.93	 	827	45.07	 	0	0	 	1835	97.24	 	52	2.76	 	1887	2.32
Casuarina		                                  	1614	42.22	 	2209	57.78	 	0	0	 	3823	97.35	 	104	2.65	 	3927	4.82
Christmas Island		                           	76	22.42	 	263	77.58	 	0	0	 	339	96.86	 	11	3.14	 	350	0.43
Darwin		                                     	377	42.22	 	516	57.78	 	0	0	 	893	96.96	 	28	3.04	 	921	1.13
Driver		                                     	1297	43.28	 	1700	56.72	 	0	0	 	2997	97.31	 	83	2.69	 	3080	3.78
Gillen		                                     	1545	51.79	 	1438	48.21	 	0	0	 	2983	96.98	 	93	3.02	 	3076	3.78
Gray		                                       	416	41.94	 	576	58.06	 	0	0	 	992	97.45	 	26	2.55	 	1018	1.25
Home Island		                                	49	20.16	 	194	79.84	 	0	0	 	243	96.43	 	9	3.57	 	252	0.31
Howard Springs		                             	1046	52.7	 	939	47.3	 	0	0	 	1985	98.12	 	38	1.88	 	2023	2.48
Humpty Doo		                                 	1034	52.59	 	932	47.41	 	0	0	 	1966	97.13	 	58	2.87	 	2024	2.48
Jabiru		                                     	229	42.57	 	309	57.43	 	0	0	 	538	98.72	 	7	1.28	 	545	0.67
Karama		                                     	1556	41.92	 	2156	58.08	 	0	0	 	3712	97.15	 	109	2.85	 	3821	4.69
Katherine		                                  	1262	58	 	914	42	 	0	0	 	2176	97.97	 	45	2.03	 	2221	2.73
Katherine East		                             	492	50.2	 	488	49.8	 	0	0	 	980	96.93	 	31	3.07	 	1011	1.24
Larapinta		                                  	495	51.62	 	464	48.38	 	0	0	 	959	97.86	 	21	2.14	 	980	1.2
Larrakeyah		                                 	649	57.38	 	482	42.62	 	0	0	 	1131	97.16	 	33	2.84	 	1164	1.43
Leanyer		                                    	1139	47.48	 	1260	52.52	 	0	0	 	2399	97.4	 	64	2.6	 	2463	3.02
Ludmilla		                                   	940	49.21	 	970	50.79	 	0	0	 	1910	97.35	 	52	2.65	 	1962	2.41
Nakara		                                     	959	47.15	 	1075	52.85	 	0	0	 	2034	97.69	 	48	2.31	 	2082	2.56
Nhulunbuy		                                  	653	38.03	 	1064	61.97	 	0	0	 	1717	97.78	 	39	2.22	 	1756	2.16
Nightcliff		                                 	1456	47.61	 	1602	52.39	 	0	0	 	3058	97.61	 	75	2.39	 	3133	3.85
Parap		                                      	1278	45.45	 	1534	54.55	 	0	0	 	2812	97.33	 	77	2.67	 	2889	3.55
Pine Creek		                                 	102	42.15	 	140	57.85	 	0	0	 	242	99.18	 	2	0.82	 	244	0.3
Rapid Creek		                                	769	36.83	 	1319	63.17	 	0	0	 	2088	97.07	 	63	2.93	 	2151	2.64
Sadadeen		                                   	1268	48.07	 	1370	51.93	 	0	0	 	2638	97.85	 	58	2.15	 	2696	3.31
Stuart Park		                                	593	46	 	696	54	 	0	0	 	1289	97.06	 	39	2.94	 	1328	1.63
Tennant Creek		                              	720	50.67	 	701	49.33	 	0	0	 	1421	95.69	 	64	4.31	 	1485	1.82
Tindal		                                     	256	67.55	 	123	32.45	 	0	0	 	379	98.44	 	6	1.56	 	385	0.47
Tiwi		                                       	385	38.19	 	623	61.81	 	0	0	 	1008	96.55	 	36	3.45	 	1044	1.28
Wanguri		                                    	727	42.84	 	970	57.16	 	0	0	 	1697	97.7	 	40	2.3	 	1737	2.13
West Island		                                	27	54	 	23	46	 	0	0	 	50	90.91	 	5	9.09	 	55	0.07
Wulagi		                                     	561	41.93	 	777	58.07	 	0	0	 	1338	98.31	 	23	1.69	 	1361	1.67
Yirara		                                     	297	58.35	 	212	41.65	 	0	0	 	509	94.79	 	28	5.21	 	537	0.66
Yulara		                                     	124	41.75	 	173	58.25	 	0	0	 	297	98.34	 	5	1.66	 	302	0.37
Special Hospitals		                          	115	47.33	 	128	52.67	 	0	0	 	243	95.67	 	11	4.33	 	254	0.31
Remote Mobiles		                             	3280	30.14	 	7602	69.86	 	0	0	 	10882	95.26	 	541	4.74	 	11423	14.02
Prison Mobiles		                             	7	25.93	 	20	74.07	 	0	0	 	27	100	 	0	0	 	27	0.03
Total Ordinary		                             	31350	43.99	 	39910	56.01	 	0	0	 	71260	97.08	 	2145	2.92	 	73405	90.12
POSTAL		                                     	1271	59.73	 	857	40.27	 	0	0	 	2128	98.25	 	38	1.75	 	2166	2.66
PRE_POLL		                                   	2518	50.64	 	2454	49.36	 	0	0	 	4972	97.97	 	103	2.03	 	5075	6.23
PROVISIONAL		                                	266	33.89	 	519	66.11	 	0	0	 	785	96.79	 	26	3.21	 	811	1
ADJUSTMENT		                                 	0		       	0		       	0		       	0		       	0		       	0	
Division Summary		                           	35405	44.73	 	43740	55.27	 	0	0	 	79145	97.16	 	2312	2.84	 	81457	88.96
 																			
