Senate - 1993 Election: Tasmania																																					
First Preference Votes by Group																																					
By Polling Place																																					


Bass (66119)																																					

	   		Group Total HAR			Group Total ALP			Group Total TST			Group Total TG			Group Total CTA			Group Total NLP			Group Total DEM			Group Total LP			Ungrouped Total 			FORMAL 			INFORMAL 			TOTAL 	
Polling Places			Vote	%	   	Vote	%	   	Vote	%	   	Vote	%	   	Vote	%	   	Vote	%	   	Vote	%	   	Vote	%	   	Vote	%	   	Vote	%	   	Vote	%	   	Vote	%
Alanvale		                                   	348	10.62	 	1716	52.38	 	16	0.49	 	106	3.24	 	18	0.55	 	7	0.21	 	39	1.19	 	1024	31.26	 	2	0.06	 	3276	96.61	 	115	3.39	 	3391	5.33
Blessington Upper		                          	14	13.73	 	35	34.31	 	0	0	 	4	3.92	 	0	0	 	0	0	 	1	0.98	 	48	47.06	 	0	0	 	102	96.23	 	4	3.77	 	106	0.17
Branxholm		                                  	29	11.28	 	107	41.63	 	3	1.17	 	13	5.06	 	1	0.39	 	1	0.39	 	0	0	 	103	40.08	 	0	0	 	257	97.35	 	7	2.65	 	264	0.41
Bridport		                                   	95	9.12	 	352	33.78	 	13	1.25	 	61	5.85	 	8	0.77	 	0	0	 	11	1.06	 	502	48.18	 	0	0	 	1042	96.93	 	33	3.07	 	1075	1.69
Cape Barren Island		                         	3	11.54	 	10	38.46	 	1	3.85	 	0	0	 	0	0	 	0	0	 	0	0	 	12	46.15	 	0	0	 	26	86.67	 	4	13.33	 	30	0.05
Cosgrove Park		                              	49	11.98	 	168	41.08	 	5	1.22	 	18	4.4	 	1	0.24	 	0	0	 	4	0.98	 	164	40.1	 	0	0	 	409	96.01	 	17	3.99	 	426	0.67
Derby		                                      	9	5.39	 	70	41.92	 	3	1.8	 	13	7.78	 	0	0	 	1	0.6	 	1	0.6	 	69	41.32	 	1	0.6	 	167	97.09	 	5	2.91	 	172	0.27
Dilston		                                    	51	8.9	 	178	31.06	 	11	1.92	 	52	9.08	 	0	0	 	1	0.17	 	12	2.09	 	268	46.77	 	0	0	 	573	98.45	 	9	1.55	 	582	0.91
Elphin		                                     	70	8.85	 	323	40.83	 	7	0.88	 	52	6.57	 	5	0.63	 	4	0.51	 	14	1.77	 	316	39.95	 	0	0	 	791	96.82	 	26	3.18	 	817	1.28
Emita		                                      	7	8.64	 	14	17.28	 	0	0	 	5	6.17	 	0	0	 	0	0	 	0	0	 	55	67.9	 	0	0	 	81	95.29	 	4	4.71	 	85	0.13
Franklin Village		                           	24	15.38	 	55	35.26	 	3	1.92	 	11	7.05	 	0	0	 	0	0	 	2	1.28	 	61	39.1	 	0	0	 	156	94.55	 	9	5.45	 	165	0.26
General Hospital		                           	53	10.58	 	262	52.3	 	4	0.8	 	40	7.98	 	4	0.8	 	2	0.4	 	10	2	 	126	25.15	 	0	0	 	501	97.47	 	13	2.53	 	514	0.81
George Town		                                	256	10.31	 	1367	55.08	 	30	1.21	 	110	4.43	 	8	0.32	 	4	0.16	 	38	1.53	 	667	26.87	 	2	0.08	 	2482	96.61	 	87	3.39	 	2569	4.04
George Town South		                          	91	11.56	 	412	52.35	 	5	0.64	 	27	3.43	 	4	0.51	 	0	0	 	13	1.65	 	235	29.86	 	0	0	 	787	98.5	 	12	1.5	 	799	1.26
Gladstone		                                  	9	6.16	 	64	43.84	 	0	0	 	8	5.48	 	0	0	 	0	0	 	2	1.37	 	63	43.15	 	0	0	 	146	96.69	 	5	3.31	 	151	0.24
Hillwood		                                   	41	10.93	 	139	37.07	 	5	1.33	 	22	5.87	 	2	0.53	 	2	0.53	 	14	3.73	 	150	40	 	0	0	 	375	97.15	 	11	2.85	 	386	0.61
Inveresk		                                   	94	9.19	 	604	59.04	 	14	1.37	 	61	5.96	 	0	0	 	1	0.1	 	14	1.37	 	233	22.78	 	2	0.2	 	1023	95.07	 	53	4.93	 	1076	1.69
Invermay		                                   	131	10	 	671	51.22	 	13	0.99	 	67	5.11	 	1	0.08	 	2	0.15	 	26	1.98	 	398	30.38	 	1	0.08	 	1310	96.11	 	53	3.89	 	1363	2.14
Karoola		                                    	25	8.47	 	81	27.46	 	4	1.36	 	23	7.8	 	2	0.68	 	0	0	 	4	1.36	 	156	52.88	 	0	0	 	295	95.78	 	13	4.22	 	308	0.48
Kings Meadows		                              	141	9.05	 	685	43.97	 	14	0.9	 	45	2.89	 	4	0.26	 	0	0	 	36	2.31	 	633	40.63	 	0	0	 	1558	97.13	 	46	2.87	 	1604	2.52
Lady Barron		                                	10	7.14	 	38	27.14	 	0	0	 	9	6.43	 	0	0	 	0	0	 	4	2.86	 	78	55.71	 	1	0.71	 	140	100	 	0	0	 	140	0.22
Launceston		                                 	54	8.27	 	289	44.26	 	3	0.46	 	69	10.57	 	3	0.46	 	1	0.15	 	14	2.14	 	219	33.54	 	1	0.15	 	653	97.03	 	20	2.97	 	673	1.06
Launceston Central		                         	75	8.53	 	294	33.45	 	5	0.57	 	124	14.11	 	2	0.23	 	2	0.23	 	15	1.71	 	358	40.73	 	4	0.46	 	879	97.99	 	18	2.01	 	897	1.41
Launceston East		                            	150	9.06	 	515	31.1	 	12	0.72	 	167	10.08	 	6	0.36	 	4	0.24	 	46	2.78	 	756	45.65	 	0	0	 	1656	98.69	 	22	1.31	 	1678	2.64
Launceston South		                           	258	11.1	 	955	41.08	 	20	0.86	 	138	5.94	 	16	0.69	 	8	0.34	 	29	1.25	 	897	38.58	 	4	0.17	 	2325	97	 	72	3	 	2397	3.77
Launceston West		                            	214	10.15	 	727	34.47	 	15	0.71	 	225	10.67	 	17	0.81	 	8	0.38	 	36	1.71	 	867	41.11	 	0	0	 	2109	98.18	 	39	1.82	 	2148	3.38
Lebrina		                                    	21	10.29	 	69	33.82	 	3	1.47	 	16	7.84	 	0	0	 	0	0	 	2	0.98	 	92	45.1	 	1	0.49	 	204	99.51	 	1	0.49	 	205	0.32
Legana (Bass)		                              	93	8.63	 	308	28.57	 	13	1.21	 	99	9.18	 	16	1.48	 	1	0.09	 	14	1.3	 	534	49.54	 	0	0	 	1078	98.27	 	19	1.73	 	1097	1.72
Lilydale		                                   	42	6.7	 	229	36.52	 	8	1.28	 	107	17.07	 	3	0.48	 	2	0.32	 	17	2.71	 	219	34.93	 	0	0	 	627	96.61	 	22	3.39	 	649	1.02
Mowbray		                                    	183	10.75	 	883	51.85	 	10	0.59	 	70	4.11	 	2	0.12	 	4	0.23	 	32	1.88	 	518	30.42	 	1	0.06	 	1703	96.76	 	57	3.24	 	1760	2.77
Myrtle Park		                                	8	10.39	 	29	37.66	 	0	0	 	11	14.29	 	0	0	 	0	0	 	2	2.6	 	27	35.06	 	0	0	 	77	97.47	 	2	2.53	 	79	0.12
Nabowla		                                    	8	9.3	 	16	18.6	 	1	1.16	 	8	9.3	 	2	2.33	 	0	0	 	1	1.16	 	50	58.14	 	0	0	 	86	95.56	 	4	4.44	 	90	0.14
Newstead		                                   	185	10.03	 	515	27.91	 	22	1.19	 	109	5.91	 	8	0.43	 	3	0.16	 	21	1.14	 	982	53.22	 	0	0	 	1845	98.19	 	34	1.81	 	1879	2.95
Norwood		                                    	208	8.84	 	637	27.07	 	36	1.53	 	88	3.74	 	9	0.38	 	5	0.21	 	38	1.61	 	1331	56.57	 	1	0.04	 	2353	98.41	 	38	1.59	 	2391	3.76
Nunamara		                                   	25	12.2	 	69	33.66	 	0	0	 	27	13.17	 	4	1.95	 	1	0.49	 	6	2.93	 	73	35.61	 	0	0	 	205	99.51	 	1	0.49	 	206	0.32
Ockerby Gardens		                            	63	7.3	 	380	44.03	 	10	1.16	 	66	7.65	 	6	0.7	 	1	0.12	 	23	2.67	 	313	36.27	 	1	0.12	 	863	96	 	36	4	 	899	1.41
Pioneer		                                    	8	14.81	 	25	46.3	 	3	5.56	 	5	9.26	 	0	0	 	0	0	 	0	0	 	13	24.07	 	0	0	 	54	93.1	 	4	6.9	 	58	0.09
Pipers River		                               	19	6.88	 	121	43.84	 	6	2.17	 	18	6.52	 	0	0	 	0	0	 	3	1.09	 	109	39.49	 	0	0	 	276	96.5	 	10	3.5	 	286	0.45
Prospect		                                   	409	9.46	 	1827	42.25	 	41	0.95	 	169	3.91	 	56	1.3	 	13	0.3	 	68	1.57	 	1740	40.24	 	1	0.02	 	4324	97.74	 	100	2.26	 	4424	6.95
Prospect Vale		                              	65	8.28	 	222	28.28	 	1	0.13	 	20	2.55	 	3	0.38	 	2	0.25	 	6	0.76	 	466	59.36	 	0	0	 	785	99.12	 	7	0.88	 	792	1.24
Ravenswood		                                 	263	9.32	 	1803	63.89	 	22	0.78	 	62	2.2	 	11	0.39	 	3	0.11	 	40	1.42	 	616	21.83	 	2	0.07	 	2822	96.08	 	115	3.92	 	2937	4.62
Ringarooma		                                 	36	8.14	 	151	34.16	 	5	1.13	 	14	3.17	 	2	0.45	 	1	0.23	 	4	0.9	 	228	51.58	 	1	0.23	 	442	97.14	 	13	2.86	 	455	0.72
Riverside		                                  	265	10.12	 	743	28.37	 	32	1.22	 	169	6.45	 	32	1.22	 	3	0.11	 	44	1.68	 	1331	50.82	 	0	0	 	2619	97.98	 	54	2.02	 	2673	4.2
Riverside West		                             	152	16.85	 	320	35.48	 	7	0.78	 	35	3.88	 	5	0.55	 	5	0.55	 	15	1.66	 	362	40.13	 	1	0.11	 	902	98.15	 	17	1.85	 	919	1.44
Rocherlea		                                  	143	9.97	 	848	59.09	 	8	0.56	 	54	3.76	 	7	0.49	 	2	0.14	 	27	1.88	 	343	23.9	 	3	0.21	 	1435	96.18	 	57	3.82	 	1492	2.35
St Leonards		                                	106	9.83	 	447	41.47	 	5	0.46	 	34	3.15	 	31	2.88	 	2	0.19	 	16	1.48	 	437	40.54	 	0	0	 	1078	96.68	 	37	3.32	 	1115	1.75
Scottsdale		                                 	191	9.9	 	645	33.44	 	10	0.52	 	72	3.73	 	2	0.1	 	6	0.31	 	30	1.56	 	971	50.34	 	2	0.1	 	1929	95.87	 	83	4.13	 	2012	3.16
Trevallyn		                                  	205	9.76	 	609	29	 	23	1.1	 	256	12.19	 	13	0.62	 	6	0.29	 	51	2.43	 	934	44.48	 	3	0.14	 	2100	98.59	 	30	1.41	 	2130	3.35
Waverley		                                   	90	8.6	 	655	62.56	 	9	0.86	 	31	2.96	 	5	0.48	 	3	0.29	 	15	1.43	 	238	22.73	 	1	0.1	 	1047	96.85	 	34	3.15	 	1081	1.7
Weymouth		                                   	11	9.32	 	41	34.75	 	4	3.39	 	10	8.47	 	4	3.39	 	1	0.85	 	2	1.69	 	45	38.14	 	0	0	 	118	98.33	 	2	1.67	 	120	0.19
Whitemark		                                  	20	6.51	 	85	27.69	 	2	0.65	 	22	7.17	 	2	0.65	 	1	0.33	 	8	2.61	 	167	54.4	 	0	0	 	307	95.34	 	15	4.66	 	322	0.51
Windmill Hill		                              	33	6.52	 	111	21.94	 	5	0.99	 	68	13.44	 	0	0	 	0	0	 	9	1.78	 	280	55.34	 	0	0	 	506	98.25	 	9	1.75	 	515	0.81
Winnaleah		                                  	33	12	 	64	23.27	 	3	1.09	 	6	2.18	 	2	0.73	 	2	0.73	 	2	0.73	 	162	58.91	 	1	0.36	 	275	99.28	 	2	0.72	 	277	0.44
Young Town		                                 	169	10.87	 	672	43.22	 	14	0.9	 	42	2.7	 	10	0.64	 	3	0.19	 	30	1.93	 	613	39.42	 	2	0.13	 	1555	97.98	 	32	2.02	 	1587	2.49
Special Hospitals		                          	55	11.07	 	141	28.37	 	11	2.21	 	14	2.82	 	5	1.01	 	1	0.2	 	4	0.8	 	266	53.52	 	0	0	 	497	94.49	 	29	5.51	 	526	0.83
Total Ordinary		                             	5410	9.8	 	22796	41.27	 	520	0.94	 	3172	5.74	 	342	0.62	 	119	0.22	 	915	1.66	 	21918	39.68	 	39	0.07	 	55231	97.25	 	1561	2.75	 	56792	89.27
ABSENT		                                     	247	8.53	 	1118	38.62	 	27	0.93	 	291	10.05	 	19	0.66	 	6	0.21	 	42	1.45	 	1142	39.45	 	3	0.1	 	2895	98.7	 	38	1.3	 	2933	4.61
POSTAL		                                     	154	8.87	 	708	40.78	 	16	0.92	 	97	5.59	 	10	0.58	 	2	0.12	 	41	2.36	 	707	40.73	 	1	0.06	 	1736	98.19	 	32	1.81	 	1768	2.78
PRE_POLL		                                   	135	6.87	 	726	36.93	 	16	0.81	 	166	8.44	 	17	0.86	 	5	0.25	 	43	2.19	 	858	43.64	 	0	0	 	1966	98.4	 	32	1.6	 	1998	3.14
PROVISIONAL		                                	4	3.33	 	56	46.67	 	3	2.5	 	8	6.67	 	2	1.67	 	0	0	 	1	0.83	 	46	38.33	 	0	0	 	120	96	 	5	4	 	125	0.2
ADJUSTMENT		                                 	0		       	4		       	-1		       	0		       	0		       	1		       	0		       	-2		       	0		       	2		       	-3		       	-1	
Division Summary		                           	5950	9.6	 	25408	41.01	 	581	0.94	 	3734	6.03	 	390	0.63	 	133	0.21	 	1042	1.68	 	24669	39.82	 	43	0.07	 	61950	97.38	 	1665	2.62	 	63615	96.21
 																																					


Braddon (64357)																																					

	   		Group Total HAR			Group Total ALP			Group Total TST			Group Total TG			Group Total CTA			Group Total NLP			Group Total DEM			Group Total LP			Ungrouped Total 			FORMAL 			INFORMAL 			TOTAL 	
Polling Places			Vote	%	   	Vote	%	   	Vote	%	   	Vote	%	   	Vote	%	   	Vote	%	   	Vote	%	   	Vote	%	   	Vote	%	   	Vote	%	   	Vote	%	   	Vote	%
Abbotsham		                                  	10	6.94	 	36	25	 	0	0	 	7	4.86	 	0	0	 	0	0	 	0	0	 	91	63.19	 	0	0	 	144	98.63	 	2	1.37	 	146	0.23
Acton		                                      	195	9.24	 	1374	65.12	 	20	0.95	 	34	1.61	 	11	0.52	 	1	0.05	 	26	1.23	 	447	21.18	 	2	0.09	 	2110	96.79	 	70	3.21	 	2180	3.5
Addison Street		                             	76	10.05	 	359	47.49	 	4	0.53	 	26	3.44	 	3	0.4	 	0	0	 	14	1.85	 	273	36.11	 	1	0.13	 	756	97.55	 	19	2.45	 	775	1.24
Blythe Heads		                               	21	8.97	 	107	45.73	 	1	0.43	 	7	2.99	 	0	0	 	0	0	 	6	2.56	 	92	39.32	 	0	0	 	234	96.69	 	8	3.31	 	242	0.39
Boat Harbour		                               	17	5.69	 	75	25.08	 	2	0.67	 	23	7.69	 	3	1	 	0	0	 	1	0.33	 	176	58.86	 	2	0.67	 	299	99.01	 	3	0.99	 	302	0.48
Brooklyn		                                   	44	6.94	 	350	55.21	 	8	1.26	 	14	2.21	 	0	0	 	0	0	 	9	1.42	 	209	32.97	 	0	0	 	634	98.75	 	8	1.25	 	642	1.03
Burnie		                                     	157	11.67	 	535	39.78	 	11	0.82	 	83	6.17	 	2	0.15	 	1	0.07	 	16	1.19	 	538	40	 	2	0.15	 	1345	97.39	 	36	2.61	 	1381	2.22
Burnie South		                               	56	10.94	 	235	45.9	 	2	0.39	 	16	3.13	 	0	0	 	0	0	 	6	1.17	 	195	38.09	 	2	0.39	 	512	98.08	 	10	1.92	 	522	0.84
Calder		                                     	7	10.14	 	13	18.84	 	0	0	 	10	14.49	 	0	0	 	0	0	 	0	0	 	39	56.52	 	0	0	 	69	98.57	 	1	1.43	 	70	0.11
Cooee		                                      	113	12.38	 	341	37.35	 	5	0.55	 	35	3.83	 	9	0.99	 	2	0.22	 	15	1.64	 	392	42.94	 	1	0.11	 	913	96.82	 	30	3.18	 	943	1.51
Cuprona		                                    	10	7.19	 	39	28.06	 	1	0.72	 	6	4.32	 	0	0	 	0	0	 	1	0.72	 	82	58.99	 	0	0	 	139	97.89	 	3	2.11	 	142	0.23
Currie		                                     	72	8.36	 	254	29.5	 	9	1.05	 	40	4.65	 	5	0.58	 	1	0.12	 	13	1.51	 	467	54.24	 	0	0	 	861	95.99	 	36	4.01	 	897	1.44
Devonport Central		                          	217	12.65	 	605	35.26	 	14	0.82	 	73	4.25	 	7	0.41	 	1	0.06	 	32	1.86	 	766	44.64	 	1	0.06	 	1716	96.68	 	59	3.32	 	1775	2.85
Devonport East		                             	335	11.02	 	1453	47.78	 	37	1.22	 	85	2.8	 	13	0.43	 	2	0.07	 	37	1.22	 	1075	35.35	 	4	0.13	 	3041	97.28	 	85	2.72	 	3126	5.02
Devonport North		                            	91	11.48	 	286	36.07	 	6	0.76	 	24	3.03	 	1	0.13	 	0	0	 	9	1.13	 	376	47.41	 	0	0	 	793	97.66	 	19	2.34	 	812	1.3
Devonport South		                            	213	9.9	 	978	45.47	 	11	0.51	 	78	3.63	 	7	0.33	 	2	0.09	 	25	1.16	 	837	38.91	 	0	0	 	2151	97.33	 	59	2.67	 	2210	3.55
Don		                                        	46	8.78	 	183	34.92	 	5	0.95	 	45	8.59	 	3	0.57	 	0	0	 	9	1.72	 	233	44.47	 	0	0	 	524	97.76	 	12	2.24	 	536	0.86
Edith Creek		                                	16	10.19	 	40	25.48	 	0	0	 	6	3.82	 	0	0	 	0	0	 	5	3.18	 	90	57.32	 	0	0	 	157	98.13	 	3	1.88	 	160	0.26
Elliott		                                    	25	11.36	 	67	30.45	 	4	1.82	 	21	9.55	 	0	0	 	0	0	 	2	0.91	 	101	45.91	 	0	0	 	220	99.1	 	2	0.9	 	222	0.36
Forest		                                     	24	6.06	 	105	26.52	 	0	0	 	19	4.8	 	0	0	 	1	0.25	 	5	1.26	 	239	60.35	 	3	0.76	 	396	98.02	 	8	1.98	 	404	0.65
Forth		                                      	79	10.66	 	177	23.89	 	6	0.81	 	51	6.88	 	4	0.54	 	1	0.13	 	17	2.29	 	405	54.66	 	1	0.13	 	741	98.28	 	13	1.72	 	754	1.21
Gawler		                                     	39	10.46	 	104	27.88	 	6	1.61	 	14	3.75	 	1	0.27	 	1	0.27	 	2	0.54	 	206	55.23	 	0	0	 	373	97.39	 	10	2.61	 	383	0.61
Grassy		                                     	6	8.33	 	18	25	 	0	0	 	4	5.56	 	0	0	 	0	0	 	2	2.78	 	42	58.33	 	0	0	 	72	97.3	 	2	2.7	 	74	0.12
Gunns Plains		                               	8	6.96	 	28	24.35	 	2	1.74	 	16	13.91	 	0	0	 	0	0	 	5	4.35	 	56	48.7	 	0	0	 	115	98.29	 	2	1.71	 	117	0.19
Havenview		                                  	64	10.94	 	314	53.68	 	2	0.34	 	13	2.22	 	2	0.34	 	1	0.17	 	17	2.91	 	172	29.4	 	0	0	 	585	98.15	 	11	1.85	 	596	0.96
Highclere		                                  	17	8.72	 	79	40.51	 	4	2.05	 	13	6.67	 	1	0.51	 	0	0	 	5	2.56	 	75	38.46	 	1	0.51	 	195	97.5	 	5	2.5	 	200	0.32
Irishtown		                                  	19	6.51	 	80	27.4	 	0	0	 	3	1.03	 	4	1.37	 	0	0	 	3	1.03	 	183	62.67	 	0	0	 	292	98.65	 	4	1.35	 	296	0.48
Lileah		                                     	2	2.82	 	16	22.54	 	1	1.41	 	6	8.45	 	0	0	 	0	0	 	2	2.82	 	44	61.97	 	0	0	 	71	98.61	 	1	1.39	 	72	0.12
Malonga Park		                               	135	12.45	 	374	34.5	 	10	0.92	 	45	4.15	 	9	0.83	 	0	0	 	15	1.38	 	494	45.57	 	2	0.18	 	1084	98.55	 	16	1.45	 	1100	1.77
Marrawah		                                   	21	10.45	 	42	20.9	 	1	0.5	 	21	10.45	 	1	0.5	 	0	0	 	5	2.49	 	110	54.73	 	0	0	 	201	97.57	 	5	2.43	 	206	0.33
Mawbanna		                                   	3	4.41	 	11	16.18	 	1	1.47	 	1	1.47	 	1	1.47	 	0	0	 	1	1.47	 	50	73.53	 	0	0	 	68	100	 	0	0	 	68	0.11
Melrose		                                    	17	10.18	 	46	27.54	 	6	3.59	 	12	7.19	 	2	1.2	 	0	0	 	1	0.6	 	83	49.7	 	0	0	 	167	94.35	 	10	5.65	 	177	0.28
Montagu		                                    	6	4.92	 	25	20.49	 	1	0.82	 	5	4.1	 	0	0	 	0	0	 	1	0.82	 	84	68.85	 	0	0	 	122	98.39	 	2	1.61	 	124	0.2
Montello		                                   	186	10.95	 	954	56.15	 	13	0.77	 	44	2.59	 	10	0.59	 	1	0.06	 	18	1.06	 	472	27.78	 	1	0.06	 	1699	97.09	 	51	2.91	 	1750	2.81
Moorleah		                                   	18	9.23	 	64	32.82	 	0	0	 	21	10.77	 	0	0	 	0	0	 	6	3.08	 	86	44.1	 	0	0	 	195	98.48	 	3	1.52	 	198	0.32
Natone		                                     	9	5.23	 	72	41.86	 	3	1.74	 	13	7.56	 	1	0.58	 	0	0	 	4	2.33	 	70	40.7	 	0	0	 	172	97.18	 	5	2.82	 	177	0.28
Nietta		                                     	6	6.52	 	37	40.22	 	1	1.09	 	8	8.7	 	2	2.17	 	0	0	 	2	2.17	 	36	39.13	 	0	0	 	92	98.92	 	1	1.08	 	93	0.15
Nixon Street		                               	335	10.96	 	1199	39.23	 	14	0.46	 	110	3.6	 	17	0.56	 	2	0.07	 	43	1.41	 	1332	43.59	 	4	0.13	 	3056	98.33	 	52	1.67	 	3108	4.99
North Motton		                               	21	8.57	 	52	21.22	 	4	1.63	 	26	10.61	 	1	0.41	 	0	0	 	4	1.63	 	136	55.51	 	1	0.41	 	245	95.7	 	11	4.3	 	256	0.41
Penguin		                                    	193	8.72	 	909	41.08	 	20	0.9	 	128	5.78	 	10	0.45	 	4	0.18	 	33	1.49	 	916	41.39	 	0	0	 	2213	97.75	 	51	2.25	 	2264	3.63
Preston		                                    	9	7.56	 	23	19.33	 	0	0	 	6	5.04	 	2	1.68	 	0	0	 	2	1.68	 	77	64.71	 	0	0	 	119	95.97	 	5	4.03	 	124	0.2
Redpa		                                      	6	6.59	 	17	18.68	 	0	0	 	9	9.89	 	0	0	 	0	0	 	2	2.2	 	57	62.64	 	0	0	 	91	100	 	0	0	 	91	0.15
Reekara		                                    	9	7.03	 	25	19.53	 	0	0	 	7	5.47	 	0	0	 	0	0	 	1	0.78	 	86	67.19	 	0	0	 	128	99.22	 	1	0.78	 	129	0.21
Riana		                                      	20	9.48	 	42	19.91	 	3	1.42	 	10	4.74	 	0	0	 	0	0	 	2	0.95	 	134	63.51	 	0	0	 	211	96.79	 	7	3.21	 	218	0.35
Ridgley		                                    	73	9.54	 	304	39.74	 	2	0.26	 	29	3.79	 	7	0.92	 	0	0	 	3	0.39	 	346	45.23	 	1	0.13	 	765	97.95	 	16	2.05	 	781	1.25
Rocky Cape		                                 	32	8.16	 	111	28.32	 	3	0.77	 	18	4.59	 	0	0	 	2	0.51	 	8	2.04	 	217	55.36	 	1	0.26	 	392	98	 	8	2	 	400	0.64
Savage River		                               	11	4.14	 	185	69.55	 	2	0.75	 	5	1.88	 	0	0	 	0	0	 	5	1.88	 	55	20.68	 	3	1.13	 	266	98.52	 	4	1.48	 	270	0.43
Sisters Beach		                              	22	10	 	75	34.09	 	2	0.91	 	29	13.18	 	4	1.82	 	0	0	 	6	2.73	 	82	37.27	 	0	0	 	220	98.65	 	3	1.35	 	223	0.36
Sisters Creek		                              	20	8.23	 	59	24.28	 	2	0.82	 	20	8.23	 	3	1.23	 	1	0.41	 	3	1.23	 	135	55.56	 	0	0	 	243	97.2	 	7	2.8	 	250	0.4
Smithton		                                   	225	8.92	 	899	35.63	 	19	0.75	 	51	2.02	 	18	0.71	 	2	0.08	 	38	1.51	 	1268	50.26	 	3	0.12	 	2523	96.85	 	82	3.15	 	2605	4.18
Somerset		                                   	300	12.47	 	1111	46.2	 	11	0.46	 	87	3.62	 	15	0.62	 	5	0.21	 	24	1	 	851	35.38	 	1	0.04	 	2405	96.74	 	81	3.26	 	2486	3.99
South Riana		                                	17	8.99	 	49	25.93	 	3	1.59	 	5	2.65	 	1	0.53	 	1	0.53	 	4	2.12	 	109	57.67	 	0	0	 	189	97.93	 	4	2.07	 	193	0.31
Sprent		                                     	10	5	 	54	27	 	1	0.5	 	18	9	 	1	0.5	 	0	0	 	4	2	 	111	55.5	 	1	0.5	 	200	98.52	 	3	1.48	 	203	0.33
Spreyton		                                   	124	10.77	 	434	37.71	 	10	0.87	 	55	4.78	 	6	0.52	 	0	0	 	25	2.17	 	496	43.09	 	1	0.09	 	1151	97.13	 	34	2.87	 	1185	1.9
Stanley		                                    	45	10	 	197	43.78	 	2	0.44	 	30	6.67	 	3	0.67	 	0	0	 	8	1.78	 	165	36.67	 	0	0	 	450	96.98	 	14	3.02	 	464	0.74
Stowport		                                   	24	8.76	 	89	32.48	 	3	1.09	 	17	6.2	 	0	0	 	0	0	 	7	2.55	 	134	48.91	 	0	0	 	274	96.82	 	9	3.18	 	283	0.45
Sulphur Creek		                              	53	10.66	 	165	33.2	 	5	1.01	 	25	5.03	 	1	0.2	 	2	0.4	 	4	0.8	 	242	48.69	 	0	0	 	497	98.03	 	10	1.97	 	507	0.81
Togari		                                     	14	16.47	 	18	21.18	 	0	0	 	4	4.71	 	0	0	 	0	0	 	0	0	 	49	57.65	 	0	0	 	85	95.51	 	4	4.49	 	89	0.14
Trowutta		                                   	1	1.1	 	36	39.56	 	1	1.1	 	4	4.4	 	0	0	 	0	0	 	2	2.2	 	47	51.65	 	0	0	 	91	100	 	0	0	 	91	0.15
Turners Beach		                              	79	11.3	 	215	30.76	 	9	1.29	 	30	4.29	 	15	2.15	 	0	0	 	14	2	 	337	48.21	 	0	0	 	699	97.9	 	15	2.1	 	714	1.15
Ulverstone		                                 	163	10.87	 	494	32.96	 	21	1.4	 	62	4.14	 	15	1	 	2	0.13	 	12	0.8	 	727	48.5	 	3	0.2	 	1499	96.27	 	58	3.73	 	1557	2.5
Ulverstone East		                            	95	8.96	 	337	31.79	 	7	0.66	 	37	3.49	 	12	1.13	 	2	0.19	 	15	1.42	 	555	52.36	 	0	0	 	1060	97.88	 	23	2.12	 	1083	1.74
Ulverstone South		                           	226	11.63	 	782	40.25	 	23	1.18	 	66	3.4	 	19	0.98	 	2	0.1	 	31	1.6	 	792	40.76	 	2	0.1	 	1943	97.1	 	58	2.9	 	2001	3.21
Ulverstone West		                            	235	11.23	 	875	41.83	 	15	0.72	 	71	3.39	 	14	0.67	 	1	0.05	 	29	1.39	 	850	40.63	 	2	0.1	 	2092	96.41	 	78	3.59	 	2170	3.48
Upper Burnie		                               	165	10.13	 	787	48.31	 	10	0.61	 	45	2.76	 	10	0.61	 	0	0	 	18	1.1	 	593	36.4	 	1	0.06	 	1629	97.2	 	47	2.8	 	1676	2.69
Valley Road		                                	196	12.56	 	616	39.46	 	8	0.51	 	36	2.31	 	8	0.51	 	1	0.06	 	19	1.22	 	677	43.37	 	0	0	 	1561	96.72	 	53	3.28	 	1614	2.59
Waratah		                                    	19	10.5	 	101	55.8	 	1	0.55	 	6	3.31	 	2	1.1	 	1	0.55	 	1	0.55	 	50	27.62	 	0	0	 	181	96.28	 	7	3.72	 	188	0.3
West Wynyard		                               	90	9.28	 	433	44.64	 	13	1.34	 	31	3.2	 	3	0.31	 	0	0	 	18	1.86	 	382	39.38	 	0	0	 	970	97	 	30	3	 	1000	1.6
Wivenhoe		                                   	29	8.55	 	154	45.43	 	4	1.18	 	14	4.13	 	0	0	 	0	0	 	6	1.77	 	131	38.64	 	1	0.29	 	339	97.69	 	8	2.31	 	347	0.56
Wynyard		                                    	224	9.2	 	912	37.47	 	21	0.86	 	119	4.89	 	34	1.4	 	1	0.04	 	55	2.26	 	1067	43.84	 	1	0.04	 	2434	97.05	 	74	2.95	 	2508	4.03
Wynyard East		                               	51	8.81	 	289	49.91	 	6	1.04	 	12	2.07	 	4	0.69	 	1	0.17	 	9	1.55	 	206	35.58	 	1	0.17	 	579	96.34	 	22	3.66	 	601	0.96
Yolla		                                      	39	8.78	 	154	34.68	 	1	0.23	 	29	6.53	 	3	0.68	 	1	0.23	 	6	1.35	 	211	47.52	 	0	0	 	444	97.16	 	13	2.84	 	457	0.73
Special Hospitals		                          	53	11.57	 	144	31.44	 	11	2.4	 	5	1.09	 	4	0.87	 	1	0.22	 	3	0.66	 	237	51.75	 	0	0	 	458	93.85	 	30	6.15	 	488	0.78
Total Ordinary		                             	5608	10.2	 	22222	40.43	 	454	0.83	 	2198	4	 	334	0.61	 	47	0.09	 	801	1.46	 	23246	42.3	 	50	0.09	 	54960	97.28	 	1536	2.72	 	56496	90.67
ABSENT		                                     	269	9.82	 	1034	37.75	 	29	1.06	 	197	7.19	 	9	0.33	 	3	0.11	 	52	1.9	 	1144	41.77	 	2	0.07	 	2739	98.45	 	43	1.55	 	2782	4.46
POSTAL		                                     	135	7.94	 	635	37.33	 	7	0.41	 	73	4.29	 	20	1.18	 	3	0.18	 	23	1.35	 	802	47.15	 	3	0.18	 	1701	98.72	 	22	1.28	 	1723	2.77
PRE_POLL		                                   	102	8.37	 	459	37.65	 	8	0.66	 	89	7.3	 	8	0.66	 	2	0.16	 	24	1.97	 	525	43.07	 	2	0.16	 	1219	98.62	 	17	1.38	 	1236	1.98
PROVISIONAL		                                	4	6.06	 	34	51.52	 	0	0	 	2	3.03	 	1	1.52	 	0	0	 	3	4.55	 	22	33.33	 	0	0	 	66	94.29	 	4	5.71	 	70	0.11
ADJUSTMENT		                                 	-2		       	-1		       	0		       	0		       	0		       	0		       	0		       	1		       	0		       	-2		       	2		       	0	
Division Summary		                           	6116	10.08	 	24383	40.18	 	498	0.82	 	2559	4.22	 	372	0.61	 	55	0.09	 	903	1.49	 	25740	42.42	 	57	0.09	 	60683	97.39	 	1624	2.61	 	62307	96.81
 																																					


Denison (68599)																																					

	   		Group Total HAR			Group Total ALP			Group Total TST			Group Total TG			Group Total CTA			Group Total NLP			Group Total DEM			Group Total LP			Ungrouped Total 			FORMAL 			INFORMAL 			TOTAL 	
Polling Places			Vote	%	   	Vote	%	   	Vote	%	   	Vote	%	   	Vote	%	   	Vote	%	   	Vote	%	   	Vote	%	   	Vote	%	   	Vote	%	   	Vote	%	   	Vote	%
Abbotsfield		                                	194	12.05	 	1021	63.42	 	11	0.68	 	59	3.66	 	3	0.19	 	1	0.06	 	20	1.24	 	301	18.7	 	0	0	 	1610	97.52	 	41	2.48	 	1651	2.51
Albuera		                                    	31	7.35	 	163	38.63	 	3	0.71	 	95	22.51	 	0	0	 	0	0	 	10	2.37	 	119	28.2	 	1	0.24	 	422	99.29	 	3	0.71	 	425	0.65
Austins Ferry		                              	226	15.29	 	762	51.56	 	5	0.34	 	64	4.33	 	1	0.07	 	3	0.2	 	9	0.61	 	408	27.6	 	0	0	 	1478	97.49	 	38	2.51	 	1516	2.3
Battery Point		                              	78	7.14	 	347	31.75	 	6	0.55	 	230	21.04	 	1	0.09	 	4	0.37	 	32	2.93	 	393	35.96	 	2	0.18	 	1093	98.03	 	22	1.97	 	1115	1.69
Bowen Road		                                 	275	12.99	 	1176	55.55	 	8	0.38	 	112	5.29	 	6	0.28	 	6	0.28	 	27	1.28	 	505	23.85	 	2	0.09	 	2117	96.36	 	80	3.64	 	2197	3.34
Brent Street		                               	94	11.07	 	489	57.6	 	8	0.94	 	37	4.36	 	3	0.35	 	0	0	 	14	1.65	 	204	24.03	 	0	0	 	849	95.61	 	39	4.39	 	888	1.35
Cascades		                                   	112	10.26	 	467	42.77	 	9	0.82	 	224	20.51	 	6	0.55	 	1	0.09	 	28	2.56	 	242	22.16	 	3	0.27	 	1092	96.98	 	34	3.02	 	1126	1.71
Chigwell		                                   	279	14.58	 	1202	62.8	 	9	0.47	 	54	2.82	 	6	0.31	 	1	0.05	 	19	0.99	 	342	17.87	 	2	0.1	 	1914	96.52	 	69	3.48	 	1983	3.01
Claremont		                                  	242	13.55	 	981	54.93	 	9	0.5	 	86	4.82	 	2	0.11	 	1	0.06	 	10	0.56	 	453	25.36	 	2	0.11	 	1786	96.8	 	59	3.2	 	1845	2.8
Collinsvale		                                	49	14.94	 	189	57.62	 	2	0.61	 	45	13.72	 	1	0.3	 	2	0.61	 	6	1.83	 	34	10.37	 	0	0	 	328	97.04	 	10	2.96	 	338	0.51
Cornelian Bay		                              	87	13.57	 	251	39.16	 	5	0.78	 	56	8.74	 	1	0.16	 	0	0	 	16	2.5	 	224	34.95	 	1	0.16	 	641	97.27	 	18	2.73	 	659	1
Cosgrove		                                   	133	12.68	 	570	54.34	 	5	0.48	 	37	3.53	 	1	0.1	 	1	0.1	 	14	1.33	 	287	27.36	 	1	0.1	 	1049	96.42	 	39	3.58	 	1088	1.65
Creek Road		                                 	200	18.1	 	395	35.75	 	8	0.72	 	97	8.78	 	1	0.09	 	1	0.09	 	14	1.27	 	389	35.2	 	0	0	 	1105	97.53	 	28	2.47	 	1133	1.72
Cross Street		                               	311	15.51	 	882	43.99	 	8	0.4	 	193	9.63	 	5	0.25	 	7	0.35	 	43	2.14	 	553	27.58	 	3	0.15	 	2005	97.38	 	54	2.62	 	2059	3.13
Dynnyrne		                                   	105	9.9	 	373	35.16	 	8	0.75	 	198	18.66	 	1	0.09	 	2	0.19	 	41	3.86	 	330	31.1	 	3	0.28	 	1061	98.15	 	20	1.85	 	1081	1.64
Elizabeth Street		                           	77	9.34	 	375	45.51	 	5	0.61	 	157	19.05	 	5	0.61	 	0	0	 	18	2.18	 	183	22.21	 	4	0.49	 	824	97.63	 	20	2.37	 	844	1.28
Elwick		                                     	72	15.19	 	288	60.76	 	3	0.63	 	12	2.53	 	1	0.21	 	1	0.21	 	4	0.84	 	93	19.62	 	0	0	 	474	94.8	 	26	5.2	 	500	0.76
Fern Tree		                                  	28	6.75	 	144	34.7	 	1	0.24	 	120	28.92	 	0	0	 	3	0.72	 	21	5.06	 	98	23.61	 	0	0	 	415	99.28	 	3	0.72	 	418	0.63
Glenorchy		                                  	496	16.16	 	1609	52.41	 	22	0.72	 	104	3.39	 	7	0.23	 	3	0.1	 	35	1.14	 	793	25.83	 	1	0.03	 	3070	97.52	 	78	2.48	 	3148	4.78
Glenorchy East		                             	334	13.52	 	1442	58.36	 	18	0.73	 	95	3.84	 	6	0.24	 	10	0.4	 	26	1.05	 	540	21.85	 	0	0	 	2471	96.6	 	87	3.4	 	2558	3.89
Goodwood		                                   	143	11.66	 	812	66.23	 	5	0.41	 	51	4.16	 	4	0.33	 	1	0.08	 	12	0.98	 	196	15.99	 	2	0.16	 	1226	96.69	 	42	3.31	 	1268	1.93
Hill Street		                                	46	9.62	 	181	37.87	 	3	0.63	 	80	16.74	 	0	0	 	0	0	 	13	2.72	 	154	32.22	 	1	0.21	 	478	96.76	 	16	3.24	 	494	0.75
Hobart		                                     	53	7.9	 	287	42.77	 	8	1.19	 	144	21.46	 	5	0.75	 	0	0	 	18	2.68	 	154	22.95	 	2	0.3	 	671	98.39	 	11	1.61	 	682	1.04
Hobart Central		                             	19	8.56	 	81	36.49	 	3	1.35	 	42	18.92	 	0	0	 	2	0.9	 	1	0.45	 	74	33.33	 	0	0	 	222	97.37	 	6	2.63	 	228	0.35
Hobart North		                               	78	10.04	 	377	48.52	 	1	0.13	 	110	14.16	 	4	0.51	 	3	0.39	 	13	1.67	 	191	24.58	 	0	0	 	777	97.37	 	21	2.63	 	798	1.21
Hobart South		                               	174	11.45	 	578	38.03	 	12	0.79	 	261	17.17	 	4	0.26	 	2	0.13	 	51	3.36	 	435	28.62	 	3	0.2	 	1520	98.06	 	30	1.94	 	1550	2.35
Hobart West		                                	106	9.65	 	458	41.71	 	2	0.18	 	248	22.59	 	3	0.27	 	0	0	 	50	4.55	 	229	20.86	 	2	0.18	 	1098	98.04	 	22	1.96	 	1120	1.7
Lansdowne Crescent		                         	79	8.52	 	394	42.5	 	4	0.43	 	207	22.33	 	3	0.32	 	0	0	 	23	2.48	 	216	23.3	 	1	0.11	 	927	97.48	 	24	2.52	 	951	1.44
Lenah Valley		                               	255	13.83	 	815	44.2	 	9	0.49	 	162	8.79	 	3	0.16	 	2	0.11	 	29	1.57	 	568	30.8	 	1	0.05	 	1844	97.67	 	44	2.33	 	1888	2.87
Lower Sandy Bay		                            	147	7.55	 	409	21	 	10	0.51	 	207	10.63	 	7	0.36	 	3	0.15	 	26	1.33	 	1138	58.42	 	1	0.05	 	1948	98.68	 	26	1.32	 	1974	3
Lutana		                                     	91	10.94	 	517	62.14	 	5	0.6	 	27	3.25	 	6	0.72	 	1	0.12	 	6	0.72	 	178	21.39	 	1	0.12	 	832	96.3	 	32	3.7	 	864	1.31
Montrose		                                   	70	16.59	 	188	44.55	 	3	0.71	 	13	3.08	 	1	0.24	 	1	0.24	 	3	0.71	 	143	33.89	 	0	0	 	422	98.37	 	7	1.63	 	429	0.65
Moonah		                                     	339	14.04	 	1259	52.13	 	13	0.54	 	106	4.39	 	13	0.54	 	7	0.29	 	37	1.53	 	640	26.5	 	1	0.04	 	2415	95.91	 	103	4.09	 	2518	3.82
Moonah North		                               	109	10.6	 	581	56.52	 	7	0.68	 	47	4.57	 	3	0.29	 	3	0.29	 	9	0.88	 	269	26.17	 	0	0	 	1028	96.8	 	34	3.2	 	1062	1.61
Mount Nelson		                               	133	11.38	 	387	33.11	 	4	0.34	 	205	17.54	 	5	0.43	 	3	0.26	 	27	2.31	 	405	34.64	 	0	0	 	1169	98.48	 	18	1.52	 	1187	1.8
Mount Stuart		                               	127	15.08	 	280	33.25	 	11	1.31	 	92	10.93	 	5	0.59	 	10	1.19	 	30	3.56	 	287	34.09	 	0	0	 	842	97.34	 	23	2.66	 	865	1.31
Newdegate		                                  	141	13.43	 	426	40.57	 	9	0.86	 	176	16.76	 	8	0.76	 	4	0.38	 	14	1.33	 	272	25.9	 	0	0	 	1050	97.22	 	30	2.78	 	1080	1.64
New Town		                                   	100	10.52	 	384	40.38	 	2	0.21	 	132	13.88	 	3	0.32	 	1	0.11	 	19	2	 	308	32.39	 	2	0.21	 	951	96.84	 	31	3.16	 	982	1.49
Queenborough		                               	64	8.58	 	281	37.67	 	7	0.94	 	116	15.55	 	2	0.27	 	4	0.54	 	18	2.41	 	254	34.05	 	0	0	 	746	98.16	 	14	1.84	 	760	1.15
Roseneath		                                  	29	8.63	 	256	76.19	 	2	0.6	 	8	2.38	 	1	0.3	 	1	0.3	 	3	0.89	 	36	10.71	 	0	0	 	336	98.53	 	5	1.47	 	341	0.52
Rosetta		                                    	148	16.88	 	328	37.4	 	10	1.14	 	37	4.22	 	0	0	 	4	0.46	 	14	1.6	 	336	38.31	 	0	0	 	877	97.99	 	18	2.01	 	895	1.36
St Johns Park		                              	34	17.8	 	87	45.55	 	5	2.62	 	20	10.47	 	0	0	 	0	0	 	1	0.52	 	44	23.04	 	0	0	 	191	97.95	 	4	2.05	 	195	0.3
St Peters		                                  	36	9.05	 	183	45.98	 	0	0	 	75	18.84	 	4	1.01	 	1	0.25	 	4	1.01	 	95	23.87	 	0	0	 	398	96.6	 	14	3.4	 	412	0.63
Sandy Bay		                                  	151	11.21	 	371	27.54	 	14	1.04	 	182	13.51	 	5	0.37	 	3	0.22	 	23	1.71	 	595	44.17	 	3	0.22	 	1347	98.18	 	25	1.82	 	1372	2.08
Sandy Bay Beach		                            	101	9	 	257	22.91	 	9	0.8	 	131	11.68	 	1	0.09	 	5	0.45	 	21	1.87	 	595	53.03	 	2	0.18	 	1122	98.25	 	20	1.75	 	1142	1.73
Swan		                                       	63	9.4	 	321	47.91	 	4	0.6	 	118	17.61	 	2	0.3	 	7	1.04	 	13	1.94	 	142	21.19	 	0	0	 	670	96.82	 	22	3.18	 	692	1.05
Taroona		                                    	189	12.02	 	459	29.2	 	16	1.02	 	274	17.43	 	5	0.32	 	4	0.25	 	36	2.29	 	586	37.28	 	3	0.19	 	1572	98.62	 	22	1.38	 	1594	2.42
Tolosa		                                     	205	13.78	 	894	60.08	 	3	0.2	 	40	2.69	 	3	0.2	 	2	0.13	 	9	0.6	 	332	22.31	 	0	0	 	1488	97.06	 	45	2.94	 	1533	2.33
Waimea Heights		                             	50	6.35	 	168	21.32	 	10	1.27	 	94	11.93	 	1	0.13	 	4	0.51	 	18	2.28	 	442	56.09	 	1	0.13	 	788	98.62	 	11	1.38	 	799	1.21
Windermere		                                 	128	15.17	 	487	57.7	 	3	0.36	 	30	3.55	 	3	0.36	 	0	0	 	10	1.18	 	183	21.68	 	0	0	 	844	97.12	 	25	2.88	 	869	1.32
Special Hospitals		                          	101	18.7	 	187	34.63	 	8	1.48	 	26	4.81	 	5	0.93	 	3	0.56	 	8	1.48	 	202	37.41	 	0	0	 	540	97.12	 	16	2.88	 	556	0.84
Total Ordinary		                             	6932	12.35	 	25819	45.99	 	355	0.63	 	5536	9.86	 	166	0.3	 	128	0.23	 	966	1.72	 	16190	28.84	 	51	0.09	 	56143	97.35	 	1529	2.65	 	57672	87.6
ABSENT		                                     	337	10.01	 	1496	44.43	 	18	0.53	 	390	11.58	 	10	0.3	 	8	0.24	 	52	1.54	 	1050	31.19	 	6	0.18	 	3367	98.36	 	56	1.64	 	3423	5.2
POSTAL		                                     	282	13.4	 	969	46.06	 	17	0.81	 	154	7.32	 	5	0.24	 	6	0.29	 	26	1.24	 	644	30.61	 	1	0.05	 	2104	98.23	 	38	1.77	 	2142	3.25
PRE_POLL		                                   	213	8.82	 	896	37.12	 	9	0.37	 	403	16.69	 	14	0.58	 	6	0.25	 	63	2.61	 	807	33.43	 	3	0.12	 	2414	98.89	 	27	1.11	 	2441	3.71
PROVISIONAL		                                	7	4.61	 	89	58.55	 	3	1.97	 	13	8.55	 	2	1.32	 	0	0	 	3	1.97	 	35	23.03	 	0	0	 	152	96.2	 	6	3.8	 	158	0.24
ADJUSTMENT		                                 	1		       	-2		       	0		       	0		       	0		       	0		       	0		       	-3		       	-1		       	-5		       	5		       	0	
Division Summary		                           	7772	12.11	 	29267	45.6	 	402	0.63	 	6496	10.12	 	197	0.31	 	148	0.23	 	1110	1.73	 	18723	29.17	 	60	0.09	 	64175	97.48	 	1661	2.52	 	65836	95.97


Franklin (63149)																																					

	   		Group Total HAR			Group Total ALP			Group Total TST			Group Total TG			Group Total CTA			Group Total NLP			Group Total DEM			Group Total LP			Ungrouped Total 			FORMAL 			INFORMAL 			TOTAL 	
Polling Places			Vote	%	   	Vote	%	   	Vote	%	   	Vote	%	   	Vote	%	   	Vote	%	   	Vote	%	   	Vote	%	   	Vote	%	   	Vote	%	   	Vote	%	   	Vote	%
Adventure Bay		                              	16	11.68	 	74	54.01	 	2	1.46	 	19	13.87	 	0	0	 	0	0	 	0	0	 	26	18.98	 	0	0	 	137	96.48	 	5	3.52	 	142	0.23
Alonnah		                                    	8	3.79	 	104	49.29	 	1	0.47	 	31	14.69	 	0	0	 	0	0	 	7	3.32	 	60	28.44	 	0	0	 	211	98.14	 	4	1.86	 	215	0.35
Barnes Bay		                                 	10	9.8	 	41	40.2	 	1	0.98	 	14	13.73	 	0	0	 	0	0	 	5	4.9	 	31	30.39	 	0	0	 	102	96.23	 	4	3.77	 	106	0.17
Bellerive		                                  	404	13.48	 	1171	39.06	 	29	0.97	 	252	8.41	 	11	0.37	 	1	0.03	 	67	2.23	 	1061	35.39	 	2	0.07	 	2998	98.42	 	48	1.58	 	3046	4.97
Blackmans Bay		                              	338	12.92	 	970	37.07	 	13	0.5	 	216	8.25	 	16	0.61	 	6	0.23	 	62	2.37	 	994	37.98	 	2	0.08	 	2617	98.79	 	32	1.21	 	2649	4.32
Bligh		                                      	122	11.35	 	727	67.63	 	8	0.74	 	38	3.53	 	0	0	 	0	0	 	14	1.3	 	164	15.26	 	2	0.19	 	1075	96.07	 	44	3.93	 	1119	1.83
Bridgewater		                                	222	8.86	 	1782	71.11	 	19	0.76	 	43	1.72	 	11	0.44	 	3	0.12	 	22	0.88	 	404	16.12	 	0	0	 	2506	96.72	 	85	3.28	 	2591	4.23
Cambridge		                                  	67	10.18	 	230	34.95	 	11	1.67	 	67	10.18	 	0	0	 	1	0.15	 	14	2.13	 	267	40.58	 	1	0.15	 	658	97.34	 	18	2.66	 	676	1.1
Castle Forbes Bay		                          	8	10.13	 	32	40.51	 	1	1.27	 	4	5.06	 	0	0	 	0	0	 	3	3.8	 	31	39.24	 	0	0	 	79	92.94	 	6	7.06	 	85	0.14
Clarendon Vale		                             	46	5.97	 	586	76.1	 	4	0.52	 	18	2.34	 	1	0.13	 	0	0	 	13	1.69	 	101	13.12	 	1	0.13	 	770	97.47	 	20	2.53	 	790	1.29
Cradoc		                                     	30	15.54	 	45	23.32	 	4	2.07	 	29	15.03	 	4	2.07	 	0	0	 	3	1.55	 	78	40.41	 	0	0	 	193	96.5	 	7	3.5	 	200	0.33
Cygnet		                                     	210	13.22	 	602	37.89	 	14	0.88	 	244	15.36	 	2	0.13	 	6	0.38	 	61	3.84	 	449	28.26	 	1	0.06	 	1589	97.37	 	43	2.63	 	1632	2.66
Dover		                                      	41	7.85	 	225	43.1	 	4	0.77	 	26	4.98	 	4	0.77	 	1	0.19	 	4	0.77	 	217	41.57	 	0	0	 	522	95.43	 	25	4.57	 	547	0.89
East Risdon		                                	23	12.3	 	85	45.45	 	1	0.53	 	23	12.3	 	1	0.53	 	0	0	 	5	2.67	 	49	26.2	 	0	0	 	187	98.42	 	3	1.58	 	190	0.31
Franklin		                                   	53	10.71	 	203	41.01	 	3	0.61	 	48	9.7	 	1	0.2	 	1	0.2	 	6	1.21	 	180	36.36	 	0	0	 	495	97.63	 	12	2.37	 	507	0.83
Gagebrook		                                  	116	6.74	 	1224	71.08	 	9	0.52	 	32	1.86	 	1	0.06	 	1	0.06	 	16	0.93	 	321	18.64	 	2	0.12	 	1722	97.07	 	52	2.93	 	1774	2.9
Geeveston		                                  	86	10.45	 	295	35.84	 	5	0.61	 	18	2.19	 	3	0.36	 	1	0.12	 	4	0.49	 	411	49.94	 	0	0	 	823	96.14	 	33	3.86	 	856	1.4
Geilston Bay		                               	183	13.77	 	582	43.79	 	9	0.68	 	77	5.79	 	1	0.08	 	0	0	 	20	1.5	 	456	34.31	 	1	0.08	 	1329	98.3	 	23	1.7	 	1352	2.21
Glen Huon		                                  	37	14.74	 	69	27.49	 	2	0.8	 	15	5.98	 	6	2.39	 	0	0	 	5	1.99	 	117	46.61	 	0	0	 	251	98.05	 	5	1.95	 	256	0.42
Grove		                                      	55	9.32	 	214	36.27	 	5	0.85	 	56	9.49	 	4	0.68	 	0	0	 	15	2.54	 	241	40.85	 	0	0	 	590	96.25	 	23	3.75	 	613	1
Howden		                                     	21	9.5	 	78	35.29	 	2	0.9	 	29	13.12	 	1	0.45	 	1	0.45	 	12	5.43	 	77	34.84	 	0	0	 	221	97.36	 	6	2.64	 	227	0.37
Howrah		                                     	381	13.35	 	1064	37.29	 	34	1.19	 	133	4.66	 	11	0.39	 	3	0.11	 	54	1.89	 	1170	41.01	 	3	0.11	 	2853	98.52	 	43	1.48	 	2896	4.73
Huonville		                                  	159	11.24	 	555	39.22	 	13	0.92	 	99	7	 	2	0.14	 	1	0.07	 	21	1.48	 	565	39.93	 	0	0	 	1415	96.13	 	57	3.87	 	1472	2.4
Judbury		                                    	29	16.48	 	49	27.84	 	1	0.57	 	26	14.77	 	0	0	 	0	0	 	3	1.7	 	68	38.64	 	0	0	 	176	97.78	 	4	2.22	 	180	0.29
Kettering		                                  	47	11.01	 	131	30.68	 	0	0	 	64	14.99	 	2	0.47	 	1	0.23	 	16	3.75	 	166	38.88	 	0	0	 	427	98.84	 	5	1.16	 	432	0.71
Kingston		                                   	416	12.1	 	1317	38.32	 	7	0.2	 	317	9.22	 	48	1.4	 	5	0.15	 	76	2.21	 	1250	36.37	 	1	0.03	 	3437	97.95	 	72	2.05	 	3509	5.73
Kingston Beach		                             	305	13.03	 	781	33.38	 	15	0.64	 	247	10.56	 	19	0.81	 	4	0.17	 	60	2.56	 	909	38.85	 	0	0	 	2340	98.53	 	35	1.47	 	2375	3.88
Lauderdale		                                 	300	11.39	 	997	37.84	 	32	1.21	 	246	9.34	 	10	0.38	 	4	0.15	 	62	2.35	 	983	37.31	 	1	0.04	 	2635	98.58	 	38	1.42	 	2673	4.36
Lindisfarne		                                	388	14.87	 	836	32.04	 	30	1.15	 	184	7.05	 	4	0.15	 	3	0.11	 	71	2.72	 	1092	41.86	 	1	0.04	 	2609	97.97	 	54	2.03	 	2663	4.35
Loatta Road		                                	232	14.53	 	526	32.94	 	13	0.81	 	131	8.2	 	5	0.31	 	1	0.06	 	39	2.44	 	649	40.64	 	1	0.06	 	1597	98.22	 	29	1.78	 	1626	2.65
Margate		                                    	146	10.87	 	487	36.26	 	10	0.74	 	168	12.51	 	13	0.97	 	1	0.07	 	47	3.5	 	470	35	 	1	0.07	 	1343	97.89	 	29	2.11	 	1372	2.24
Middleton		                                  	28	12.17	 	98	42.61	 	2	0.87	 	21	9.13	 	0	0	 	0	0	 	8	3.48	 	73	31.74	 	0	0	 	230	94.26	 	14	5.74	 	244	0.4
Montagu Bay		                                	195	14.68	 	505	38.03	 	23	1.73	 	99	7.45	 	5	0.38	 	2	0.15	 	30	2.26	 	469	35.32	 	0	0	 	1328	97.22	 	38	2.78	 	1366	2.23
Mornington		                                 	41	10.43	 	241	61.32	 	6	1.53	 	15	3.82	 	0	0	 	0	0	 	2	0.51	 	88	22.39	 	0	0	 	393	97.28	 	11	2.72	 	404	0.66
Opossum Bay		                                	16	10.39	 	43	27.92	 	1	0.65	 	17	11.04	 	0	0	 	0	0	 	3	1.95	 	74	48.05	 	0	0	 	154	97.47	 	4	2.53	 	158	0.26
Port Huon		                                  	22	13.58	 	54	33.33	 	0	0	 	3	1.85	 	1	0.62	 	1	0.62	 	2	1.23	 	79	48.77	 	0	0	 	162	94.74	 	9	5.26	 	171	0.28
Ranelagh		                                   	67	12.5	 	206	38.43	 	11	2.05	 	29	5.41	 	1	0.19	 	2	0.37	 	4	0.75	 	216	40.3	 	0	0	 	536	96.4	 	20	3.6	 	556	0.91
Risdon Vale		                                	176	10.8	 	1149	70.49	 	10	0.61	 	44	2.7	 	3	0.18	 	1	0.06	 	12	0.74	 	235	14.42	 	0	0	 	1630	96.68	 	56	3.32	 	1686	2.75
Rokeby		                                     	199	10.68	 	1233	66.18	 	13	0.7	 	45	2.42	 	8	0.43	 	1	0.05	 	17	0.91	 	346	18.57	 	1	0.05	 	1863	97.18	 	54	2.82	 	1917	3.13
Sandfly		                                    	62	10.08	 	201	32.68	 	6	0.98	 	103	16.75	 	5	0.81	 	2	0.33	 	18	2.93	 	217	35.28	 	1	0.16	 	615	97.16	 	18	2.84	 	633	1.03
Sandford		                                   	46	9.04	 	194	38.11	 	2	0.39	 	70	13.75	 	5	0.98	 	0	0	 	9	1.77	 	183	35.95	 	0	0	 	509	98.64	 	7	1.36	 	516	0.84
Seven Mile Beach		                           	68	9.39	 	275	37.98	 	9	1.24	 	80	11.05	 	2	0.28	 	2	0.28	 	14	1.93	 	274	37.85	 	0	0	 	724	98.91	 	8	1.09	 	732	1.2
Snug		                                       	99	12.03	 	357	43.38	 	7	0.85	 	71	8.63	 	2	0.24	 	0	0	 	37	4.5	 	250	30.38	 	0	0	 	823	96.94	 	26	3.06	 	849	1.39
South Arm		                                  	48	10.91	 	185	42.05	 	3	0.68	 	45	10.23	 	1	0.23	 	0	0	 	4	0.91	 	154	35	 	0	0	 	440	97.56	 	11	2.44	 	451	0.74
Southport		                                  	7	5.38	 	46	35.38	 	0	0	 	19	14.62	 	0	0	 	0	0	 	6	4.62	 	52	40	 	0	0	 	130	97.01	 	4	2.99	 	134	0.22
Strathblane		                                	6	5.66	 	49	46.23	 	2	1.89	 	4	3.77	 	2	1.89	 	0	0	 	3	2.83	 	40	37.74	 	0	0	 	106	96.36	 	4	3.64	 	110	0.18
Surges Bay		                                 	8	5.8	 	37	26.81	 	2	1.45	 	9	6.52	 	0	0	 	0	0	 	3	2.17	 	78	56.52	 	1	0.72	 	138	96.5	 	5	3.5	 	143	0.23
Tranmere		                                   	269	15.04	 	597	33.37	 	47	2.63	 	126	7.04	 	7	0.39	 	0	0	 	29	1.62	 	714	39.91	 	0	0	 	1789	98.35	 	30	1.65	 	1819	2.97
Warrane		                                    	163	10.19	 	1024	64	 	10	0.63	 	78	4.88	 	3	0.19	 	1	0.06	 	13	0.81	 	307	19.19	 	1	0.06	 	1600	96.79	 	53	3.21	 	1653	2.7
Wentworth Street		                           	179	14.59	 	513	41.81	 	13	1.06	 	81	6.6	 	5	0.41	 	2	0.16	 	28	2.28	 	406	33.09	 	0	0	 	1227	98.08	 	24	1.92	 	1251	2.04
Woodbridge		                                 	35	11.08	 	86	27.22	 	4	1.27	 	61	19.3	 	1	0.32	 	0	0	 	14	4.43	 	115	36.39	 	0	0	 	316	95.76	 	14	4.24	 	330	0.54
Special Hospitals		                          	27	10.11	 	67	25.09	 	5	1.87	 	3	1.12	 	0	0	 	0	0	 	3	1.12	 	162	60.67	 	0	0	 	267	98.16	 	5	1.84	 	272	0.44
Prison Mobiles		                             	0	0	 	3	75	 	0	0	 	0	0	 	0	0	 	0	0	 	1	25	 	0	0	 	0	0	 	4	80	 	1	20	 	5	0.01
Total Ordinary		                             	6260	11.84	 	23245	43.95	 	478	0.9	 	3937	7.44	 	232	0.44	 	59	0.11	 	1067	2.02	 	17589	33.26	 	24	0.05	 	52891	97.64	 	1280	2.36	 	54171	88.44
ABSENT		                                     	362	10.16	 	1645	46.16	 	42	1.18	 	350	9.82	 	14	0.39	 	7	0.2	 	74	2.08	 	1069	29.99	 	1	0.03	 	3564	98.29	 	62	1.71	 	3626	5.92
POSTAL		                                     	190	11.26	 	644	38.17	 	8	0.47	 	124	7.35	 	6	0.36	 	0	0	 	28	1.66	 	684	40.55	 	3	0.18	 	1687	99.29	 	12	0.71	 	1699	2.77
PRE_POLL		                                   	158	9.96	 	620	39.07	 	11	0.69	 	177	11.15	 	8	0.5	 	4	0.25	 	37	2.33	 	569	35.85	 	3	0.19	 	1587	99.06	 	15	0.94	 	1602	2.62
PROVISIONAL		                                	19	12.42	 	83	54.25	 	1	0.65	 	10	6.54	 	2	1.31	 	0	0	 	7	4.58	 	31	20.26	 	0	0	 	153	98.08	 	3	1.92	 	156	0.25
ADJUSTMENT		                                 	0		       	-2		       	0		       	0		       	0		       	0		       	0		       	0		       	0		       	-2		       	2		       	0	
Division Summary		                           	6989	11.67	 	26235	43.81	 	540	0.9	 	4598	7.68	 	262	0.44	 	70	0.12	 	1213	2.03	 	19942	33.3	 	31	0.05	 	59880	97.76	 	1374	2.24	 	61254	97
 																																					


Lyons (65695)																																					

	   		Group Total HAR			Group Total ALP			Group Total TST			Group Total TG			Group Total CTA			Group Total NLP			Group Total DEM			Group Total LP			Ungrouped Total 			FORMAL 			INFORMAL 			TOTAL 	
Polling Places			Vote	%	   	Vote	%	   	Vote	%	   	Vote	%	   	Vote	%	   	Vote	%	   	Vote	%	   	Vote	%	   	Vote	%	   	Vote	%	   	Vote	%	   	Vote	%
Avoca		                                      	9	3.54	 	127	50	 	5	1.97	 	13	5.12	 	6	2.36	 	0	0	 	4	1.57	 	90	35.43	 	0	0	 	254	96.95	 	8	3.05	 	262	0.41
Bagdad		                                     	27	4.39	 	329	53.5	 	4	0.65	 	35	5.69	 	4	0.65	 	1	0.16	 	8	1.3	 	207	33.66	 	0	0	 	615	95.94	 	26	4.06	 	641	1
Barrington		                                 	19	8.92	 	61	28.64	 	3	1.41	 	7	3.29	 	4	1.88	 	0	0	 	3	1.41	 	116	54.46	 	0	0	 	213	98.16	 	4	1.84	 	217	0.34
Beaconsfield		                               	79	7.73	 	534	52.25	 	9	0.88	 	56	5.48	 	10	0.98	 	0	0	 	12	1.17	 	322	31.51	 	0	0	 	1022	95.87	 	44	4.13	 	1066	1.67
Beauty Point		                               	81	10.44	 	371	47.81	 	10	1.29	 	27	3.48	 	1	0.13	 	1	0.13	 	6	0.77	 	278	35.82	 	1	0.13	 	776	97.12	 	23	2.88	 	799	1.25
Bicheno		                                    	35	6.22	 	225	39.96	 	9	1.6	 	34	6.04	 	3	0.53	 	3	0.53	 	8	1.42	 	245	43.52	 	1	0.18	 	563	96.24	 	22	3.76	 	585	0.92
Bishopsbourne		                              	10	6.94	 	29	20.14	 	3	2.08	 	5	3.47	 	5	3.47	 	0	0	 	1	0.69	 	91	63.19	 	0	0	 	144	96	 	6	4	 	150	0.23
Bothwell		                                   	30	6.51	 	205	44.47	 	9	1.95	 	7	1.52	 	2	0.43	 	1	0.22	 	0	0	 	207	44.9	 	0	0	 	461	96.44	 	17	3.56	 	478	0.75
Bracknell		                                  	34	8.31	 	130	31.78	 	7	1.71	 	42	10.27	 	1	0.24	 	0	0	 	3	0.73	 	191	46.7	 	1	0.24	 	409	96.69	 	14	3.31	 	423	0.66
Brighton		                                   	90	8.65	 	555	53.37	 	7	0.67	 	25	2.4	 	1	0.1	 	1	0.1	 	12	1.15	 	348	33.46	 	1	0.1	 	1040	98.48	 	16	1.52	 	1056	1.65
Broadmarsh		                                 	8	4.82	 	49	29.52	 	2	1.2	 	10	6.02	 	1	0.6	 	2	1.2	 	2	1.2	 	92	55.42	 	0	0	 	166	98.81	 	2	1.19	 	168	0.26
Bronte		                                     	10	7.94	 	49	38.89	 	2	1.59	 	7	5.56	 	0	0	 	0	0	 	6	4.76	 	51	40.48	 	1	0.79	 	126	97.67	 	3	2.33	 	129	0.2
Buckland		                                   	6	4.69	 	51	39.84	 	1	0.78	 	6	4.69	 	0	0	 	0	0	 	0	0	 	64	50	 	0	0	 	128	96.24	 	5	3.76	 	133	0.21
Campania		                                   	37	8.55	 	188	43.42	 	4	0.92	 	16	3.7	 	1	0.23	 	0	0	 	5	1.15	 	182	42.03	 	0	0	 	433	98.41	 	7	1.59	 	440	0.69
Campbell Town		                              	64	7.91	 	466	57.6	 	7	0.87	 	28	3.46	 	5	0.62	 	1	0.12	 	15	1.85	 	222	27.44	 	1	0.12	 	809	96.89	 	26	3.11	 	835	1.31
Carrick		                                    	27	7.05	 	126	32.9	 	12	3.13	 	25	6.53	 	0	0	 	0	0	 	1	0.26	 	192	50.13	 	0	0	 	383	98.46	 	6	1.54	 	389	0.61
Chudleigh		                                  	21	8.11	 	65	25.1	 	2	0.77	 	19	7.34	 	1	0.39	 	0	0	 	3	1.16	 	148	57.14	 	0	0	 	259	95.93	 	11	4.07	 	270	0.42
Claude Road		                                	10	6.13	 	50	30.67	 	2	1.23	 	15	9.2	 	0	0	 	1	0.61	 	7	4.29	 	78	47.85	 	0	0	 	163	97.6	 	4	2.4	 	167	0.26
Colebrook		                                  	21	8.94	 	109	46.38	 	3	1.28	 	15	6.38	 	0	0	 	0	0	 	3	1.28	 	84	35.74	 	0	0	 	235	96.71	 	8	3.29	 	243	0.38
Coles Bay		                                  	7	5.38	 	44	33.85	 	1	0.77	 	18	13.85	 	0	0	 	0	0	 	1	0.77	 	59	45.38	 	0	0	 	130	99.24	 	1	0.76	 	131	0.21
Copping		                                    	18	9.38	 	69	35.94	 	3	1.56	 	29	15.1	 	0	0	 	0	0	 	2	1.04	 	71	36.98	 	0	0	 	192	96.97	 	6	3.03	 	198	0.31
Cressy		                                     	46	6.22	 	322	43.57	 	8	1.08	 	24	3.25	 	1	0.14	 	0	0	 	11	1.49	 	327	44.25	 	0	0	 	739	96.73	 	25	3.27	 	764	1.2
Deloraine		                                  	186	9.1	 	617	30.2	 	22	1.08	 	175	8.57	 	6	0.29	 	0	0	 	24	1.17	 	1013	49.58	 	0	0	 	2043	97.24	 	58	2.76	 	2101	3.29
Dodges Ferry		                               	118	8.42	 	729	52	 	8	0.57	 	163	11.63	 	7	0.5	 	3	0.21	 	28	2	 	346	24.68	 	0	0	 	1402	98.04	 	28	1.96	 	1430	2.24
Dromedary		                                  	15	6.28	 	140	58.58	 	1	0.42	 	14	5.86	 	1	0.42	 	0	0	 	2	0.84	 	66	27.62	 	0	0	 	239	97.15	 	7	2.85	 	246	0.39
Dunalley		                                   	33	8.55	 	181	46.89	 	4	1.04	 	30	7.77	 	0	0	 	0	0	 	0	0	 	138	35.75	 	0	0	 	386	98.22	 	7	1.78	 	393	0.62
Eaglehawk Neck		                             	20	7.63	 	103	39.31	 	4	1.53	 	30	11.45	 	0	0	 	0	0	 	4	1.53	 	101	38.55	 	0	0	 	262	97.04	 	8	2.96	 	270	0.42
Elizabeth Town		                             	31	8.59	 	71	19.67	 	6	1.66	 	41	11.36	 	0	0	 	0	0	 	9	2.49	 	202	55.96	 	1	0.28	 	361	97.3	 	10	2.7	 	371	0.58
Ellendale		                                  	14	7.65	 	75	40.98	 	1	0.55	 	13	7.1	 	0	0	 	0	0	 	2	1.09	 	78	42.62	 	0	0	 	183	96.83	 	6	3.17	 	189	0.3
Epping		                                     	6	4.11	 	51	34.93	 	3	2.05	 	2	1.37	 	1	0.68	 	0	0	 	0	0	 	83	56.85	 	0	0	 	146	97.99	 	3	2.01	 	149	0.23
Evandale		                                   	84	8.28	 	371	36.59	 	12	1.18	 	96	9.47	 	4	0.39	 	0	0	 	18	1.78	 	429	42.31	 	0	0	 	1014	97.59	 	25	2.41	 	1039	1.63
Exeter		                                     	116	9.68	 	406	33.89	 	9	0.75	 	120	10.02	 	8	0.67	 	4	0.33	 	19	1.59	 	516	43.07	 	0	0	 	1198	97.48	 	31	2.52	 	1229	1.92
Fingal		                                     	38	10.33	 	211	57.34	 	5	1.36	 	13	3.53	 	0	0	 	1	0.27	 	0	0	 	99	26.9	 	1	0.27	 	368	97.61	 	9	2.39	 	377	0.59
Forcett		                                    	14	7.22	 	85	43.81	 	0	0	 	14	7.22	 	0	0	 	1	0.52	 	0	0	 	80	41.24	 	0	0	 	194	96.52	 	7	3.48	 	201	0.31
Frankford		                                  	15	9.87	 	46	30.26	 	2	1.32	 	12	7.89	 	1	0.66	 	2	1.32	 	1	0.66	 	73	48.03	 	0	0	 	152	98.06	 	3	1.94	 	155	0.24
Glengarry		                                  	16	5.82	 	87	31.64	 	5	1.82	 	21	7.64	 	1	0.36	 	0	0	 	11	4	 	133	48.36	 	1	0.36	 	275	97.52	 	7	2.48	 	282	0.44
Glenora		                                    	30	10.38	 	148	51.21	 	4	1.38	 	14	4.84	 	4	1.38	 	0	0	 	6	2.08	 	83	28.72	 	0	0	 	289	95.07	 	15	4.93	 	304	0.48
Granton		                                    	23	10.04	 	90	39.3	 	0	0	 	5	2.18	 	0	0	 	0	0	 	5	2.18	 	106	46.29	 	0	0	 	229	97.86	 	5	2.14	 	234	0.37
Gravelly Beach		                             	47	8.5	 	208	37.61	 	5	0.9	 	82	14.83	 	0	0	 	0	0	 	8	1.45	 	203	36.71	 	0	0	 	553	98.22	 	10	1.78	 	563	0.88
Greens Beach		                               	7	4.86	 	48	33.33	 	1	0.69	 	10	6.94	 	2	1.39	 	0	0	 	0	0	 	76	52.78	 	0	0	 	144	97.96	 	3	2.04	 	147	0.23
Gretna		                                     	5	2.99	 	63	37.72	 	1	0.6	 	1	0.6	 	1	0.6	 	0	0	 	4	2.4	 	92	55.09	 	0	0	 	167	96.53	 	6	3.47	 	173	0.27
Hadspen		                                    	74	8.64	 	366	42.76	 	8	0.93	 	36	4.21	 	8	0.93	 	0	0	 	18	2.1	 	346	40.42	 	0	0	 	856	97.49	 	22	2.51	 	878	1.37
Hagley		                                     	19	7.12	 	34	12.73	 	3	1.12	 	10	3.75	 	2	0.75	 	0	0	 	4	1.5	 	195	73.03	 	0	0	 	267	97.8	 	6	2.2	 	273	0.43
Hamilton		                                   	9	4.86	 	103	55.68	 	6	3.24	 	3	1.62	 	0	0	 	0	0	 	1	0.54	 	63	34.05	 	0	0	 	185	94.87	 	10	5.13	 	195	0.31
Kempton		                                    	31	9.09	 	174	51.03	 	4	1.17	 	23	6.74	 	0	0	 	0	0	 	4	1.17	 	105	30.79	 	0	0	 	341	96.88	 	11	3.13	 	352	0.55
Koonya		                                     	4	3.54	 	42	37.17	 	1	0.88	 	23	20.35	 	1	0.88	 	0	0	 	1	0.88	 	41	36.28	 	0	0	 	113	97.41	 	3	2.59	 	116	0.18
Lachlan		                                    	23	8.55	 	143	53.16	 	2	0.74	 	22	8.18	 	1	0.37	 	0	0	 	6	2.23	 	72	26.77	 	0	0	 	269	96.76	 	9	3.24	 	278	0.44
Latrobe		                                    	240	10.3	 	1084	46.54	 	20	0.86	 	92	3.95	 	12	0.52	 	2	0.09	 	33	1.42	 	845	36.28	 	1	0.04	 	2329	96.96	 	73	3.04	 	2402	3.76
Legana (Lyons)		                             	46	8.57	 	145	27	 	3	0.56	 	45	8.38	 	13	2.42	 	2	0.37	 	12	2.23	 	271	50.47	 	0	0	 	537	98.9	 	6	1.1	 	543	0.85
Levendale		                                  	6	5.26	 	51	44.74	 	0	0	 	6	5.26	 	2	1.75	 	0	0	 	0	0	 	49	42.98	 	0	0	 	114	95.8	 	5	4.2	 	119	0.19
Longford		                                   	165	8.45	 	829	42.45	 	41	2.1	 	75	3.84	 	6	0.31	 	5	0.26	 	27	1.38	 	800	40.96	 	5	0.26	 	1953	96.68	 	67	3.32	 	2020	3.16
Lower Barrington		                           	26	10.88	 	62	25.94	 	2	0.84	 	18	7.53	 	0	0	 	1	0.42	 	5	2.09	 	125	52.3	 	0	0	 	239	98.35	 	4	1.65	 	243	0.38
Magra		                                      	35	8.97	 	231	59.23	 	3	0.77	 	6	1.54	 	3	0.77	 	1	0.26	 	3	0.77	 	108	27.69	 	0	0	 	390	96.3	 	15	3.7	 	405	0.63
Mathinna		                                   	8	6.11	 	86	65.65	 	1	0.76	 	6	4.58	 	0	0	 	0	0	 	2	1.53	 	28	21.37	 	0	0	 	131	97.04	 	4	2.96	 	135	0.21
Maydena		                                    	19	8.15	 	102	43.78	 	1	0.43	 	12	5.15	 	0	0	 	0	0	 	3	1.29	 	96	41.2	 	0	0	 	233	98.73	 	3	1.27	 	236	0.37
Meander		                                    	18	7.86	 	49	21.4	 	1	0.44	 	53	23.14	 	0	0	 	1	0.44	 	2	0.87	 	105	45.85	 	0	0	 	229	98.28	 	4	1.72	 	233	0.36
Midway Point		                               	145	10.21	 	699	49.23	 	9	0.63	 	64	4.51	 	7	0.49	 	0	0	 	23	1.62	 	471	33.17	 	2	0.14	 	1420	97.06	 	43	2.94	 	1463	2.29
Mole Creek		                                 	24	5.54	 	112	25.87	 	6	1.39	 	18	4.16	 	1	0.23	 	0	0	 	6	1.39	 	266	61.43	 	0	0	 	433	96.87	 	14	3.13	 	447	0.7
Molesworth		                                 	29	10.21	 	127	44.72	 	4	1.41	 	29	10.21	 	2	0.7	 	0	0	 	10	3.52	 	83	29.23	 	0	0	 	284	99.3	 	2	0.7	 	286	0.45
Moriarty		                                   	18	7.63	 	38	16.1	 	3	1.27	 	17	7.2	 	1	0.42	 	0	0	 	2	0.85	 	156	66.1	 	1	0.42	 	236	98.74	 	3	1.26	 	239	0.37
New Norfolk		                                	258	10.09	 	1492	58.35	 	17	0.66	 	85	3.32	 	4	0.16	 	3	0.12	 	34	1.33	 	661	25.85	 	3	0.12	 	2557	96.31	 	98	3.69	 	2655	4.16
New Norfolk North		                          	107	9.81	 	695	63.7	 	4	0.37	 	25	2.29	 	3	0.27	 	3	0.27	 	10	0.92	 	244	22.36	 	0	0	 	1091	98.38	 	18	1.62	 	1109	1.74
Nubeena		                                    	29	6.86	 	171	40.43	 	4	0.95	 	29	6.86	 	1	0.24	 	1	0.24	 	10	2.36	 	178	42.08	 	0	0	 	423	97.24	 	12	2.76	 	435	0.68
Oatlands		                                   	49	7.11	 	274	39.77	 	51	7.4	 	32	4.64	 	4	0.58	 	0	0	 	2	0.29	 	277	40.2	 	0	0	 	689	96.36	 	26	3.64	 	715	1.12
Orford		                                     	44	9.98	 	146	33.11	 	7	1.59	 	26	5.9	 	0	0	 	2	0.45	 	4	0.91	 	212	48.07	 	0	0	 	441	96.92	 	14	3.08	 	455	0.71
Ouse		                                       	28	8.36	 	144	42.99	 	4	1.19	 	12	3.58	 	1	0.3	 	0	0	 	5	1.49	 	141	42.09	 	0	0	 	335	97.95	 	7	2.05	 	342	0.54
Parattah		                                   	25	14.45	 	66	38.15	 	9	5.2	 	7	4.05	 	1	0.58	 	0	0	 	4	2.31	 	61	35.26	 	0	0	 	173	96.65	 	6	3.35	 	179	0.28
Perth		                                      	130	8.85	 	600	40.84	 	41	2.79	 	72	4.9	 	1	0.07	 	3	0.2	 	13	0.88	 	608	41.39	 	1	0.07	 	1469	97.35	 	40	2.65	 	1509	2.36
Pontville		                                  	33	9.3	 	171	48.17	 	4	1.13	 	16	4.51	 	3	0.85	 	0	0	 	13	3.66	 	114	32.11	 	1	0.28	 	355	98.07	 	7	1.93	 	362	0.57
Port Arthur		                                	21	11.35	 	67	36.22	 	3	1.62	 	13	7.03	 	0	0	 	0	0	 	3	1.62	 	78	42.16	 	0	0	 	185	96.35	 	7	3.65	 	192	0.3
Port Sorell		                                	119	8.76	 	473	34.83	 	14	1.03	 	104	7.66	 	8	0.59	 	1	0.07	 	28	2.06	 	610	44.92	 	1	0.07	 	1358	98.12	 	26	1.88	 	1384	2.17
Primrose Sands		                             	40	12.31	 	197	60.62	 	0	0	 	18	5.54	 	0	0	 	0	0	 	3	0.92	 	67	20.62	 	0	0	 	325	96.15	 	13	3.85	 	338	0.53
Pyengana		                                   	15	11.9	 	34	26.98	 	2	1.59	 	9	7.14	 	1	0.79	 	0	0	 	2	1.59	 	63	50	 	0	0	 	126	96.18	 	5	3.82	 	131	0.21
Queenstown		                                 	145	9.25	 	696	44.42	 	30	1.91	 	18	1.15	 	5	0.32	 	4	0.26	 	7	0.45	 	662	42.25	 	0	0	 	1567	96.49	 	57	3.51	 	1624	2.54
Queenstown South		                           	26	12.32	 	82	38.86	 	2	0.95	 	2	0.95	 	1	0.47	 	0	0	 	1	0.47	 	96	45.5	 	1	0.47	 	211	98.14	 	4	1.86	 	215	0.34
Railton		                                    	97	11.24	 	385	44.61	 	6	0.7	 	47	5.45	 	2	0.23	 	3	0.35	 	17	1.97	 	304	35.23	 	2	0.23	 	863	95.36	 	42	4.64	 	905	1.42
Richmond		                                   	83	9.71	 	388	45.38	 	3	0.35	 	72	8.42	 	0	0	 	1	0.12	 	17	1.99	 	291	34.04	 	0	0	 	855	95.85	 	37	4.15	 	892	1.4
Rosebery		                                   	65	8.53	 	481	63.12	 	1	0.13	 	10	1.31	 	1	0.13	 	2	0.26	 	6	0.79	 	178	23.36	 	18	2.36	 	762	97.32	 	21	2.68	 	783	1.23
Ross		                                       	17	4.52	 	179	47.61	 	2	0.53	 	11	2.93	 	1	0.27	 	0	0	 	4	1.06	 	162	43.09	 	0	0	 	376	96.91	 	12	3.09	 	388	0.61
Rossarden		                                  	10	14.29	 	39	55.71	 	0	0	 	5	7.14	 	0	0	 	0	0	 	1	1.43	 	15	21.43	 	0	0	 	70	94.59	 	4	5.41	 	74	0.12
St Helens		                                  	130	8.73	 	624	41.91	 	14	0.94	 	87	5.84	 	19	1.28	 	3	0.2	 	27	1.81	 	584	39.22	 	1	0.07	 	1489	96.56	 	53	3.44	 	1542	2.41
St Marys		                                   	58	9.32	 	336	54.02	 	6	0.96	 	47	7.56	 	15	2.41	 	0	0	 	6	0.96	 	154	24.76	 	0	0	 	622	96.58	 	22	3.42	 	644	1.01
Saltwater River		                            	7	7.87	 	47	52.81	 	1	1.12	 	3	3.37	 	0	0	 	0	0	 	0	0	 	31	34.83	 	0	0	 	89	98.89	 	1	1.11	 	90	0.14
Sassafras		                                  	20	8.44	 	47	19.83	 	2	0.84	 	5	2.11	 	3	1.27	 	0	0	 	0	0	 	160	67.51	 	0	0	 	237	99.16	 	2	0.84	 	239	0.37
Scamander		                                  	41	7.54	 	279	51.29	 	4	0.74	 	50	9.19	 	4	0.74	 	3	0.55	 	6	1.1	 	157	28.86	 	0	0	 	544	96.97	 	17	3.03	 	561	0.88
Sheffield		                                  	121	11.75	 	334	32.43	 	5	0.49	 	45	4.37	 	19	1.84	 	3	0.29	 	24	2.33	 	478	46.41	 	1	0.1	 	1030	96.99	 	32	3.01	 	1062	1.66
Sidmouth		                                   	55	11.11	 	163	32.93	 	8	1.62	 	40	8.08	 	8	1.62	 	0	0	 	13	2.63	 	206	41.62	 	2	0.4	 	495	98.8	 	6	1.2	 	501	0.78
Sorell		                                     	155	10.61	 	602	41.2	 	11	0.75	 	82	5.61	 	11	0.75	 	0	0	 	18	1.23	 	580	39.7	 	2	0.14	 	1461	97.27	 	41	2.73	 	1502	2.35
Strahan		                                    	40	9.52	 	171	40.71	 	16	3.81	 	16	3.81	 	0	0	 	0	0	 	5	1.19	 	171	40.71	 	1	0.24	 	420	97	 	13	3	 	433	0.68
Swansea		                                    	42	7.17	 	248	42.32	 	13	2.22	 	34	5.8	 	1	0.17	 	2	0.34	 	5	0.85	 	241	41.13	 	0	0	 	586	96.22	 	23	3.78	 	609	0.95
Tarraleah		                                  	13	7.83	 	90	54.22	 	2	1.2	 	5	3.01	 	2	1.2	 	0	0	 	2	1.2	 	52	31.33	 	0	0	 	166	98.22	 	3	1.78	 	169	0.26
Tea Tree		                                   	17	9.71	 	48	27.43	 	3	1.71	 	13	7.43	 	1	0.57	 	0	0	 	1	0.57	 	92	52.57	 	0	0	 	175	99.43	 	1	0.57	 	176	0.28
Triabunna		                                  	51	6.8	 	369	49.2	 	10	1.33	 	19	2.53	 	1	0.13	 	1	0.13	 	5	0.67	 	293	39.07	 	1	0.13	 	750	97.53	 	19	2.47	 	769	1.2
Tullah		                                     	35	15.7	 	100	44.84	 	0	0	 	9	4.04	 	0	0	 	0	0	 	1	0.45	 	76	34.08	 	2	0.9	 	223	96.12	 	9	3.88	 	232	0.36
Tunbridge		                                  	7	6.48	 	61	56.48	 	3	2.78	 	2	1.85	 	0	0	 	0	0	 	1	0.93	 	33	30.56	 	1	0.93	 	108	96.43	 	4	3.57	 	112	0.18
Tunnack		                                    	18	9.28	 	54	27.84	 	15	7.73	 	5	2.58	 	0	0	 	0	0	 	0	0	 	102	52.58	 	0	0	 	194	96.04	 	8	3.96	 	202	0.32
Wesley Vale		                                	40	10.44	 	87	22.72	 	2	0.52	 	52	13.58	 	0	0	 	0	0	 	7	1.83	 	195	50.91	 	0	0	 	383	98.46	 	6	1.54	 	389	0.61
Westbury		                                   	120	9.64	 	449	36.06	 	21	1.69	 	85	6.83	 	7	0.56	 	0	0	 	18	1.45	 	545	43.78	 	0	0	 	1245	94.75	 	69	5.25	 	1314	2.06
Westerway		                                  	11	4.91	 	110	49.11	 	2	0.89	 	11	4.91	 	0	0	 	0	0	 	4	1.79	 	85	37.95	 	1	0.45	 	224	94.51	 	13	5.49	 	237	0.37
West Kentish		                               	13	7.3	 	45	25.28	 	2	1.12	 	12	6.74	 	0	0	 	3	1.69	 	5	2.81	 	98	55.06	 	0	0	 	178	97.8	 	4	2.2	 	182	0.28
Whitemore		                                  	5	3.6	 	9	6.47	 	30	21.58	 	1	0.72	 	0	0	 	0	0	 	4	2.88	 	90	64.75	 	0	0	 	139	99.29	 	1	0.71	 	140	0.22
Wilmot		                                     	24	8.39	 	80	27.97	 	3	1.05	 	22	7.69	 	1	0.35	 	0	0	 	7	2.45	 	147	51.4	 	2	0.7	 	286	98.28	 	5	1.72	 	291	0.46
Zeehan		                                     	38	6.3	 	322	53.4	 	3	0.5	 	15	2.49	 	2	0.33	 	1	0.17	 	6	1	 	206	34.16	 	10	1.66	 	603	95.11	 	31	4.89	 	634	0.99
Special Hospitals		                          	13	11.4	 	59	51.75	 	5	4.39	 	1	0.88	 	1	0.88	 	0	0	 	0	0	 	35	30.7	 	0	0	 	114	98.28	 	2	1.72	 	116	0.18
Prison Mobiles		                             	0	0	 	0	0	 	0	0	 	0	0	 	0	0	 	0	0	 	0	0	 	0	0	 	0	0	 	0	0	 	0	0	 	0	0
Total Ordinary		                             	4861	8.77	 	23875	43.08	 	709	1.28	 	3151	5.69	 	273	0.49	 	73	0.13	 	765	1.38	 	21640	39.05	 	69	0.12	 	55416	97.06	 	1677	2.94	 	57093	89.39
ABSENT		                                     	271	7.71	 	1479	42.09	 	52	1.48	 	306	8.71	 	9	0.26	 	6	0.17	 	71	2.02	 	1319	37.54	 	1	0.03	 	3514	98.27	 	62	1.73	 	3576	5.6
POSTAL		                                     	173	8.66	 	789	39.51	 	21	1.05	 	113	5.66	 	9	0.45	 	1	0.05	 	25	1.25	 	861	43.11	 	5	0.25	 	1997	98.62	 	28	1.38	 	2025	3.17
PRE_POLL		                                   	59	6.26	 	329	34.93	 	11	1.17	 	115	12.21	 	6	0.64	 	4	0.42	 	28	2.97	 	389	41.3	 	1	0.11	 	942	98.64	 	13	1.36	 	955	1.5
PROVISIONAL		                                	15	6.98	 	113	52.56	 	1	0.47	 	14	6.51	 	1	0.47	 	0	0	 	5	2.33	 	66	30.7	 	0	0	 	215	96.85	 	7	3.15	 	222	0.35
ADJUSTMENT		                                 	-4		       	-2		       	0		       	1		       	0		       	0		       	0		       	-2		       	-2		       	-9		       	10		       	1	
Division Summary		                           	5375	8.66	 	26583	42.82	 	794	1.28	 	3700	5.96	 	298	0.48	 	84	0.14	 	894	1.44	 	24273	39.1	 	74	0.12	 	62075	97.19	 	1797	2.81	 	63872	97.23
 																																					
