Senate - 1996 Election 																
First Preference Votes by Candidate																
By Vote Type by State																
																
New South Wales																
																
Enrolment 3955782																

				Ordinary		Absent		Provisional		Pre Poll		Postal		Adj	Total	
Candidates			Party	Votes	%	Votes	%	Votes	%	Votes	%	Votes	%		Votes	%
A		TICKET VOTES	RARI	33347	1.05	2380	1.13	478	1.44	1376	0.93	988	0.96	-13	38556	1.05
		"KITSON, David"	RARI	4809	0.15	357	0.17	77	0.23	208	0.14	189	0.18	3	5643	0.15
		"O'CALLAGHAN, Carolyn"	RARI	288	0.01	20	0.01	4	0.01	16	0.01	22	0.02	-4	346	0.01
		Group Total	RARI	38444	1.21	2757	1.30	559	1.68	1600	1.08	1199	1.16	-14	44545	1.21
B		TICKET VOTES	LNP	1285529	40.35	81133	38.36	9829	29.51	66370	44.76	48173	46.57	-44	1490990	40.49
	#	"WOODS, Bob"	LP	22961	0.72	1566	0.74	135	0.41	1118	0.75	1368	1.32	40	27188	0.74
	#	"BROWNHILL, David"	NP	1416	0.04	133	0.06	14	0.04	87	0.06	175	0.17	1	1826	0.05
	#	"COONAN, Helen"	LP	1554	0.05	152	0.07	21	0.06	92	0.06	140	0.14	-9	1950	0.05
		"CONSTANTIN, Abraham"	LP	629	0.02	50	0.02	4	0.01	45	0.03	44	0.04	-4	768	0.02
		Group Total	LNP	1312089	41.19	83034	39.26	10003	30.04	67712	45.66	49900	48.24	-16	1522722	41.35
C		TICKET VOTES	GRN	67987	2.13	8380	3.96	1633	4.90	4288	2.89	1628	1.57	5	83921	2.28
		"SPERLING, Karla"	GRN	10668	0.33	1139	0.54	131	0.39	641	0.43	344	0.33	1	12924	0.35
		"DENTON, Peter"	GRN	262	0.01	44	0.02	6	0.02	22	0.01	16	0.02	1	351	0.01
		"ELIX, Jane"	GRN	300	0.01	48	0.02	8	0.02	33	0.02	28	0.03	-1	416	0.01
		"MATSON, Murray"	GRN	244	0.01	35	0.02	4	0.01	22	0.01	11	0.01	0	316	0.01
		Group Total	GRN	79461	2.49	9646	4.56	1782	5.35	5006	3.38	2027	1.96	6	97928	2.66
D		TICKET VOTES	NAN	11761	0.37	967	0.46	148	0.44	511	0.34	301	0.29	0	13688	0.37
		"NASH, Chris"	NAN	2755	0.09	217	0.10	18	0.05	131	0.09	86	0.08	-29	3178	0.09
		"HALE, Sylvia"	NAN	148	0.00	13	0.01	3	0.01	10	0.01	3	0.00	0	177	0.00
		Group Total	NAN	14664	0.46	1197	0.57	169	0.51	652	0.44	390	0.38	-29	17043	0.46
E		TICKET VOTES	SEN	6195	0.19	319	0.15	40	0.12	360	0.24	441	0.43	0	7355	0.20
		"EVANS, Beryl"	SEN	745	0.02	41	0.02	1	0.00	44	0.03	32	0.03	-2	861	0.02
		"WELSH, Lorraine"	SEN	42	0.00	6	0.00	0	0.00	2	0.00	2	0.00	0	52	0.00
		Group Total	SEN	6982	0.22	366	0.17	41	0.12	406	0.27	475	0.46	-2	8268	0.22
F		TICKET VOTES	AFI	46315	1.45	4219	1.99	571	1.71	1835	1.24	1485	1.44	-1	54424	1.48
		"PHILLIPS, John"	AFI	6127	0.19	392	0.19	46	0.14	279	0.19	293	0.28	6	7143	0.19
		"O'REGAN, Bevan"	AFI	196	0.01	15	0.01	0	0.00	13	0.01	20	0.02	0	244	0.01
		Group Total	AFI	52638	1.65	4626	2.19	617	1.85	2127	1.43	1798	1.74	5	61811	1.68
G		TICKET VOTES	ALP	1173975	36.85	72977	34.50	15308	45.97	48408	32.65	33464	32.35	-37	1344095	36.50
	#	"WEST, Sue"	ALP	19757	0.62	1493	0.71	229	0.69	976	0.66	797	0.77	41	23293	0.63
	#	"CHILDS, Bruce"	ALP	1223	0.04	126	0.06	19	0.06	58	0.04	88	0.09	8	1522	0.04
		"WHEELWRIGHT, Tom"	ALP	998	0.03	88	0.04	12	0.04	50	0.03	53	0.05	-6	1195	0.03
		"BARGHOUT, Rima"	ALP	666	0.02	50	0.02	11	0.03	48	0.03	38	0.04	0	813	0.02
		Group Total	ALP	1196619	37.56	74734	35.33	15579	46.78	49540	33.41	34440	33.29	6	1370918	37.23
H		TICKET VOTES	DEM	272864	8.56	19382	9.16	2142	6.43	11883	8.01	7060	6.82	2	313333	8.51
	#	"BOURNE, Vicki"	DEM	31783	1.00	2234	1.06	140	0.42	1385	0.93	987	0.95	0	36529	0.99
		"CHESTERFIELD-EVANS, Arthur"	DEM	516	0.02	36	0.02	1	0.00	26	0.02	36	0.03	0	615	0.02
		"LARCOS, Andrew"	DEM	189	0.01	23	0.01	1	0.00	5	0.00	7	0.01	-2	223	0.01
		"ANDERSON, Troy"	DEM	653	0.02	56	0.03	7	0.02	41	0.03	33	0.03	1	791	0.02
		Group Total	DEM	306005	9.61	21731	10.27	2291	6.88	13340	9.00	8123	7.85	1	351491	9.55
I		TICKET VOTES		2899	0.09	202	0.10	54	0.16	285	0.19	44	0.04	-3	3481	0.09
		"SCHOLLBACH, Robert Frederick"		70	0.00	3	0.00	0	0.00	2	0.00	3	0.00	0	78	0.00
		"STIRLING, Amanda Jane"		57	0.00	9	0.00	0	0.00	2	0.00	5	0.00	0	73	0.00
		Group Total		3026	0.09	214	0.10	54	0.16	289	0.19	52	0.05	-3	3632	0.10
J		TICKET VOTES	ASP	60661	1.90	4344	2.05	909	2.73	2419	1.63	1210	1.17	-2	69541	1.89
		"SIMS, Richard"	ASP	3528	0.11	263	0.12	22	0.07	182	0.12	171	0.17	1	4167	0.11
		"BOURKE, Robyn"	ASP	154	0.00	11	0.01	2	0.01	14	0.01	6	0.01	-6	181	0.00
		"REDFERN, Daniel"	ASP	64	0.00	5	0.00	0	0.00	2	0.00	2	0.00	0	73	0.00
		"FRANICH, Rodney"	ASP	59	0.00	7	0.00	1	0.00	2	0.00	1	0.00	0	70	0.00
		Group Total	ASP	64466	2.02	4630	2.19	934	2.80	2619	1.77	1390	1.34	-7	74032	2.01
K		TICKET VOTES		924	0.03	59	0.03	17	0.05	46	0.03	8	0.01	0	1054	0.03
		"GALATI, Tony"		50	0.00	2	0.00	1	0.00	2	0.00	0	0.00	0	55	0.00
		"GALATI, Sam"		17	0.00	1	0.00	0	0.00	1	0.00	0	0.00	0	19	0.00
		Group Total		991	0.03	62	0.03	18	0.05	49	0.03	8	0.01	0	1128	0.03
L		TICKET VOTES	AWP	13160	0.41	1292	0.61	250	0.75	669	0.45	400	0.39	-4	15767	0.43
		"DUNCAN, Darelle"	AWP	1255	0.04	153	0.07	19	0.06	67	0.05	31	0.03	0	1525	0.04
		"THEW, Sarah"	AWP	92	0.00	18	0.01	1	0.00	5	0.00	9	0.01	0	125	0.00
		Group Total	AWP	14507	0.46	1463	0.69	270	0.81	741	0.50	440	0.43	-4	17417	0.47
M		TICKET VOTES		516	0.02	25	0.01	8	0.02	24	0.02	12	0.01	0	585	0.02
		"BUTLER, Robert H"		38	0.00	10	0.00	1	0.00	2	0.00	4	0.00	-1	54	0.00
		"COSGROVE, Lindsay D"		14	0.00	0	0.00	0	0.00	2	0.00	1	0.00	1	18	0.00
		Group Total		568	0.02	35	0.02	9	0.03	28	0.02	17	0.02	0	657	0.02
N		TICKET VOTES	RBR	1917	0.06	182	0.09	37	0.11	130	0.09	67	0.06	0	2333	0.06
		"BREEN, Peter"	ABR	291	0.01	29	0.01	2	0.01	17	0.01	8	0.01	1	348	0.01
		"McNALLY, Kerry"	RPA	74	0.00	9	0.00	1	0.00	3	0.00	5	0.00	0	92	0.00
		"HOUSEGO, Valerie"	ABR	14	0.00	1	0.00	0	0.00	1	0.00	0	0.00	0	16	0.00
		"BEKELE, Assefa"	ABR	7	0.00	0	0.00	0	0.00	0	0.00	0	0.00	0	7	0.00
		"FAHEY, Antoinette"	ABR	35	0.00	5	0.00	3	0.01	1	0.00	6	0.01	0	50	0.00
		Group Total	RBR	2338	0.07	226	0.11	43	0.13	152	0.10	86	0.08	1	2846	0.08
O		TICKET VOTES	GRY	3813	0.12	209	0.10	25	0.08	181	0.12	363	0.35	0	4591	0.12
		"VERHEYEN, John"	GRY	460	0.01	21	0.01	1	0.00	13	0.01	35	0.03	-6	524	0.01
		"HETTERSCHEID, Theo"	GRY	4	0.00	0	0.00	0	0.00	1	0.00	0	0.00	-1	4	0.00
		"SEGERSTROM, Bob"	GRY	12	0.00	0	0.00	0	0.00	0	0.00	0	0.00	0	12	0.00
		"PICKERING, Olga"	GRY	37	0.00	1	0.00	0	0.00	0	0.00	4	0.00	0	42	0.00
		Group Total	GRY	4326	0.14	231	0.11	26	0.08	195	0.13	402	0.39	-7	5173	0.14
P		TICKET VOTES	NLP	2639	0.08	270	0.13	73	0.22	140	0.09	43	0.04	0	3165	0.09
		"KNOLES, Catherine"	NLP	410	0.01	40	0.02	4	0.01	26	0.02	13	0.01	-2	491	0.01
		"JUDD, Ines"	NLP	39	0.00	2	0.00	0	0.00	3	0.00	2	0.00	0	46	0.00
		Group Total	NLP	3088	0.10	312	0.15	77	0.23	169	0.11	58	0.06	-2	3702	0.10
Q		TICKET VOTES	ABF	14861	0.47	1573	0.74	370	1.11	866	0.58	468	0.45	-1	18137	0.49
		"FINDLAY-BARNES, Teresa"	ABF	610	0.02	56	0.03	8	0.02	27	0.02	34	0.03	0	735	0.02
		"TRIBE, David"	ABF	67	0.00	11	0.01	1	0.00	5	0.00	4	0.00	0	88	0.00
		Group Total	ABF	15538	0.49	1640	0.78	379	1.14	898	0.61	506	0.49	-1	18960	0.51
R		TICKET VOTES	CTA	54434	1.71	3677	1.74	374	1.12	2215	1.49	1630	1.58	-3	62327	1.69
		"WEBSTER, Alasdair"	CTA	8843	0.28	578	0.27	36	0.11	367	0.25	322	0.31	0	10146	0.28
		"WEBSTER, Elaine"	CTA	142	0.00	14	0.01	0	0.00	13	0.01	7	0.01	0	176	0.00
		"McLENNAN, Graham Clarke"	CTA	55	0.00	7	0.00	0	0.00	2	0.00	8	0.01	0	72	0.00
		"BIRD, Bill"	CTA	64	0.00	6	0.00	0	0.00	8	0.01	4	0.00	-1	81	0.00
		"COLEMAN, Bruce"	CTA	130	0.00	15	0.01	0	0.00	11	0.01	11	0.01	0	167	0.00
		Group Total	CTA	63668	2.00	4297	2.03	410	1.23	2616	1.76	1982	1.92	-4	72969	1.98
UNGROUPED																
		"JONES, Morris"	IND	406	0.01	37	0.02	3	0.01	23	0.02	16	0.02	0	485	0.01
		"IVOR, F"	IND	178	0.01	18	0.01	2	0.01	6	0.00	5	0.00	1	210	0.01
		"BARBARA, John"	IND	48	0.00	6	0.00	0	0.00	1	0.00	2	0.00	0	57	0.00
		"HURLEY, Jade"	IND	4423	0.14	173	0.08	24	0.07	66	0.04	79	0.08	0	4765	0.13
		"PINNIGER, Gretel"	IND	318	0.01	29	0.01	7	0.02	12	0.01	16	0.02	0	382	0.01
		"UNDERWOOD, Dian"	IND	377	0.01	20	0.01	3	0.01	18	0.01	15	0.01	0	433	0.01
		"PATTERSON, Ray"	IND	269	0.01	13	0.01	3	0.01	8	0.01	2	0.00	0	295	0.01
		"PIGGIN, David"	IND	23	0.00	2	0.00	0	0.00	4	0.00	2	0.00	0	31	0.00
		"BRADLEY, Bill"	IND	344	0.01	16	0.01	0	0.00	9	0.01	15	0.01	-1	383	0.01
		Ungrouped Total		6386	0.20	314	0.15	42	0.13	147	0.10	152	0.15	0	7041	0.19
			FORMAL	3185804	95.99	211515	97.91	33303	96.34	148286	98.36	103445	98.20	-70	3682283	96.25
			INFORMAL	133236	4.01	4515	2.09	1264	3.66	2472	1.64	1897	1.80	4	143388	3.75
			TOTAL	3319040	86.76	216030	5.65	34567	0.90	150758	3.94	105342	2.75	-66	3825671	96.71



Victoria																
Enrolment 2972635																

				Ordinary		Absent		Provisional		Pre Poll		Postal		Adj	Total	
Candidates			Party	Votes	%	Votes	%	Votes	%	Votes	%	Votes	%		Votes	%
A		TICKET VOTES	CIR	6090	0.25	262	0.18	86	0.36	163	0.17	68	0.07	3	6672	0.24
		"BORZATTI, Will"	CIR	1954	0.08	119	0.08	47	0.20	53	0.06	69	0.07	-2	2240	0.08
		"McKAY, Neil"	CIR	98	0.00	13	0.01	3	0.01	8	0.01	5	0.01	1	128	0.00
		Group Total	CIR	8142	0.34	394	0.27	136	0.57	224	0.24	142	0.15	2	9040	0.33
B		TICKET VOTES	AGV	54952	2.28	6126	4.21	949	3.95	3196	3.38	1864	1.96	5	67092	2.42
		"SINGER, Peter"	AGV	10648	0.44	1004	0.69	88	0.37	623	0.66	459	0.48	-4	12818	0.46
		"ALEXANDER, Karen"	AGV	699	0.03	76	0.05	9	0.04	55	0.06	50	0.05	-9	880	0.03
		"LUCAS, Helen"	AGV	391	0.02	50	0.03	9	0.04	25	0.03	32	0.03	-24	483	0.02
		Group Total	AGV	66690	2.77	7256	4.99	1055	4.39	3899	4.12	2405	2.53	-32	81273	2.94
C		TICKET VOTES	DLP	28375	1.18	2254	1.55	436	1.82	1302	1.38	1026	1.08	24	33417	1.21
		"MULHOLLAND, John"	DLP	1962	0.08	148	0.10	21	0.09	84	0.09	95	0.10	-7	2303	0.08
		"CAHILL, Paul"	DLP	109	0.00	17	0.01	4	0.02	5	0.01	4	0.00	-1	138	0.00
		"ROWE, Michael"	DLP	65	0.00	6	0.00	1	0.00	0	0.00	0	0.00	-1	71	0.00
		"CREA, Pat"	DLP	40	0.00	5	0.00	1	0.00	0	0.00	1	0.00	0	47	0.00
		"CODY, Matthew"	DLP	24	0.00	2	0.00	1	0.00	2	0.00	0	0.00	0	29	0.00
		"DODD, Christine"	DLP	119	0.00	18	0.01	2	0.01	8	0.01	5	0.01	-1	151	0.01
		Group Total	DLP	30694	1.27	2450	1.68	466	1.94	1401	1.48	1131	1.19	14	36156	1.31
D		TICKET VOTES	LNP	966125	40.12	54502	37.48	7312	30.46	40867	43.19	45433	47.77	53	1114292	40.26
	#	"ALSTON, Richard K R"	LP	25279	1.05	1360	0.94	190	0.79	906	0.96	1257	1.32	-14	28978	1.05
	#	"KEMP, Rod"	LP	694	0.03	82	0.06	16	0.07	55	0.06	90	0.09	-5	932	0.03
	#	"PATTERSON, Kay"	LP	908	0.04	82	0.06	6	0.02	39	0.04	98	0.10	2	1135	0.04
		"ETTERY, Robert John"	NP	529	0.02	43	0.03	3	0.01	21	0.02	72	0.08	0	668	0.02
		"HEAD, Robyne L"	LP	189	0.01	20	0.01	1	0.00	16	0.02	26	0.03	0	252	0.01
		"FERNANDEZ, Anthony G"	LP	318	0.01	23	0.02	2	0.01	18	0.02	36	0.04	1	398	0.01
		Group Total	LNP	994042	41.28	56112	38.58	7530	31.37	41922	44.31	47012	49.43	37	1146655	41.43
E		TICKET VOTES	ALP	946664	39.31	54002	37.13	11549	48.11	33648	35.56	31126	32.73	46	1077035	38.92
	#	"RAY, Robert Francis"	ALP	17012	0.71	1164	0.80	166	0.69	789	0.83	980	1.03	-17	20094	0.73
	#	"COONEY, Barney"	ALP	769	0.03	57	0.04	15	0.06	50	0.05	57	0.06	-1	947	0.03
		"GILLARD, Julia"	ALP	1695	0.07	151	0.10	27	0.11	116	0.12	112	0.12	-2	2099	0.08
		"RAYMOND, Melanie"	ALP	1032	0.04	111	0.08	16	0.07	75	0.08	93	0.10	-5	1322	0.05
		Group Total	ALP	967172	40.16	55485	38.15	11773	49.04	34678	36.65	32368	34.03	21	1101497	39.80
F		TICKET VOTES	AFI	29105	1.21	2060	1.42	358	1.49	1237	1.31	1569	1.65	3	34332	1.24
		"McCORMACK, Denis"	AFI	5050	0.21	350	0.24	26	0.11	175	0.18	333	0.35	-1	5933	0.21
		"SPENCER, Robyn Marion"	AFI	280	0.01	22	0.02	3	0.01	15	0.02	20	0.02	2	342	0.01
		Group Total	AFI	34435	1.43	2432	1.67	387	1.61	1427	1.51	1922	2.02	4	40607	1.47
G		TICKET VOTES	DEM	234818	9.75	15877	10.92	1972	8.21	7987	8.44	7142	7.51	15	267811	9.68
	#	"ALLISON, Lyn"	DEM	27283	1.13	1795	1.23	146	0.61	1003	1.06	1057	1.11	96	31380	1.13
		"McLAREN, John"	DEM	461	0.02	37	0.03	2	0.01	27	0.03	35	0.04	-118	444	0.02
		"LEVY, Laurie"	DEM	518	0.02	37	0.03	1	0.00	47	0.05	39	0.04	3	645	0.02
		"WHITE, Marj"	DEM	465	0.02	49	0.03	3	0.01	29	0.03	22	0.02	0	568	0.02
		Group Total	DEM	263545	10.94	17795	12.24	2124	8.85	9093	9.61	8295	8.72	-4	300848	10.87
H		TICKET VOTES	NLP	4730	0.20	552	0.38	109	0.45	209	0.22	143	0.15	5	5748	0.21
		"GRIFFITH, Stephen"	NLP	725	0.03	70	0.05	3	0.01	23	0.02	28	0.03	-4	845	0.03
		"MASON, Ngaire"	NLP	73	0.00	11	0.01	0	0.00	2	0.00	3	0.00	-1	88	0.00
		Group Total	NLP	5528	0.23	633	0.44	112	0.47	234	0.25	174	0.18	0	6681	0.24
I		TICKET VOTES	RBR	1611	0.07	97	0.07	26	0.11	93	0.10	82	0.09	2	1911	0.07
		"DAHAN, Paul"	RPA	238	0.01	22	0.02	3	0.01	25	0.03	8	0.01	0	296	0.01
		"BERGEN, Des"	ABR	36	0.00	2	0.00	0	0.00	1	0.00	2	0.00	1	42	0.00
		Group Total	RBR	1885	0.08	121	0.08	29	0.12	119	0.13	92	0.10	3	2249	0.08
J		TICKET VOTES		1382	0.06	183	0.13	37	0.15	108	0.11	75	0.08	5	1790	0.06
		"TOSCANO, Joe"		176	0.01	9	0.01	4	0.02	6	0.01	16	0.02	-3	208	0.01
		"ROPER, Steve"		38	0.00	1	0.00	0	0.00	1	0.00	0	0.00	0	40	0.00
		Group Total		1596	0.07	193	0.13	41	0.17	115	0.12	91	0.10	2	2038	0.07
K		TICKET VOTES	ASP	14521	0.60	1122	0.77	197	0.82	728	0.77	594	0.62	8	17170	0.62
		"WOOD, Colin F"	ASP	1946	0.08	116	0.08	10	0.04	82	0.09	111	0.12	-2	2263	0.08
		"SAYERS, Neville"	ASP	68	0.00	6	0.00	1	0.00	2	0.00	7	0.01	1	85	0.00
		"FLIEGNER, Gary"	ASP	41	0.00	5	0.00	1	0.00	3	0.00	4	0.00	1	55	0.00
		Group Total	ASP	16576	0.69	1249	0.86	209	0.87	815	0.86	716	0.75	8	19573	0.71
L		TICKET VOTES	CTA	10457	0.43	756	0.52	88	0.37	473	0.50	494	0.52	-1	12267	0.44
		"COOK, Ken"	CTA	3653	0.15	191	0.13	11	0.05	106	0.11	130	0.14	-9	4082	0.15
		"CHAPMAN, Christine"	CTA	118	0.00	12	0.01	0	0.00	6	0.01	12	0.01	0	148	0.01
		Group Total	CTA	14228	0.59	959	0.66	99	0.41	585	0.62	636	0.67	-10	16497	0.60
UNGROUPED																
		"RASKOVY, Steve"	IND	509	0.02	41	0.03	6	0.02	31	0.03	32	0.03	0	619	0.02
		"SMITH, Maurie"	IND	125	0.01	8	0.01	1	0.00	9	0.01	10	0.01	-3	150	0.01
		"GOOD, Michael"	IND	82	0.00	5	0.00	3	0.01	4	0.00	15	0.02	1	110	0.00
		"GREEN, Neil"	IND	61	0.00	3	0.00	0	0.00	5	0.01	7	0.01	-1	75	0.00
		"ABBOTTO, John M"	IND	76	0.00	6	0.00	2	0.01	6	0.01	6	0.01	0	96	0.00
		"ARMSTRONG, David"	IND	2914	0.12	284	0.20	32	0.13	50	0.05	50	0.05	-9	3321	0.12
		Ungrouped Total		3767	0.16	347	0.24	44	0.18	105	0.11	120	0.13	-12	4371	0.16
			FORMAL	2408300	96.21	145426	97.90	24005	96.49	94617	98.35	95104	98.60	33	2767485	96.45
			INFORMAL	94761	3.79	3124	2.10	872	3.51	1587	1.65	1354	1.40	91	101789	3.55
			TOTAL	2503061	87.24	148550	5.18	24877	0.87	96204	3.35	96458	3.36	124	2869274	96.52



Queensland																
Enrolment 2091384																

				Ordinary		Absent		Provisional		Pre Poll		Postal		Adj	Total	
Candidates			Party	Votes	%	Votes	%	Votes	%	Votes	%	Votes	%		Votes	%
A		TICKET VOTES	ALP	480285	29.50	37165	28.86	4967	37.69	20518	27.04	22434	28.49	31	565400	29.38
	#	"HOGG, John"	ALP	12559	0.77	1105	0.86	145	1.10	489	0.64	727	0.92	-42	14983	0.78
	#	"GIBBS, Brenda"	ALP	1283	0.08	178	0.14	15	0.11	52	0.07	98	0.12	2	1628	0.08
		"CALLAGHAN, Bernadette"	ALP	1472	0.09	155	0.12	11	0.08	104	0.14	97	0.12	0	1839	0.10
		Group Total	ALP	495599	30.44	38603	29.98	5138	38.99	21163	27.89	23356	29.66	-9	583850	30.34
B		TICKET VOTES	RBR	1965	0.12	176	0.14	29	0.22	120	0.16	60	0.08	0	2350	0.12
		"BUCKLEY, Brian"	RPA	249	0.02	24	0.02	2	0.02	9	0.01	15	0.02	-2	297	0.02
		"BAILEY, David"	ABR	31	0.00	4	0.00	0	0.00	1	0.00	2	0.00	-2	36	0.00
		Group Total	RBR	2245	0.14	204	0.16	31	0.24	130	0.17	77	0.10	-4	2683	0.14
C		TICKET VOTES	NLP	2784	0.17	335	0.26	42	0.32	128	0.17	81	0.10	0	3370	0.18
		"AYYAR, Kris"	NLP	201	0.01	26	0.02	1	0.01	11	0.01	4	0.01	-4	239	0.01
		"PRICE, John"	NLP	36	0.00	5	0.00	1	0.01	2	0.00	1	0.00	2	47	0.00
		Group Total	NLP	3021	0.19	366	0.28	44	0.33	141	0.19	86	0.11	-2	3656	0.19
D		TICKET VOTES	GRN	33150	2.04	4994	3.88	614	4.66	2308	3.04	925	1.17	4	41995	2.18
		"JONES, Angela"	GRN	3131	0.19	400	0.31	43	0.33	220	0.29	164	0.21	-15	3943	0.20
		"MAHONEY, Desiree"	GRN	104	0.01	23	0.02	0	0.00	10	0.01	10	0.01	-1	146	0.01
		"CONNORS, Libby"	GRN	140	0.01	30	0.02	5	0.04	14	0.02	10	0.01	2	201	0.01
		Group Total	GRN	36525	2.24	5447	4.23	662	5.02	2552	3.36	1109	1.41	-10	46285	2.41
E		TICKET VOTES		425	0.03	44	0.03	3	0.02	37	0.05	9	0.01	1	519	0.03
		"JONES, John Lee"		69	0.00	10	0.01	0	0.00	2	0.00	1	0.00	-1	81	0.00
		"JONES, Lee James"		11	0.00	0	0.00	0	0.00	1	0.00	2	0.00	-1	13	0.00
		Group Total		505	0.03	54	0.04	3	0.02	40	0.05	12	0.02	-1	613	0.03
F		TICKET VOTES		1794	0.11	148	0.11	20	0.15	45	0.06	25	0.03	0	2032	0.11
		"YOUNG, Phillip James"		609	0.04	27	0.02	5	0.04	11	0.01	14	0.02	-1	665	0.03
		"LADLOW, Harvie William"		75	0.00	12	0.01	1	0.01	3	0.00	3	0.00	2	96	0.00
		Group Total		2478	0.15	187	0.15	26	0.20	59	0.08	42	0.05	1	2793	0.15
G		TICKET VOTES		1418	0.09	191	0.15	18	0.14	124	0.16	55	0.07	1	1807	0.09
		"FREEMARIJUANA, J."		1546	0.09	263	0.20	31	0.24	75	0.10	52	0.07	3	1970	0.10
		"KNEIPP, Tony"		48	0.00	7	0.01	2	0.02	1	0.00	1	0.00	0	59	0.00
		Group Total		3012	0.19	461	0.36	51	0.39	200	0.26	108	0.14	4	3836	0.20
H		TICKET VOTES		1613	0.10	61	0.05	16	0.12	44	0.06	23	0.03	0	1757	0.09
		"McNIVEN, Ian"		98	0.01	15	0.01	1	0.01	5	0.01	5	0.01	-3	121	0.01
		"SMYTH, Ray"		12	0.00	1	0.00	0	0.00	0	0.00	0	0.00	-1	12	0.00
		"MARKS, Robert J."		15	0.00	4	0.00	0	0.00	1	0.00	0	0.00	-1	19	0.00
		Group Total		1738	0.11	81	0.06	17	0.13	50	0.07	28	0.04	-5	1909	0.10
I		TICKET VOTES	LP	557432	34.24	44395	34.48	3830	29.06	31610	41.66	26695	33.90	6	663968	34.50
	#	"MACDONALD, Ian"	LP	10705	0.66	1046	0.81	73	0.55	684	0.90	988	1.25	-18	13478	0.70
	#	"HERRON, John"	LP	1366	0.08	146	0.11	8	0.06	84	0.11	173	0.22	5	1782	0.09
		"KEMBER, Debbie"	LP	1039	0.06	117	0.09	6	0.05	60	0.08	104	0.13	-1	1325	0.07
		Group Total	LP	570542	35.05	45704	35.50	3917	29.72	32438	42.76	27960	35.51	-8	680553	35.36
J		TICKET VOTES	CTA	6424	0.39	603	0.47	66	0.50	418	0.55	351	0.45	0	7862	0.41
		"COOK, Harry"	CTA	1359	0.08	100	0.08	6	0.05	75	0.10	89	0.11	4	1633	0.08
		"COOK, Nan"	CTA	42	0.00	2	0.00	1	0.01	3	0.00	4	0.01	-4	48	0.00
		Group Total	CTA	7825	0.48	705	0.55	73	0.55	496	0.65	444	0.56	0	9543	0.50
K		TICKET VOTES	AWP	9132	0.56	1186	0.92	116	0.88	536	0.71	396	0.50	2	11368	0.59
		"KELLY, Mary"	AWP	1238	0.08	139	0.11	13	0.10	65	0.09	45	0.06	-11	1489	0.08
		"YUILLE, Lizbeth"	AWP	32	0.00	7	0.01	0	0.00	3	0.00	4	0.01	-4	42	0.00
		"HUGHEY, Jenny"	AWP	80	0.00	8	0.01	1	0.01	10	0.01	5	0.01	3	107	0.01
		Group Total	AWP	10482	0.64	1340	1.04	130	0.99	614	0.81	450	0.57	-10	13006	0.68
L		TICKET VOTES	ASP	8811	0.54	960	0.75	100	0.76	519	0.68	368	0.47	0	10758	0.56
		"SALISBURY, Peter Robert"	ASP	1107	0.07	81	0.06	7	0.05	57	0.08	86	0.11	1	1339	0.07
		"ISON, Bill"	ASP	41	0.00	2	0.00	2	0.02	3	0.00	3	0.00	-2	49	0.00
		Group Total	ASP	9959	0.61	1043	0.81	109	0.83	579	0.76	457	0.58	-1	12146	0.63
M		TICKET VOTES		506	0.03	35	0.03	9	0.07	14	0.02	30	0.04	0	594	0.03
		"HETHERINGTON, Maurice V."		103	0.01	15	0.01	2	0.02	5	0.01	17	0.02	-9	133	0.01
		"RUSSELL, Ross Herbert"		12	0.00	0	0.00	0	0.00	0	0.00	0	0.00	-1	11	0.00
		Group Total		621	0.04	50	0.04	11	0.08	19	0.03	47	0.06	-10	738	0.04
N		TICKET VOTES	DEM	196945	12.10	15466	12.01	1267	9.61	7110	9.37	6313	8.02	2	227103	11.80
	#	"KERNOT, Cheryl"	DEM	22833	1.40	1703	1.32	111	0.84	960	1.27	1022	1.30	-6	26623	1.38
		"WALTERS, Tony"	DEM	98	0.01	7	0.01	1	0.01	9	0.01	13	0.02	0	128	0.01
		"COLLINS, Peter J."	DEM	104	0.01	9	0.01	3	0.02	5	0.01	6	0.01	2	129	0.01
		"REED, Annette Kim"	DEM	204	0.01	11	0.01	0	0.00	9	0.01	9	0.01	3	236	0.01
		Group Total	DEM	220184	13.52	17196	13.36	1382	10.49	8093	10.67	7363	9.35	1	254219	13.21
O		TICKET VOTES	AFI	9212	0.57	947	0.74	96	0.73	542	0.71	522	0.66	0	11319	0.59
		"MAYNE, Cynthia Dianne"	AFI	1355	0.08	115	0.09	8	0.06	73	0.10	121	0.15	-8	1664	0.09
		"MINOGUE, John Gerard"	AFI	105	0.01	12	0.01	0	0.00	7	0.01	8	0.01	2	134	0.01
		Group Total	AFI	10672	0.66	1074	0.83	104	0.79	622	0.82	651	0.83	-6	13117	0.68
P		TICKET VOTES	OAP	2833	0.17	257	0.20	37	0.28	111	0.15	95	0.12	0	3333	0.17
		"JEWELL, Perry J. B."	OAP	236	0.01	21	0.02	2	0.02	9	0.01	8	0.01	-1	275	0.01
		"GRAYSON, Michael William"	OAP	27	0.00	2	0.00	0	0.00	1	0.00	0	0.00	0	30	0.00
		Group Total	OAP	3096	0.19	280	0.22	39	0.30	121	0.16	103	0.13	-1	3638	0.19
Q		TICKET VOTES	NP	241032	14.81	15162	11.78	1356	10.29	8158	10.75	15333	19.47	3	281044	14.60
	#	"BOSWELL, Ron"	NP	4731	0.29	438	0.34	25	0.19	237	0.31	835	1.06	-8	6258	0.33
		"COBB, Teresa M."	NP	337	0.02	27	0.02	3	0.02	14	0.02	113	0.14	2	496	0.03
		"CRANWELL, Terry Ann"	NP	310	0.02	24	0.02	3	0.02	16	0.02	38	0.05	10	401	0.02
		Group Total	NP	246410	15.14	15651	12.16	1387	10.53	8425	11.10	16319	20.73	7	288199	14.98
R		TICKET VOTES	AIP	1989	0.12	194	0.15	42	0.32	59	0.08	65	0.08	0	2349	0.12
		"WATSON, Sam"	AIP	299	0.02	44	0.03	2	0.02	17	0.02	6	0.01	-4	364	0.02
		"TYSON, Netta"	AIP	45	0.00	5	0.00	1	0.01	3	0.00	5	0.01	0	59	0.00
		Group Total	AIP	2333	0.14	243	0.19	45	0.34	79	0.10	76	0.10	-4	2772	0.14
UNGROUPED																
		"Mac NEVIN, Michelle"	IND	483	0.03	44	0.03	6	0.05	35	0.05	31	0.04	-5	594	0.03
		"LETH, Chris"	IND	57	0.00	5	0.00	1	0.01	2	0.00	3	0.00	-1	67	0.00
		"HOWSE, David Gordon"	IND	80	0.00	6	0.00	1	0.01	2	0.00	3	0.00	-1	91	0.00
		"McKAY, Ross"	IND	120	0.01	12	0.01	1	0.01	9	0.01	11	0.01	1	154	0.01
		Ungrouped Total		740	0.05	67	0.05	9	0.07	48	0.06	48	0.06	-6	906	0.05
			FORMAL	1627987	96.47	128756	98.31	13178	96.71	75869	98.60	78736	98.03	-64	1924462	96.73
			INFORMAL	59577	3.53	2217	1.69	449	3.29	1075	1.40	1585	1.97	76	64979	3.27
			TOTAL	1687564	84.83	130973	6.58	13627	0.68	76944	3.87	80321	4.04	12	1989441	95.13



Western Australia																
Enrolment 1088487																

				Ordinary		Absent		Provisional		Pre Poll		Postal		Adj	Total	
Candidates			Party	Votes	%	Votes	%	Votes	%	Votes	%	Votes	%		Votes	%
A		TICKET VOTES	AWP	7636	0.90	803	1.02	161	1.27	363	0.93	232	0.90	53	9248	0.92
		"TURNBULL, Mattie"	AWP	1418	0.17	161	0.20	36	0.28	57	0.15	47	0.18	0	1719	0.17
		"MUDFORD, Kate"	AWP	152	0.02	29	0.04	5	0.04	12	0.03	6	0.02	-2	202	0.02
		Group Total	AWP	9206	1.09	993	1.26	202	1.59	432	1.11	285	1.10	51	11169	1.11
B		TICKET VOTES	LP	376158	44.39	33909	42.98	4470	35.26	18398	47.22	12329	47.76	195	445459	44.36
	#	"CRANE, Winston"	LP	6567	0.77	704	0.89	77	0.61	467	1.20	601	2.33	-111	8305	0.83
	#	"PANIZZA, John H"	LP	626	0.07	96	0.12	11	0.09	44	0.11	62	0.24	5	844	0.08
	#	"EGGLESTON, Alan"	LP	360	0.04	46	0.06	0	0.00	30	0.08	44	0.17	6	486	0.05
		"HUSTON, Michael"	LP	219	0.03	47	0.06	5	0.04	25	0.06	20	0.08	4	320	0.03
		"SIRNA, Enzo"	LP	138	0.02	13	0.02	1	0.01	2	0.01	3	0.01	0	157	0.02
		"THOMPSON, Clare Helen"	LP	617	0.07	85	0.11	8	0.06	49	0.13	37	0.14	12	808	0.08
		Group Total	LP	384685	45.40	34900	44.23	4572	36.07	19015	48.80	13096	50.73	111	456379	45.44
C		TICKET VOTES		1058	0.12	138	0.17	20	0.16	58	0.15	30	0.12	31	1335	0.13
		"DRAKE, Tony"		119	0.01	13	0.02	4	0.03	2	0.01	3	0.01	1	142	0.01
		"ROBINSON, Jean H"		34	0.00	5	0.01	1	0.01	0	0.00	1	0.00	0	41	0.00
		Group Total		1211	0.14	156	0.20	25	0.20	60	0.15	34	0.13	32	1518	0.15
D		TICKET VOTES	CTA	4508	0.53	436	0.55	48	0.38	165	0.42	98	0.38	10	5265	0.52
		"JACKSON, Don"	CTA	1440	0.17	138	0.17	10	0.08	37	0.09	54	0.21	8	1687	0.17
		"LAURIE, Marj"	CTA	63	0.01	7	0.01	1	0.01	4	0.01	4	0.02	-3	76	0.01
		Group Total	CTA	6011	0.71	581	0.74	59	0.47	206	0.53	156	0.60	15	7028	0.70
E		TICKET VOTES	NP	15286	1.80	1995	2.53	177	1.40	604	1.55	612	2.37	11	18685	1.86
		"McANUFF, Kevin"	NP	1479	0.17	181	0.23	7	0.06	69	0.18	83	0.32	8	1827	0.18
		"ANDERSON, Lynley"	NP	270	0.03	52	0.07	3	0.02	17	0.04	20	0.08	3	365	0.04
		Group Total	NP	17035	2.01	2228	2.82	187	1.48	690	1.77	715	2.77	22	20877	2.08
F		TICKET VOTES	AFI	8210	0.97	1027	1.30	190	1.50	439	1.13	424	1.64	10	10300	1.03
		"HAYE, Richard T"	AFI	1820	0.21	191	0.24	18	0.14	87	0.22	117	0.45	4	2237	0.22
		"HAMMOND, Robert K"	AFI	82	0.01	9	0.01	4	0.03	6	0.02	7	0.03	0	108	0.01
		Group Total	AFI	10112	1.19	1227	1.56	212	1.67	532	1.37	548	2.12	14	12645	1.26
G		TICKET VOTES	ALP	281784	33.25	24270	30.76	5149	40.62	11363	29.16	7203	27.90	192	329961	32.85
	#	"McKIERNAN, Jim"	ALP	7167	0.85	758	0.96	145	1.14	419	1.08	342	1.32	60	8891	0.89
	#	"BISHOP, Mark"	ALP	309	0.04	53	0.07	11	0.09	25	0.06	15	0.06	5	418	0.04
		"BEAHAN, Michael"	ALP	841	0.10	86	0.11	8	0.06	69	0.18	39	0.15	8	1051	0.10
		"CRAWFORD, Catherine"	ALP	973	0.11	126	0.16	18	0.14	80	0.21	54	0.21	8	1259	0.13
		Group Total	ALP	291074	34.35	25293	32.06	5331	42.05	11956	30.68	7653	29.64	273	341580	34.01
H		TICKET VOTES	GWA	37284	4.40	5150	6.53	972	7.67	1925	4.94	874	3.39	14	46219	4.60
		"CHAMARETTE, Christabel"	GWA	8452	1.00	880	1.12	112	0.88	515	1.32	280	1.08	9	10248	1.02
		"CHAPPLE, Robin"	GWA	402	0.05	71	0.09	6	0.05	33	0.08	21	0.08	6	539	0.05
		Group Total	GWA	46138	5.44	6101	7.73	1090	8.60	2473	6.35	1175	4.55	29	57006	5.68
I		TICKET VOTES	DEM	68079	8.03	6243	7.91	876	6.91	2948	7.57	1655	6.41	42	79843	7.95
	#	"MURRAY, Andrew J M"	DEM	9733	1.15	736	0.93	78	0.62	420	1.08	290	1.12	0	11257	1.12
		"MILLAR, Don"	DEM	165	0.02	19	0.02	3	0.02	7	0.02	7	0.03	1	202	0.02
		"de la HUNTY, Shirley"	DEM	2156	0.25	219	0.28	23	0.18	122	0.31	117	0.45	-1	2636	0.26
		Group Total	DEM	80133	9.46	7217	9.15	980	7.73	3497	8.97	2069	8.01	42	93938	9.35
UNGROUPED																
		"BRADSHAW, Craig"	IND	819	0.10	101	0.13	7	0.06	53	0.14	44	0.17	-1	1023	0.10
		"MACKINTOSH, Craig Alan"	IND	295	0.03	27	0.03	5	0.04	12	0.03	9	0.03	-2	346	0.03
		"COOPER, Vin"	IND	322	0.04	28	0.04	1	0.01	13	0.03	14	0.05	-2	376	0.04
		"WHITE, Ros"	NLP	316	0.04	45	0.06	6	0.05	26	0.07	19	0.07	2	414	0.04
		Ungrouped Total		1752	0.21	201	0.25	19	0.15	104	0.27	86	0.33	-3	2159	0.21
			FORMAL	847357	96.18	78897	97.81	12677	96.96	38965	98.47	25817	98.47	586	1004299	96.51
			INFORMAL	33679	3.82	1764	2.19	398	3.04	605	1.53	401	1.53	-478	36369	3.49
			TOTAL	881036	84.66	80661	7.75	13075	1.26	39570	3.80	26218	2.52	108	1040668	95.61



South Australia																
Enrolment 1001006																

				Ordinary		Absent		Provisional		Pre Poll		Postal		Adj	Total	
Candidates			Party	Votes	%	Votes	%	Votes	%	Votes	%	Votes	%		Votes	%
A		TICKET VOTES	ASP	6306	0.78	534	1.00	146	1.23	237	0.89	149	0.51	0	7372	0.79
		"ALDERSEY, Haydon"	ASP	1304	0.16	106	0.20	24	0.20	44	0.17	40	0.14	-2	1516	0.16
		"LOW, Robert"	ASP	67	0.01	9	0.02	3	0.03	3	0.01	3	0.01	0	85	0.01
		Group Total	ASP	7677	0.94	649	1.21	173	1.46	284	1.07	192	0.66	-2	8973	0.96
B		TICKET VOTES	GRY	6213	0.76	316	0.59	52	0.44	197	0.74	463	1.58	0	7241	0.78
		"GILBEY-RILEY, Emily"	GRY	821	0.10	34	0.06	3	0.03	18	0.07	56	0.19	1	933	0.10
		"DARBISHIRE, Gratton"	GRY	44	0.01	5	0.01	0	0.00	2	0.01	4	0.01	-1	54	0.01
		Group Total	GRY	7078	0.87	355	0.66	55	0.46	217	0.81	523	1.79	0	8228	0.88
C		TICKET VOTES	GRN	12809	1.58	1661	3.11	464	3.91	795	2.99	372	1.27	0	16101	1.72
		"SPENCE, Stephen"	GRN	2436	0.30	250	0.47	53	0.45	133	0.50	83	0.28	-2	2953	0.32
		"McDOUGALL, Meryl"	GRN	297	0.04	51	0.10	5	0.04	16	0.06	16	0.05	2	387	0.04
		Group Total	GRN	15542	1.91	1962	3.67	522	4.39	944	3.55	471	1.61	0	19441	2.08
D		TICKET VOTES	ALP	252480	31.07	16486	30.84	4798	40.39	7910	29.71	7985	27.32	1	289660	31.02
	#	"CROWLEY, Rosemary"	ALP	8184	1.01	662	1.24	154	1.30	317	1.19	342	1.17	-2	9657	1.03
	#	"SCHACHT, Chris"	ALP	993	0.12	84	0.16	19	0.16	59	0.22	67	0.23	-2	1220	0.13
		"TEDMANSON, Deirdre"	ALP	452	0.06	47	0.09	4	0.03	25	0.09	29	0.10	0	557	0.06
		Group Total	ALP	262109	32.26	17279	32.32	4975	41.88	8311	31.21	8423	28.82	-3	301094	32.24
E		TICKET VOTES	CTA	4394	0.54	323	0.60	51	0.43	173	0.65	152	0.52	0	5093	0.55
		"RODWAY, David"	CTA	1457	0.18	108	0.20	15	0.13	36	0.14	67	0.23	3	1686	0.18
		"RODWAY, Brett"	CTA	35	0.00	2	0.00	0	0.00	4	0.02	0	0.00	-3	38	0.00
		Group Total	CTA	5886	0.72	433	0.81	66	0.56	213	0.80	219	0.75	0	6817	0.73
F		TICKET VOTES		728	0.09	47	0.09	19	0.16	28	0.11	14	0.05	0	836	0.09
		"WOHLTMANN, Michael"		201	0.02	12	0.02	0	0.00	2	0.01	3	0.01	-1	217	0.02
		"WOHLTMANN, Jeanette"		21	0.00	1	0.00	1	0.01	0	0.00	4	0.01	1	28	0.00
		Group Total		950	0.12	60	0.11	20	0.17	30	0.11	21	0.07	0	1081	0.12
G		TICKET VOTES	AFI	6521	0.80	653	1.22	189	1.59	252	0.95	254	0.87	0	7869	0.84
		"JOY, Bert"	AFI	1230	0.15	94	0.18	20	0.17	39	0.15	49	0.17	-1	1431	0.15
		"WIKBLOM, Stephen"	AFI	110	0.01	7	0.01	3	0.03	2	0.01	3	0.01	-1	124	0.01
		Group Total	AFI	7861	0.97	754	1.41	212	1.78	293	1.10	306	1.05	-2	9424	1.01
H		TICKET VOTES	EFF	1801	0.22	136	0.25	41	0.35	66	0.25	92	0.31	2	2138	0.23
		"DWYER, David"	EFF	213	0.03	11	0.02	2	0.02	11	0.04	10	0.03	1	248	0.03
		"WALKER, Alfred"	EFF	36	0.00	4	0.01	1	0.01	1	0.00	2	0.01	0	44	0.00
		Group Total	EFF	2050	0.25	151	0.28	44	0.37	78	0.29	104	0.36	3	2430	0.26
I		TICKET VOTES	AWP	3840	0.47	386	0.72	127	1.07	215	0.81	203	0.69	0	4771	0.51
		"McCULLOCH, Deborah"	AWP	663	0.08	48	0.09	11	0.09	25	0.09	37	0.13	2	786	0.08
		"McHUGH, Marg"	AWP	45	0.01	8	0.01	0	0.00	5	0.02	4	0.01	0	62	0.01
		"TZUMLI, Denise"	AWP	29	0.00	2	0.00	2	0.02	3	0.01	2	0.01	1	39	0.00
		Group Total	AWP	4577	0.56	444	0.83	140	1.18	248	0.93	246	0.84	3	5658	0.61
J		TICKET VOTES		4227	0.52	162	0.30	26	0.22	64	0.24	113	0.39	0	4592	0.49
		"NICHOLSON, Kenneth S"		1434	0.18	57	0.11	9	0.08	37	0.14	64	0.22	-1	1600	0.17
		"SHEARING, Colin"		80	0.01	7	0.01	0	0.00	1	0.00	6	0.02	0	94	0.01
		Group Total		5741	0.71	226	0.42	35	0.29	102	0.38	183	0.63	-1	6286	0.67
K		TICKET VOTES	LP	363975	44.79	21972	41.10	3908	32.90	11901	44.70	14612	50.00	3	416371	44.59
	#	"HILL, Robert"	LP	8427	1.04	544	1.02	67	0.56	367	1.38	586	2.01	-1	9990	1.07
	#	"CHAPMAN, Grant"	LP	619	0.08	54	0.10	4	0.03	33	0.12	67	0.23	1	778	0.08
	#	"FERRIS, Jeannie"	LP	436	0.05	41	0.08	4	0.03	13	0.05	38	0.13	0	532	0.06
		"KOURTESIS, Maria"	LP	331	0.04	27	0.05	2	0.02	13	0.05	10	0.03	-1	382	0.04
		Group Total	LP	373788	46.00	22638	42.34	3985	33.55	12327	46.30	15313	52.40	2	428053	45.84
L		TICKET VOTES	DEM	100528	12.37	7217	13.50	1473	12.40	2991	11.23	2684	9.18	1	114894	12.30
	#	"STOTT DESPOJA, Natasha"	DEM	16753	2.06	1087	2.03	150	1.26	481	1.81	419	1.43	-2	18888	2.02
		"GILFILLAN, Ian"	DEM	1173	0.14	113	0.21	18	0.15	63	0.24	80	0.27	1	1448	0.16
		"SMITH, Judy"	DEM	297	0.04	39	0.07	2	0.02	20	0.08	14	0.05	-1	371	0.04
		"TSAGATOS, Desea"	DEM	99	0.01	14	0.03	2	0.02	8	0.03	6	0.02	0	129	0.01
		Group Total	DEM	118850	14.63	8470	15.84	1645	13.85	3563	13.38	3203	10.96	-1	135730	14.54
UNGROUPED																
		"WELLS, Geoffrey A"	NLP	475	0.06	42	0.08	7	0.06	17	0.06	22	0.08	-2	561	0.06
		Ungrouped Total		475	0.06	42	0.08	7	0.06	17	0.06	22	0.08	-2	561	0.06
			FORMAL	812584	96.51	53463	98.01	11879	97.09	26627	98.55	29226	98.80	-3	933776	96.73
			INFORMAL	29360	3.49	1086	1.99	356	2.91	392	1.45	356	1.20	2	31552	3.27
			TOTAL	841944	87.22	54549	5.65	12235	1.27	27019	2.80	29582	3.06	-1	965328	96.44



Tasmania																
Enrolment 329304																

				Ordinary		Absent		Provisional		Pre Poll		Postal		Adj	Total	
Candidates			Party	Votes	%	Votes	%	Votes	%	Votes	%	Votes	%		Votes	%
A		TICKET VOTES	NLP	947	0.37	59	0.28	31	0.91	27	0.22	22	0.17	0	1086	0.35
		"BROSZCZYK, Gregory"	NLP	544	0.21	35	0.17	21	0.62	26	0.21	8	0.06	0	634	0.21
		"HARLOW, James"	NLP	76	0.03	6	0.03	1	0.03	5	0.04	3	0.02	0	91	0.03
		Group Total	NLP	1567	0.61	100	0.47	53	1.56	58	0.47	33	0.25	0	1811	0.59
B		TICKET VOTES	NP	1665	0.64	131	0.62	28	0.82	103	0.83	114	0.86	0	2041	0.66
		"JACKSON, Mary"	NP	1286	0.50	99	0.47	13	0.38	50	0.40	65	0.49	0	1513	0.49
		"CLAYTON, Jeff"	NP	104	0.04	14	0.07	3	0.09	8	0.06	10	0.08	0	139	0.04
		Group Total	NP	3055	1.18	244	1.16	44	1.29	161	1.30	189	1.42	0	3693	1.20
C		TICKET VOTES	LP	83141	32.13	6470	30.71	839	24.68	3947	31.82	4562	34.25	0	98959	32.03
	#	"NEWMAN, Jocelyn"	LP	18980	7.33	1413	6.71	104	3.06	796	6.42	1036	7.78	0	22329	7.23
	#	"CALVERT, Paul"	LP	3656	1.41	361	1.71	18	0.53	200	1.61	220	1.65	0	4455	1.44
	#	"WATSON, John"	LP	4077	1.58	300	1.42	24	0.71	183	1.48	225	1.69	0	4809	1.56
		Group Total	LP	109854	42.45	8544	40.55	985	28.97	5126	41.32	6043	45.36	0	130552	42.25
D		TICKET VOTES	DEM	9417	3.64	835	3.96	119	3.50	527	4.25	497	3.73	0	11395	3.69
		"BELL, Robert"	DEM	8384	3.24	796	3.78	55	1.62	385	3.10	331	2.48	0	9951	3.22
		"ONSMAN, Julia"	DEM	427	0.17	40	0.19	7	0.21	28	0.23	26	0.20	0	528	0.17
		"TATTERSALL, Philip J"	DEM	113	0.04	7	0.03	4	0.12	4	0.03	4	0.03	0	132	0.04
		Group Total	DEM	18341	7.09	1678	7.96	185	5.44	944	7.61	858	6.44	0	22006	7.12
E		TICKET VOTES	AWP	1108	0.43	102	0.48	38	1.12	74	0.60	67	0.50	0	1389	0.45
		"ANDERSEN, Clair"	AWP	356	0.14	28	0.13	5	0.15	17	0.14	18	0.14	0	424	0.14
		"MacQUEEN, Lin"	AWP	52	0.02	5	0.02	1	0.03	3	0.02	7	0.05	0	68	0.02
		Group Total	AWP	1516	0.59	135	0.64	44	1.29	94	0.76	92	0.69	0	1881	0.61
F		TICKET VOTES	TG	11007	4.25	1257	5.97	215	6.32	987	7.96	675	5.07	0	14141	4.58
	#	"BROWN, Bob"	TG	9880	3.82	1106	5.25	120	3.53	775	6.25	486	3.65	0	12367	4.00
		"DALE, Janet"	TG	242	0.09	29	0.14	4	0.12	27	0.22	20	0.15	0	322	0.10
		Group Total	TG	21129	8.17	2392	11.35	339	9.97	1789	14.42	1181	8.87	0	26830	8.68
G		TICKET VOTES	CTA	592	0.23	58	0.28	13	0.38	35	0.28	51	0.38	0	749	0.24
		"ROGERS, Don"	CTA	615	0.24	45	0.21	5	0.15	34	0.27	36	0.27	0	735	0.24
		"ROGERS, Beryl"	CTA	29	0.01	3	0.01	1	0.03	0	0.00	2	0.02	0	35	0.01
		Group Total	CTA	1236	0.48	106	0.50	19	0.56	69	0.56	89	0.67	0	1519	0.49
H		TICKET VOTES	ALP	79901	30.88	6034	28.64	1491	43.85	3367	27.14	3886	29.17	0	94679	30.64
	#	"MACKAY, Sue"	ALP	9444	3.65	836	3.97	127	3.74	370	2.98	337	2.53	0	11114	3.60
	#	"SHERRY, Nick"	ALP	11913	4.60	910	4.32	103	3.03	392	3.16	579	4.35	0	13897	4.50
		"TOUBER, Charles"	ALP	819	0.32	90	0.43	10	0.29	35	0.28	34	0.26	0	988	0.32
		Group Total	ALP	102077	39.45	7870	37.35	1731	50.91	4164	33.57	4836	36.30	0	120678	39.06
UNGROUPED																
		Ungrouped Total		0	0.00	0	0.00	0	0.00	0	0.00	0	0.00	0	0	0.00
			FORMAL	258775	96.63	21069	97.93	3400	97.17	12405	97.97	13321	98.11	0	308970	96.84
			INFORMAL	9026	3.37	445	2.07	99	2.83	257	2.03	256	1.89	0	10083	3.16
			TOTAL	267801	83.94	21514	6.74	3499	1.10	12662	3.97	13577	4.26	0	319053	96.89



Australian Capital Territory																
Enrolment 203170																

				Ordinary		Absent		Provisional		Pre Poll		Postal		Adj	Total	
Candidates			Party	Votes	%	Votes	%	Votes	%	Votes	%	Votes	%		Votes	%
A		TICKET VOTES	CTA	1404	0.91	59	1.15	15	0.77	201	0.81	51	0.95	0	1730	0.90
		"MILLER, John Richard"	CTA	854	0.55	30	0.58	9	0.46	97	0.39	27	0.50	0	1017	0.53
		"LIAW, James"	CTA	138	0.09	5	0.10	2	0.10	6	0.02	3	0.06	0	154	0.08
		Group Total	CTA	2396	1.55	94	1.83	26	1.34	304	1.22	81	1.50	0	2901	1.51
B		TICKET VOTES	GRN	5074	3.28	285	5.55	122	6.30	1052	4.22	169	3.13	0	6702	3.49
		"FOSKEY, Deborah"	GRN	3174	2.05	136	2.65	58	2.99	691	2.77	90	1.67	0	4149	2.16
		"MILLAR, Jonathan"	GRN	319	0.21	19	0.37	1	0.05	88	0.35	19	0.35	0	446	0.23
		Group Total	GRN	8567	5.54	440	8.57	181	9.34	1831	7.35	278	5.15	0	11297	5.88
C		TICKET VOTES	LP	54005	34.91	1506	29.33	525	27.09	8227	33.03	2114	39.18	0	66377	34.56
	#	"REID, Margaret"	LP	6422	4.15	166	3.23	44	2.27	1097	4.40	307	5.69	0	8036	4.18
		"JITTS, Stephe"	LP	409	0.26	20	0.39	4	0.21	69	0.28	34	0.63	0	536	0.28
		Group Total	LP	60836	39.33	1692	32.96	573	29.57	9393	37.71	2455	45.51	0	74949	39.02
D		TICKET VOTES	DEM	10079	6.52	288	5.61	104	5.37	1706	6.85	403	7.47	0	12580	6.55
		"MAIN, Peter"	DEM	5438	3.52	112	2.18	41	2.12	837	3.36	159	2.95	0	6587	3.43
		"BLACKBURN, Brent"	DEM	342	0.22	7	0.14	3	0.15	56	0.22	15	0.28	0	423	0.22
		Group Total	DEM	15859	10.25	407	7.93	148	7.64	2599	10.43	577	10.70	0	19590	10.20
E		TICKET VOTES	ALP	58788	38.01	2192	42.70	897	46.28	9328	37.45	1717	31.83	0	72922	37.97
	#	"LUNDY, Kate"	ALP	6052	3.91	228	4.44	76	3.92	1105	4.44	199	3.69	0	7660	3.99
		"CONWAY, Peter"	ALP	977	0.63	39	0.76	20	1.03	198	0.79	50	0.93	0	1284	0.67
		Group Total	ALP	65817	42.55	2459	47.90	993	51.24	10631	42.68	1966	36.44	0	81866	42.63
UNGROUPED																
		"CLARKE, Joanne"	IND	348	0.22	19	0.37	7	0.36	63	0.25	17	0.32	0	454	0.24
		"MONAGHAN, Bill"	IND	526	0.34	13	0.25	2	0.10	45	0.18	11	0.20	0	597	0.31
		"SEATON, David"	NLP	214	0.14	4	0.08	5	0.26	28	0.11	6	0.11	0	257	0.13
		"SKERBIC, Fred"	IND	119	0.08	6	0.12	3	0.15	14	0.06	4	0.07	0	146	0.08
		Ungrouped Total		1207	0.78	42	0.82	17	0.88	150	0.60	38	0.70	0	1454	0.76
			FORMAL	154682	97.34	5134	97.57	1938	98.03	24908	98.42	5395	98.76	0	192057	97.53
			INFORMAL	4225	2.66	128	2.43	39	1.97	400	1.58	68	1.24	0	4860	2.47
			TOTAL	158907	80.70	5262	2.67	1977	1.00	25308	12.85	5463	2.77	0	196917	96.92



Northern Territory																
Enrolment 98800																

				Ordinary		Absent		Provisional		Pre Poll		Postal		Adj	Total	
Candidates			Party	Votes	%	Votes	%	Votes	%	Votes	%	Votes	%		Votes	%
A		TICKET VOTES	CLP	29042	38.41	0	0.00	366	30.91	2722	43.30	1316	50.13	0	33446	39.02
	#	"TAMBLING, Grant"	CLP	5415	7.16	0	0.00	54	4.56	411	6.54	253	9.64	0	6133	7.16
		"COOK, Kym"	CLP	392	0.52	0	0.00	7	0.59	36	0.57	36	1.37	0	471	0.55
		Group Total	CLP	34849	46.09	0	0.00	427	36.06	3169	50.41	1605	61.14	0	40050	46.73
B		TICKET VOTES	GRN	3677	4.86	0	0.00	64	5.41	380	6.05	117	4.46	0	4238	4.94
		"FRIEL, Margie"	GRN	865	1.14	0	0.00	11	0.93	87	1.38	28	1.07	0	991	1.16
		"ELDRIDGE, Ilana"	GRN	195	0.26	0	0.00	2	0.17	23	0.37	4	0.15	0	224	0.26
		Group Total	GRN	4737	6.27	0	0.00	77	6.50	490	7.80	149	5.68	0	5453	6.36
C		TICKET VOTES	ALP	28920	38.25	0	0.00	560	47.30	1986	31.59	599	22.82	0	32065	37.41
	#	"COLLINS, Bob"	ALP	5494	7.27	0	0.00	95	8.02	421	6.70	168	6.40	0	6178	7.21
		"BRADLEY, Susan"	ALP	346	0.46	0	0.00	7	0.59	49	0.78	22	0.84	0	424	0.49
		Group Total	ALP	34760	45.97	0	0.00	662	55.91	2456	39.07	789	30.06	0	38667	45.12
UNGROUPED																
		"CARR, Geoff"	DEM	1264	1.67	0	0.00	18	1.52	171	2.72	82	3.12	0	1535	1.79
		Ungrouped Total		1264	1.67	0	0.00	18	1.52	171	2.72	82	3.12	0	1535	1.79
			FORMAL	75610	97.09	0	0.00	1184	95.95	6286	98.59	2625	99.32	0	85705	97.25
			INFORMAL	2264	2.91	0	0.00	50	4.05	90	1.41	18	0.68	0	2422	2.75
			TOTAL	77874	88.37	0	0.00	1234	1.40	6376	7.24	2643	3.00	0	88127	89.20
