Senate - 1996 Election: Australian Capital Territory																																																																																					
First Preference Votes by Candidate																																																																																					
by Polling Place																																																																																					
 																																																																																					

Canberra (71932)																																																																																					

	   		 A Call to Australia (Fred Nile) Group												 B Australian Greens												 C Liberal Party of Australia - ACT Division												 D Australian Democrats												 E Australian Labor Party (ACT Branch)												Ungrouped																						
    			TICKET VOTES			MILLER			LIAW			Group Total			TICKET VOTES			FOSKEY			MILLAR			Group Total			TICKET VOTES			# REID			JITTS			Group Total			TICKET VOTES			MAIN			BLACKBURN			Group Total			TICKET VOTES			# LUNDY			CONWAY			Group Total			CLARKE			MONAGHAN			SEATON			SKERBIC			Ungrouped Total			FORMAL			INFORMAL			TOTAL	
    						John Richard			James									Deborah			Jonathan									Margaret			Stephe									Peter			Brent									Kate			Peter						Joanne			Bill			David			Fred													
Polling Places			Vote	%		Vote	%	   	Vote	%	   	Vote	%	   	Vote	%	   	Vote	%	   	Vote	%	   	Vote	%	   	Vote	%	   	Vote	%	   	Vote	%	   	Vote	%	   	Vote	%	   	Vote	%	   	Vote	%	   	Vote	%	   	Vote	%	   	Vote	%	   	Vote	%	   	Vote	%	   	Vote	%	   	Vote	%	   	Vote	%	   	Vote	%	   	Vote	%	   	Vote	%	   	Vote	%	   	Vote	%
Ainslie		                                    	17	1.21	 	8	0.57	 	1	0.07	 	26	1.85	 	60	4.26	 	81	5.75	 	4	0.28	 	145	10.3	 	356	25.28	 	57	4.05	 	5	0.36	 	418	29.69	 	97	6.89	 	64	4.55	 	7	0.5	 	168	11.93	 	550	39.06	 	78	5.54	 	16	1.14	 	644	45.74	 	3	0.21	 	2	0.14	 	2	0.14	 	0	0	 	7	0.5	 	1408	95.52	 	66	4.48	 	1474	2.13
Ainslie North		                              	23	0.88	 	15	0.58	 	2	0.08	 	40	1.54	 	123	4.73	 	115	4.42	 	7	0.27	 	245	9.43	 	636	24.47	 	103	3.96	 	6	0.23	 	745	28.66	 	157	6.04	 	129	4.96	 	7	0.27	 	293	11.27	 	1105	42.52	 	138	5.31	 	20	0.77	 	1263	48.6	 	4	0.15	 	7	0.27	 	1	0.04	 	1	0.04	 	13	0.5	 	2599	96.62	 	91	3.38	 	2690	3.89
Baker Gardens		                              	4	0.59	 	4	0.59	 	1	0.15	 	9	1.32	 	28	4.11	 	32	4.69	 	4	0.59	 	64	9.38	 	198	29.03	 	28	4.11	 	1	0.15	 	227	33.28	 	32	4.69	 	23	3.37	 	1	0.15	 	56	8.21	 	274	40.18	 	43	6.3	 	6	0.88	 	323	47.36	 	1	0.15	 	0	0	 	0	0	 	2	0.29	 	3	0.44	 	682	95.12	 	35	4.88	 	717	1.04
Campbell		                                   	11	0.43	 	18	0.71	 	4	0.16	 	33	1.3	 	78	3.07	 	69	2.72	 	4	0.16	 	151	5.95	 	1179	46.44	 	123	4.84	 	8	0.32	 	1310	51.6	 	172	6.77	 	96	3.78	 	7	0.28	 	275	10.83	 	663	26.11	 	74	2.91	 	14	0.55	 	751	29.58	 	3	0.12	 	13	0.51	 	2	0.08	 	1	0.04	 	19	0.75	 	2539	97.96	 	53	2.04	 	2592	3.75
Chapman		                                    	7	0.3	 	9	0.38	 	1	0.04	 	17	0.72	 	69	2.94	 	46	1.96	 	3	0.13	 	118	5.02	 	1025	43.64	 	118	5.02	 	1	0.04	 	1144	48.7	 	163	6.94	 	94	4	 	4	0.17	 	261	11.11	 	695	29.59	 	83	3.53	 	12	0.51	 	790	33.63	 	5	0.21	 	5	0.21	 	2	0.09	 	7	0.3	 	19	0.81	 	2349	98.2	 	43	1.8	 	2392	3.46
City		                                       	3	0.38	 	3	0.38	 	0	0	 	6	0.76	 	49	6.24	 	31	3.95	 	2	0.25	 	82	10.45	 	180	22.93	 	21	2.68	 	4	0.51	 	205	26.11	 	79	10.06	 	44	5.61	 	7	0.89	 	130	16.56	 	296	37.71	 	51	6.5	 	6	0.76	 	353	44.97	 	1	0.13	 	2	0.25	 	4	0.51	 	2	0.25	 	9	1.15	 	785	96.67	 	27	3.33	 	812	1.17
Curtin		                                     	24	0.8	 	14	0.47	 	0	0	 	38	1.27	 	85	2.83	 	83	2.77	 	9	0.3	 	177	5.9	 	999	33.31	 	135	4.5	 	8	0.27	 	1142	38.08	 	238	7.94	 	152	5.07	 	9	0.3	 	399	13.3	 	1059	35.31	 	132	4.4	 	23	0.77	 	1214	40.48	 	5	0.17	 	13	0.43	 	9	0.3	 	2	0.07	 	29	0.97	 	2999	97.34	 	82	2.66	 	3081	4.46
Deakin		                                     	3	0.18	 	4	0.24	 	0	0	 	7	0.42	 	37	2.23	 	28	1.69	 	1	0.06	 	66	3.98	 	867	52.26	 	89	5.36	 	5	0.3	 	961	57.93	 	72	4.34	 	69	4.16	 	3	0.18	 	144	8.68	 	395	23.81	 	64	3.86	 	6	0.36	 	465	28.03	 	5	0.3	 	6	0.36	 	4	0.24	 	1	0.06	 	16	0.96	 	1659	98.34	 	28	1.66	 	1687	2.44
Dickson		                                    	12	1.14	 	10	0.95	 	1	0.1	 	23	2.19	 	45	4.28	 	51	4.85	 	3	0.29	 	99	9.41	 	278	26.43	 	40	3.8	 	3	0.29	 	321	30.51	 	78	7.41	 	53	5.04	 	1	0.1	 	132	12.55	 	403	38.31	 	53	5.04	 	12	1.14	 	468	44.49	 	2	0.19	 	1	0.1	 	4	0.38	 	2	0.19	 	9	0.86	 	1052	96.87	 	34	3.13	 	1086	1.57
Downer		                                     	12	0.82	 	18	1.22	 	0	0	 	30	2.04	 	47	3.19	 	62	4.21	 	7	0.48	 	116	7.88	 	423	28.74	 	56	3.8	 	0	0	 	479	32.54	 	82	5.57	 	59	4.01	 	2	0.14	 	143	9.71	 	606	41.17	 	73	4.96	 	14	0.95	 	693	47.08	 	4	0.27	 	6	0.41	 	1	0.07	 	0	0	 	11	0.75	 	1472	96.02	 	61	3.98	 	1533	2.22
Duffy		                                      	17	0.82	 	12	0.58	 	3	0.14	 	32	1.53	 	81	3.88	 	41	1.97	 	6	0.29	 	128	6.14	 	707	33.91	 	105	5.04	 	7	0.34	 	819	39.28	 	151	7.24	 	88	4.22	 	7	0.34	 	246	11.8	 	739	35.44	 	88	4.22	 	14	0.67	 	841	40.34	 	2	0.1	 	6	0.29	 	3	0.14	 	8	0.38	 	19	0.91	 	2085	96.84	 	68	3.16	 	2153	3.11
Griffith		                                   	6	0.43	 	1	0.07	 	0	0	 	7	0.5	 	48	3.46	 	36	2.59	 	7	0.5	 	91	6.55	 	528	38.01	 	61	4.39	 	1	0.07	 	590	42.48	 	74	5.33	 	35	2.52	 	1	0.07	 	110	7.92	 	504	36.29	 	70	5.04	 	8	0.58	 	582	41.9	 	3	0.22	 	4	0.29	 	0	0	 	2	0.14	 	9	0.65	 	1389	95.86	 	60	4.14	 	1449	2.1
Holder		                                     	17	1.09	 	8	0.51	 	3	0.19	 	28	1.79	 	62	3.96	 	33	2.11	 	5	0.32	 	100	6.39	 	588	37.55	 	65	4.15	 	3	0.19	 	656	41.89	 	101	6.45	 	51	3.26	 	3	0.19	 	155	9.9	 	543	34.67	 	61	3.9	 	6	0.38	 	610	38.95	 	2	0.13	 	8	0.51	 	2	0.13	 	5	0.32	 	17	1.09	 	1566	97.75	 	36	2.25	 	1602	2.32
Hughes		                                     	22	0.73	 	7	0.23	 	2	0.07	 	31	1.03	 	86	2.86	 	74	2.46	 	8	0.27	 	168	5.59	 	1211	40.3	 	179	5.96	 	4	0.13	 	1394	46.39	 	191	6.36	 	115	3.83	 	3	0.1	 	309	10.28	 	954	31.75	 	107	3.56	 	16	0.53	 	1077	35.84	 	11	0.37	 	7	0.23	 	6	0.2	 	2	0.07	 	26	0.87	 	3005	98.04	 	60	1.96	 	3065	4.43
Lyneham		                                    	26	0.76	 	26	0.76	 	3	0.09	 	55	1.61	 	157	4.6	 	157	4.6	 	19	0.56	 	333	9.75	 	901	26.39	 	127	3.72	 	7	0.21	 	1035	30.32	 	229	6.71	 	180	5.27	 	7	0.21	 	416	12.19	 	1314	38.49	 	201	5.89	 	28	0.82	 	1543	45.2	 	6	0.18	 	13	0.38	 	11	0.32	 	2	0.06	 	32	0.94	 	3414	95.87	 	147	4.13	 	3561	5.15
Lyons		                                      	4	0.27	 	8	0.53	 	3	0.2	 	15	1	 	49	3.26	 	28	1.86	 	4	0.27	 	81	5.39	 	463	30.78	 	70	4.65	 	4	0.27	 	537	35.7	 	101	6.72	 	62	4.12	 	4	0.27	 	167	11.1	 	594	39.49	 	78	5.19	 	13	0.86	 	685	45.55	 	6	0.4	 	9	0.6	 	4	0.27	 	0	0	 	19	1.26	 	1504	96.84	 	49	3.16	 	1553	2.25
Manuka		                                     	2	0.13	 	2	0.13	 	1	0.06	 	5	0.32	 	41	2.66	 	35	2.27	 	1	0.06	 	77	4.99	 	564	36.58	 	69	4.47	 	3	0.19	 	636	41.25	 	93	6.03	 	55	3.57	 	4	0.26	 	152	9.86	 	571	37.03	 	72	4.67	 	11	0.71	 	654	42.41	 	11	0.71	 	7	0.45	 	0	0	 	0	0	 	18	1.17	 	1542	98.03	 	31	1.97	 	1573	2.28
Narrabundah		                                	18	0.92	 	10	0.51	 	1	0.05	 	29	1.48	 	71	3.63	 	50	2.56	 	5	0.26	 	126	6.44	 	524	26.79	 	60	3.07	 	1	0.05	 	585	29.91	 	90	4.6	 	52	2.66	 	1	0.05	 	143	7.31	 	965	49.34	 	84	4.29	 	9	0.46	 	1058	54.09	 	7	0.36	 	5	0.26	 	2	0.1	 	1	0.05	 	15	0.77	 	1956	94.49	 	114	5.51	 	2070	2.99
Oaks Estate		                                	5	2.58	 	0	0	 	0	0	 	5	2.58	 	7	3.61	 	8	4.12	 	0	0	 	15	7.73	 	60	30.93	 	1	0.52	 	0	0	 	61	31.44	 	10	5.15	 	11	5.67	 	0	0	 	21	10.82	 	85	43.81	 	6	3.09	 	1	0.52	 	92	47.42	 	0	0	 	0	0	 	0	0	 	0	0	 	0	0	 	194	97	 	6	3	 	200	0.29
Red Hill		                                   	10	0.38	 	8	0.3	 	3	0.11	 	21	0.79	 	71	2.68	 	47	1.77	 	6	0.23	 	124	4.68	 	1202	45.36	 	110	4.15	 	6	0.23	 	1318	49.74	 	161	6.08	 	78	2.94	 	4	0.15	 	243	9.17	 	827	31.21	 	88	3.32	 	10	0.38	 	925	34.91	 	6	0.23	 	6	0.23	 	6	0.23	 	1	0.04	 	19	0.72	 	2650	97.28	 	74	2.72	 	2724	3.94
Reid		                                       	3	0.45	 	2	0.3	 	0	0	 	5	0.75	 	24	3.61	 	18	2.71	 	3	0.45	 	45	6.78	 	202	30.42	 	31	4.67	 	2	0.3	 	235	35.39	 	38	5.72	 	37	5.57	 	2	0.3	 	77	11.6	 	247	37.2	 	45	6.78	 	4	0.6	 	296	44.58	 	1	0.15	 	3	0.45	 	2	0.3	 	0	0	 	6	0.9	 	664	95.82	 	29	4.18	 	693	1
Rivett		                                     	20	0.94	 	14	0.65	 	5	0.23	 	39	1.82	 	84	3.93	 	40	1.87	 	1	0.05	 	125	5.84	 	717	33.52	 	88	4.11	 	3	0.14	 	808	37.77	 	129	6.03	 	81	3.79	 	5	0.23	 	215	10.05	 	824	38.52	 	94	4.39	 	17	0.79	 	935	43.71	 	3	0.14	 	6	0.28	 	7	0.33	 	1	0.05	 	17	0.79	 	2139	98.07	 	42	1.93	 	2181	3.15
Turner		                                     	14	0.76	 	12	0.65	 	1	0.05	 	27	1.47	 	109	5.94	 	126	6.87	 	14	0.76	 	249	13.58	 	364	19.85	 	66	3.6	 	3	0.16	 	433	23.61	 	124	6.76	 	105	5.73	 	6	0.33	 	235	12.81	 	740	40.35	 	128	6.98	 	12	0.65	 	880	47.98	 	4	0.22	 	2	0.11	 	4	0.22	 	0	0	 	10	0.55	 	1834	96.93	 	58	3.07	 	1892	2.74
Waramanga		                                  	29	0.82	 	18	0.51	 	0	0	 	47	1.33	 	101	2.85	 	78	2.2	 	4	0.11	 	183	5.16	 	1166	32.9	 	162	4.57	 	4	0.11	 	1332	37.58	 	263	7.42	 	152	4.29	 	5	0.14	 	420	11.85	 	1376	38.83	 	126	3.56	 	23	0.65	 	1525	43.03	 	8	0.23	 	20	0.56	 	6	0.17	 	3	0.08	 	37	1.04	 	3544	97.36	 	96	2.64	 	3640	5.27
Watson		                                     	39	1.56	 	21	0.84	 	2	0.08	 	62	2.48	 	98	3.91	 	84	3.35	 	3	0.12	 	185	7.39	 	732	29.22	 	121	4.83	 	4	0.16	 	857	34.21	 	150	5.99	 	104	4.15	 	8	0.32	 	262	10.46	 	971	38.76	 	127	5.07	 	14	0.56	 	1112	44.39	 	9	0.36	 	7	0.28	 	10	0.4	 	1	0.04	 	27	1.08	 	2505	96.91	 	80	3.09	 	2585	3.74
Weston		                                     	26	1.34	 	10	0.51	 	2	0.1	 	38	1.96	 	68	3.5	 	47	2.42	 	3	0.15	 	118	6.08	 	651	33.52	 	89	4.58	 	7	0.36	 	747	38.47	 	115	5.92	 	77	3.96	 	4	0.21	 	196	10.09	 	734	37.8	 	80	4.12	 	11	0.57	 	825	42.48	 	2	0.1	 	6	0.31	 	8	0.41	 	2	0.1	 	18	0.93	 	1942	97.29	 	54	2.71	 	1996	2.89
Woden Valley Hospital		                      	6	0.68	 	4	0.46	 	0	0	 	10	1.14	 	26	2.97	 	22	2.51	 	5	0.57	 	53	6.05	 	342	39.04	 	36	4.11	 	1	0.11	 	379	43.26	 	50	5.71	 	42	4.79	 	1	0.11	 	93	10.62	 	285	32.53	 	44	5.02	 	6	0.68	 	335	38.24	 	1	0.11	 	3	0.34	 	2	0.23	 	0	0	 	6	0.68	 	876	96.9	 	28	3.1	 	904	1.31
Yarralumla		                                 	8	0.47	 	2	0.12	 	0	0	 	10	0.59	 	53	3.11	 	46	2.7	 	3	0.18	 	102	5.99	 	595	34.92	 	77	4.52	 	3	0.18	 	675	39.61	 	119	6.98	 	88	5.16	 	5	0.29	 	212	12.44	 	616	36.15	 	66	3.87	 	14	0.82	 	696	40.85	 	5	0.29	 	3	0.18	 	1	0.06	 	0	0	 	9	0.53	 	1704	96.71	 	58	3.29	 	1762	2.55
Special Hospitals		                          	10	1.33	 	6	0.8	 	0	0	 	16	2.12	 	9	1.19	 	2	0.27	 	0	0	 	11	1.46	 	428	56.76	 	27	3.58	 	4	0.53	 	459	60.88	 	26	3.45	 	5	0.66	 	1	0.13	 	32	4.24	 	223	29.58	 	11	1.46	 	0	0	 	234	31.03	 	0	0	 	2	0.27	 	0	0	 	0	0	 	2	0.27	 	754	95.81	 	33	4.19	 	787	1.14
Total Ordinary		                             	398	0.75	 	274	0.52	 	39	0.07	 	711	1.35	 	1866	3.53	 	1570	2.97	 	141	0.27	 	3577	6.77	 	18086	34.25	 	2314	4.38	 	108	0.2	 	20508	38.83	 	3385	6.41	 	2201	4.17	 	119	0.23	 	5705	10.8	 	19158	36.28	 	2365	4.48	 	346	0.66	 	21869	41.41	 	120	0.23	 	172	0.33	 	103	0.2	 	46	0.09	 	441	0.84	 	52811	96.98	 	1643	3.02	 	54454	78.77
ABSENT		                                     	23	1.39	 	11	0.66	 	1	0.06	 	35	2.11	 	109	6.58	 	45	2.72	 	8	0.48	 	162	9.78	 	467	28.2	 	49	2.96	 	5	0.3	 	521	31.46	 	110	6.64	 	39	2.36	 	2	0.12	 	151	9.12	 	678	40.94	 	74	4.47	 	15	0.91	 	767	46.32	 	8	0.48	 	6	0.36	 	1	0.06	 	5	0.3	 	20	1.21	 	1656	97.7	 	39	2.3	 	1695	2.45
POSTAL		                                     	21	0.92	 	13	0.57	 	2	0.09	 	36	1.58	 	70	3.08	 	42	1.85	 	9	0.4	 	121	5.32	 	957	42.08	 	137	6.02	 	10	0.44	 	1104	48.55	 	161	7.08	 	51	2.24	 	9	0.4	 	221	9.72	 	679	29.86	 	80	3.52	 	23	1.01	 	782	34.39	 	6	0.26	 	4	0.18	 	0	0	 	0	0	 	10	0.44	 	2274	98.48	 	35	1.52	 	2309	3.34
PRE_POLL		                                   	82	0.84	 	34	0.35	 	2	0.02	 	118	1.21	 	466	4.76	 	373	3.81	 	54	0.55	 	893	9.13	 	3205	32.75	 	414	4.23	 	26	0.27	 	3645	37.25	 	664	6.79	 	371	3.79	 	18	0.18	 	1053	10.76	 	3435	35.1	 	498	5.09	 	82	0.84	 	4015	41.03	 	25	0.26	 	16	0.16	 	13	0.13	 	7	0.07	 	61	0.62	 	9785	98.27	 	172	1.73	 	9957	14.4
PROVISIONAL		                                	9	1.29	 	3	0.43	 	0	0	 	12	1.71	 	54	7.71	 	46	6.57	 	0	0	 	100	14.29	 	170	24.29	 	17	2.43	 	2	0.29	 	189	27	 	44	6.29	 	19	2.71	 	1	0.14	 	64	9.14	 	286	40.86	 	36	5.14	 	4	0.57	 	326	46.57	 	3	0.43	 	1	0.14	 	4	0.57	 	1	0.14	 	9	1.29	 	700	97.49	 	18	2.51	 	718	1.04
ADJUSTMENT		                                 	0		       	0		       	0		       	0		       	0		       	0		       	0		       	0		       	0		       	0		       	0		       	0		       	0		       	0		       	0		       	0		       	0		       	0		       	0		       	0		       	0		       	0		       	0		       	0		       	0		       	0		       	0		       	0	
Division Summary		                           	533	0.79	 	335	0.5	 	44	0.07	 	912	1.36	 	2565	3.82	 	2076	3.09	 	212	0.32	 	4853	7.22	 	22885	34.04	 	2931	4.36	 	151	0.22	 	25967	38.63	 	4364	6.49	 	2681	3.99	 	149	0.22	 	7194	10.7	 	24236	36.05	 	3053	4.54	 	470	0.7	 	27759	41.29	 	162	0.24	 	199	0.3	 	121	0.18	 	59	0.09	 	541	0.8	 	67226	97.24	 	1907	2.76	 	69133	96.11
 																																																																																					


Fraser (64374)																																																																																					

	   		 A Call to Australia (Fred Nile) Group												 B Australian Greens												 C Liberal Party of Australia - ACT Division												 D Australian Democrats												 E Australian Labor Party (ACT Branch)												Ungrouped																						
    			TICKET VOTES			MILLER			LIAW			Group Total			TICKET VOTES			FOSKEY			MILLAR			Group Total			TICKET VOTES			# REID			JITTS			Group Total			TICKET VOTES			MAIN			BLACKBURN			Group Total			TICKET VOTES			# LUNDY			CONWAY			Group Total			CLARKE			MONAGHAN			SEATON			SKERBIC			Ungrouped Total			FORMAL			INFORMAL			TOTAL	
    						John Richard			James									Deborah			Jonathan									Margaret			Stephe									Peter			Brent									Kate			Peter						Joanne			Bill			David			Fred													
Polling Places			Vote	%		Vote	%	   	Vote	%	   	Vote	%	   	Vote	%	   	Vote	%	   	Vote	%	   	Vote	%	   	Vote	%	   	Vote	%	   	Vote	%	   	Vote	%	   	Vote	%	   	Vote	%	   	Vote	%	   	Vote	%	   	Vote	%	   	Vote	%	   	Vote	%	   	Vote	%	   	Vote	%	   	Vote	%	   	Vote	%	   	Vote	%	   	Vote	%	   	Vote	%	   	Vote	%	   	Vote	%
Aranda		                                     	23	0.72	 	15	0.47	 	1	0.03	 	39	1.22	 	126	3.95	 	121	3.8	 	11	0.35	 	258	8.1	 	1007	31.6	 	163	5.11	 	13	0.41	 	1183	37.12	 	258	8.1	 	190	5.96	 	9	0.28	 	457	14.34	 	1030	32.32	 	168	5.27	 	22	0.69	 	1220	38.28	 	15	0.47	 	9	0.28	 	5	0.16	 	1	0.03	 	30	0.94	 	3187	96.87	 	103	3.13	 	3290	5.26
Belconnen		                                  	17	0.94	 	9	0.5	 	4	0.22	 	30	1.65	 	78	4.29	 	38	2.09	 	0	0	 	116	6.38	 	562	30.93	 	69	3.8	 	3	0.17	 	634	34.89	 	118	6.49	 	59	3.25	 	9	0.5	 	186	10.24	 	736	40.51	 	75	4.13	 	17	0.94	 	828	45.57	 	9	0.5	 	10	0.55	 	3	0.17	 	1	0.06	 	23	1.27	 	1817	97.48	 	47	2.52	 	1864	2.98
Bruce		                                      	3	0.94	 	6	1.88	 	1	0.31	 	10	3.13	 	9	2.82	 	6	1.88	 	0	0	 	15	4.7	 	133	41.69	 	17	5.33	 	2	0.63	 	152	47.65	 	14	4.39	 	9	2.82	 	0	0	 	23	7.21	 	100	31.35	 	17	5.33	 	0	0	 	117	36.68	 	0	0	 	1	0.31	 	0	0	 	1	0.31	 	2	0.63	 	319	98.76	 	4	1.24	 	323	0.52
Charnwood		                                  	38	1.22	 	16	0.52	 	1	0.03	 	55	1.77	 	101	3.25	 	42	1.35	 	5	0.16	 	148	4.77	 	925	29.79	 	103	3.32	 	9	0.29	 	1037	33.4	 	247	7.95	 	125	4.03	 	11	0.35	 	383	12.33	 	1332	42.9	 	99	3.19	 	27	0.87	 	1458	46.96	 	7	0.23	 	11	0.35	 	3	0.1	 	3	0.1	 	24	0.77	 	3105	96.94	 	98	3.06	 	3203	5.12
Evatt		                                      	32	1.03	 	15	0.48	 	5	0.16	 	52	1.68	 	98	3.16	 	48	1.55	 	6	0.19	 	152	4.9	 	1021	32.95	 	119	3.84	 	8	0.26	 	1148	37.04	 	198	6.39	 	86	2.78	 	5	0.16	 	289	9.33	 	1297	41.85	 	112	3.61	 	31	1	 	1440	46.47	 	6	0.19	 	8	0.26	 	4	0.13	 	0	0	 	18	0.58	 	3099	97.33	 	85	2.67	 	3184	5.09
Evatt South		                                	13	1.03	 	5	0.4	 	1	0.08	 	19	1.5	 	39	3.09	 	20	1.58	 	7	0.55	 	66	5.23	 	423	33.49	 	55	4.35	 	3	0.24	 	481	38.08	 	103	8.16	 	45	3.56	 	4	0.32	 	152	12.03	 	472	37.37	 	51	4.04	 	12	0.95	 	535	42.36	 	2	0.16	 	6	0.48	 	2	0.16	 	0	0	 	10	0.79	 	1263	98.14	 	24	1.86	 	1287	2.06
Florey		                                     	32	1.45	 	10	0.45	 	1	0.05	 	43	1.95	 	64	2.9	 	32	1.45	 	4	0.18	 	100	4.53	 	716	32.46	 	95	4.31	 	3	0.14	 	814	36.9	 	136	6.17	 	62	2.81	 	5	0.23	 	203	9.2	 	928	42.07	 	81	3.67	 	21	0.95	 	1030	46.69	 	5	0.23	 	10	0.45	 	0	0	 	1	0.05	 	16	0.73	 	2206	97.7	 	52	2.3	 	2258	3.61
Flynn		                                      	15	0.71	 	11	0.52	 	1	0.05	 	27	1.28	 	76	3.6	 	26	1.23	 	2	0.09	 	104	4.93	 	700	33.18	 	101	4.79	 	4	0.19	 	805	38.15	 	164	7.77	 	114	5.4	 	5	0.24	 	283	13.41	 	787	37.3	 	72	3.41	 	17	0.81	 	876	41.52	 	5	0.24	 	7	0.33	 	1	0.05	 	2	0.09	 	15	0.71	 	2110	97.78	 	48	2.22	 	2158	3.45
Giralang		                                   	27	1.25	 	21	0.97	 	5	0.23	 	53	2.45	 	82	3.79	 	42	1.94	 	6	0.28	 	130	6.01	 	704	32.56	 	78	3.61	 	3	0.14	 	785	36.31	 	127	5.87	 	79	3.65	 	5	0.23	 	211	9.76	 	858	39.69	 	93	4.3	 	21	0.97	 	972	44.96	 	5	0.23	 	4	0.19	 	1	0.05	 	1	0.05	 	11	0.51	 	2162	97.08	 	65	2.92	 	2227	3.56
Hall		                                       	2	0.81	 	3	1.21	 	1	0.4	 	6	2.42	 	10	4.03	 	6	2.42	 	1	0.4	 	17	6.85	 	96	38.71	 	13	5.24	 	0	0	 	109	43.95	 	14	5.65	 	6	2.42	 	0	0	 	20	8.06	 	83	33.47	 	6	2.42	 	5	2.02	 	94	37.9	 	0	0	 	1	0.4	 	1	0.4	 	0	0	 	2	0.81	 	248	96.88	 	8	3.13	 	256	0.41
Higgins		                                    	18	0.74	 	15	0.62	 	4	0.17	 	37	1.53	 	78	3.22	 	43	1.78	 	8	0.33	 	129	5.33	 	809	33.4	 	101	4.17	 	7	0.29	 	917	37.86	 	186	7.68	 	83	3.43	 	4	0.17	 	273	11.27	 	924	38.15	 	97	4	 	20	0.83	 	1041	42.98	 	11	0.45	 	6	0.25	 	7	0.29	 	1	0.04	 	25	1.03	 	2422	97.31	 	67	2.69	 	2489	3.98
Holt		                                       	29	1.28	 	29	1.28	 	3	0.13	 	61	2.7	 	81	3.58	 	40	1.77	 	5	0.22	 	126	5.58	 	653	28.89	 	111	4.91	 	4	0.18	 	768	33.98	 	169	7.48	 	85	3.76	 	7	0.31	 	261	11.55	 	934	41.33	 	75	3.32	 	15	0.66	 	1024	45.31	 	2	0.09	 	13	0.58	 	5	0.22	 	0	0	 	20	0.88	 	2260	97.79	 	51	2.21	 	2311	3.7
Jervis Bay		                                 	2	1.45	 	1	0.72	 	0	0	 	3	2.17	 	3	2.17	 	1	0.72	 	0	0	 	4	2.9	 	54	39.13	 	8	5.8	 	0	0	 	62	44.93	 	8	5.8	 	2	1.45	 	2	1.45	 	12	8.7	 	54	39.13	 	3	2.17	 	0	0	 	57	41.3	 	0	0	 	0	0	 	0	0	 	0	0	 	0	0	 	138	98.57	 	2	1.43	 	140	0.22
Kaleen		                                     	35	1.24	 	29	1.03	 	2	0.07	 	66	2.34	 	98	3.48	 	40	1.42	 	4	0.14	 	142	5.04	 	981	34.84	 	114	4.05	 	7	0.25	 	1102	39.13	 	205	7.28	 	68	2.41	 	6	0.21	 	279	9.91	 	1115	39.6	 	83	2.95	 	18	0.64	 	1216	43.18	 	0	0	 	8	0.28	 	1	0.04	 	2	0.07	 	11	0.39	 	2816	96.31	 	108	3.69	 	2924	4.68
Kaleen South		                               	15	0.94	 	18	1.13	 	3	0.19	 	36	2.26	 	54	3.39	 	26	1.63	 	3	0.19	 	83	5.22	 	543	34.13	 	80	5.03	 	6	0.38	 	629	39.53	 	102	6.41	 	57	3.58	 	6	0.38	 	165	10.37	 	602	37.84	 	55	3.46	 	8	0.5	 	665	41.8	 	4	0.25	 	6	0.38	 	1	0.06	 	2	0.13	 	13	0.82	 	1591	96.78	 	53	3.22	 	1644	2.63
Latham		                                     	20	0.97	 	14	0.68	 	2	0.1	 	36	1.74	 	68	3.28	 	30	1.45	 	2	0.1	 	100	4.83	 	716	34.56	 	97	4.68	 	8	0.39	 	821	39.62	 	130	6.27	 	62	2.99	 	5	0.24	 	197	9.51	 	812	39.19	 	81	3.91	 	10	0.48	 	903	43.58	 	7	0.34	 	4	0.19	 	2	0.1	 	2	0.1	 	15	0.72	 	2072	96.96	 	65	3.04	 	2137	3.42
Macgregor		                                  	11	0.58	 	8	0.43	 	0	0	 	19	1.01	 	87	4.63	 	26	1.38	 	4	0.21	 	117	6.22	 	583	30.99	 	89	4.73	 	10	0.53	 	682	36.26	 	140	7.44	 	57	3.03	 	2	0.11	 	199	10.58	 	759	40.35	 	73	3.88	 	14	0.74	 	846	44.98	 	2	0.11	 	13	0.69	 	2	0.11	 	1	0.05	 	18	0.96	 	1881	96.91	 	60	3.09	 	1941	3.1
Macquarie		                                  	24	1.27	 	9	0.47	 	1	0.05	 	34	1.79	 	66	3.48	 	51	2.69	 	2	0.11	 	119	6.28	 	560	29.54	 	105	5.54	 	4	0.21	 	669	35.28	 	143	7.54	 	99	5.22	 	4	0.21	 	246	12.97	 	717	37.82	 	87	4.59	 	9	0.47	 	813	42.88	 	3	0.16	 	11	0.58	 	0	0	 	1	0.05	 	15	0.79	 	1896	97.33	 	52	2.67	 	1948	3.12
Melba		                                      	12	0.68	 	7	0.4	 	2	0.11	 	21	1.19	 	64	3.64	 	38	2.16	 	7	0.4	 	109	6.2	 	621	35.3	 	92	5.23	 	5	0.28	 	718	40.82	 	133	7.56	 	73	4.15	 	5	0.28	 	211	12	 	612	34.79	 	61	3.47	 	10	0.57	 	683	38.83	 	3	0.17	 	6	0.34	 	6	0.34	 	2	0.11	 	17	0.97	 	1759	97.61	 	43	2.39	 	1802	2.88
Nicholls		                                   	17	1.3	 	14	1.07	 	1	0.08	 	32	2.44	 	34	2.6	 	14	1.07	 	3	0.23	 	51	3.9	 	425	32.47	 	53	4.05	 	3	0.23	 	481	36.75	 	106	8.1	 	42	3.21	 	7	0.53	 	155	11.84	 	518	39.57	 	54	4.13	 	13	0.99	 	585	44.69	 	2	0.15	 	3	0.23	 	0	0	 	0	0	 	5	0.38	 	1309	98.13	 	25	1.87	 	1334	2.13
Page		                                       	26	1.67	 	15	0.97	 	4	0.26	 	45	2.9	 	39	2.51	 	28	1.8	 	3	0.19	 	70	4.51	 	522	33.61	 	75	4.83	 	4	0.26	 	601	38.7	 	113	7.28	 	48	3.09	 	1	0.06	 	162	10.43	 	579	37.28	 	74	4.76	 	6	0.39	 	659	42.43	 	5	0.32	 	5	0.32	 	5	0.32	 	1	0.06	 	16	1.03	 	1553	97.31	 	43	2.69	 	1596	2.55
Palmerston		                                 	42	1.1	 	18	0.47	 	4	0.11	 	64	1.68	 	120	3.15	 	36	0.95	 	1	0.03	 	157	4.13	 	1266	33.28	 	122	3.21	 	13	0.34	 	1401	36.83	 	272	7.15	 	95	2.5	 	4	0.11	 	371	9.75	 	1622	42.64	 	131	3.44	 	28	0.74	 	1781	46.82	 	9	0.24	 	12	0.32	 	7	0.18	 	2	0.05	 	30	0.79	 	3804	97.64	 	92	2.36	 	3896	6.23
Scullin		                                    	29	1.28	 	11	0.49	 	6	0.27	 	46	2.04	 	84	3.72	 	50	2.22	 	4	0.18	 	138	6.11	 	710	31.46	 	80	3.54	 	5	0.22	 	795	35.22	 	149	6.6	 	77	3.41	 	4	0.18	 	230	10.19	 	937	41.52	 	82	3.63	 	14	0.62	 	1033	45.77	 	5	0.22	 	6	0.27	 	3	0.13	 	1	0.04	 	15	0.66	 	2257	96.87	 	73	3.13	 	2330	3.73
Spence		                                     	16	0.97	 	12	0.73	 	2	0.12	 	30	1.81	 	53	3.2	 	34	2.05	 	1	0.06	 	88	5.32	 	548	33.11	 	76	4.59	 	3	0.18	 	627	37.89	 	110	6.65	 	73	4.41	 	6	0.36	 	189	11.42	 	642	38.79	 	58	3.5	 	15	0.91	 	715	43.2	 	1	0.06	 	4	0.24	 	0	0	 	1	0.06	 	6	0.36	 	1655	97.12	 	49	2.88	 	1704	2.73
Weetangera		                                 	24	0.88	 	17	0.62	 	7	0.26	 	48	1.76	 	84	3.08	 	38	1.39	 	10	0.37	 	132	4.84	 	1144	41.95	 	176	6.45	 	9	0.33	 	1329	48.73	 	189	6.93	 	144	5.28	 	13	0.48	 	346	12.69	 	714	26.18	 	116	4.25	 	15	0.55	 	845	30.99	 	6	0.22	 	18	0.66	 	3	0.11	 	0	0	 	27	0.99	 	2727	97.43	 	72	2.57	 	2799	4.48
Wreck Bay		                                  	1	1.3	 	0	0	 	0	0	 	1	1.3	 	0	0	 	0	0	 	0	0	 	0	0	 	0	0	 	0	0	 	0	0	 	0	0	 	2	2.6	 	0	0	 	0	0	 	2	2.6	 	72	93.51	 	2	2.6	 	0	0	 	74	96.1	 	0	0	 	0	0	 	0	0	 	0	0	 	0	0	 	77	98.72	 	1	1.28	 	78	0.12
Special Hospitals		                          	1	0.52	 	0	0	 	0	0	 	1	0.52	 	6	3.14	 	1	0.52	 	0	0	 	7	3.66	 	114	59.69	 	4	2.09	 	0	0	 	118	61.78	 	7	3.66	 	1	0.52	 	0	0	 	8	4.19	 	54	28.27	 	3	1.57	 	0	0	 	57	29.84	 	0	0	 	0	0	 	0	0	 	0	0	 	0	0	 	191	97.45	 	5	2.55	 	196	0.31
Total Ordinary		                             	524	1.05	 	328	0.66	 	62	0.12	 	914	1.83	 	1702	3.41	 	877	1.76	 	99	0.2	 	2678	5.36	 	16536	33.12	 	2196	4.4	 	136	0.27	 	18868	37.79	 	3543	7.1	 	1841	3.69	 	129	0.26	 	5513	11.04	 	19290	38.64	 	1909	3.82	 	368	0.74	 	21567	43.2	 	114	0.23	 	182	0.36	 	62	0.12	 	26	0.05	 	384	0.77	 	49924	97.28	 	1395	2.72	 	51319	82.08
ABSENT		                                     	17	1.02	 	14	0.84	 	2	0.12	 	33	1.99	 	97	5.85	 	54	3.25	 	10	0.6	 	161	9.7	 	465	28.03	 	54	3.25	 	9	0.54	 	528	31.83	 	98	5.91	 	37	2.23	 	1	0.06	 	136	8.2	 	705	42.5	 	72	4.34	 	12	0.72	 	789	47.56	 	5	0.3	 	6	0.36	 	1	0.06	 	0	0	 	12	0.72	 	1659	97.13	 	49	2.87	 	1708	2.73
POSTAL		                                     	17	1.09	 	8	0.51	 	1	0.06	 	26	1.67	 	55	3.53	 	28	1.8	 	8	0.51	 	91	5.84	 	555	35.6	 	79	5.07	 	11	0.71	 	645	41.37	 	108	6.93	 	54	3.46	 	2	0.13	 	164	10.52	 	546	35.02	 	63	4.04	 	13	0.83	 	622	39.9	 	4	0.26	 	2	0.13	 	4	0.26	 	1	0.06	 	11	0.71	 	1559	99.11	 	14	0.89	 	1573	2.52
PRE_POLL		                                   	54	0.75	 	35	0.48	 	3	0.04	 	92	1.27	 	306	4.24	 	183	2.53	 	19	0.26	 	508	7.03	 	2188	30.28	 	350	4.84	 	18	0.25	 	2556	35.38	 	574	7.94	 	274	3.79	 	21	0.29	 	869	12.03	 	2778	38.45	 	319	4.42	 	68	0.94	 	3165	43.81	 	13	0.18	 	12	0.17	 	6	0.08	 	4	0.06	 	35	0.48	 	7225	98.43	 	115	1.57	 	7340	11.74
PROVISIONAL		                                	4	0.7	 	5	0.87	 	1	0.17	 	10	1.75	 	43	7.5	 	8	1.4	 	0	0	 	51	8.9	 	164	28.62	 	16	2.79	 	1	0.17	 	181	31.59	 	24	4.19	 	13	2.27	 	1	0.17	 	38	6.63	 	264	46.07	 	17	2.97	 	8	1.4	 	289	50.44	 	2	0.35	 	0	0	 	1	0.17	 	1	0.17	 	4	0.7	 	573	97.95	 	12	2.05	 	585	0.94
ADJUSTMENT		                                 	0		       	0		       	0		       	0		       	0		       	0		       	0		       	0		       	0		       	0		       	0		       	0		       	0		       	0		       	0		       	0		       	0		       	0		       	0		       	0		       	0		       	0		       	0		       	0		       	0		       	0		       	0		       	0	
Division Summary		                           	616	1.01	 	390	0.64	 	69	0.11	 	1075	1.76	 	2203	3.62	 	1150	1.89	 	136	0.22	 	3489	5.73	 	19908	32.67	 	2695	4.42	 	175	0.29	 	22778	37.38	 	4347	7.13	 	2219	3.64	 	154	0.25	 	6720	11.03	 	23583	38.7	 	2380	3.91	 	469	0.77	 	26432	43.37	 	138	0.23	 	202	0.33	 	74	0.12	 	32	0.05	 	446	0.73	 	60940	97.47	 	1585	2.53	 	62525	97.13
 																																																																																					


Namadgi (66864)																																																																																					

	   		 A Call to Australia (Fred Nile) Group												 B Australian Greens												 C Liberal Party of Australia - ACT Division												 D Australian Democrats												 E Australian Labor Party (ACT Branch)												Ungrouped																						
    			TICKET VOTES			MILLER			LIAW			Group Total			TICKET VOTES			FOSKEY			MILLAR			Group Total			TICKET VOTES			# REID			JITTS			Group Total			TICKET VOTES			MAIN			BLACKBURN			Group Total			TICKET VOTES			# LUNDY			CONWAY			Group Total			CLARKE			MONAGHAN			SEATON			SKERBIC			Ungrouped Total			FORMAL			INFORMAL			TOTAL	
    						John Richard			James									Deborah			Jonathan									Margaret			Stephe									Peter			Brent									Kate			Peter						Joanne			Bill			David			Fred													
Polling Places			Vote	%		Vote	%	   	Vote	%	   	Vote	%	   	Vote	%	   	Vote	%	   	Vote	%	   	Vote	%	   	Vote	%	   	Vote	%	   	Vote	%	   	Vote	%	   	Vote	%	   	Vote	%	   	Vote	%	   	Vote	%	   	Vote	%	   	Vote	%	   	Vote	%	   	Vote	%	   	Vote	%	   	Vote	%	   	Vote	%	   	Vote	%	   	Vote	%	   	Vote	%	   	Vote	%	   	Vote	%
Bonython		                                   	15	0.88	 	14	0.82	 	2	0.12	 	31	1.81	 	40	2.34	 	18	1.05	 	1	0.06	 	59	3.45	 	589	34.44	 	63	3.68	 	9	0.53	 	661	38.65	 	96	5.61	 	35	2.05	 	4	0.23	 	135	7.89	 	753	44.04	 	54	3.16	 	7	0.41	 	814	47.6	 	3	0.18	 	6	0.35	 	1	0.06	 	0	0	 	10	0.58	 	1710	98.39	 	28	1.61	 	1738	2.66
Calwell		                                    	23	0.76	 	16	0.53	 	2	0.07	 	41	1.35	 	91	3	 	39	1.28	 	4	0.13	 	134	4.41	 	1124	37.02	 	90	2.96	 	10	0.33	 	1224	40.32	 	193	6.36	 	58	1.91	 	7	0.23	 	258	8.5	 	1215	40.02	 	128	4.22	 	14	0.46	 	1357	44.7	 	6	0.2	 	13	0.43	 	0	0	 	3	0.1	 	22	0.72	 	3036	97.87	 	66	2.13	 	3102	4.75
Chifley		                                    	8	0.56	 	10	0.7	 	0	0	 	18	1.26	 	39	2.74	 	39	2.74	 	5	0.35	 	83	5.83	 	505	35.49	 	60	4.22	 	9	0.63	 	574	40.34	 	90	6.32	 	59	4.15	 	6	0.42	 	155	10.89	 	508	35.7	 	62	4.36	 	6	0.42	 	576	40.48	 	8	0.56	 	6	0.42	 	2	0.14	 	1	0.07	 	17	1.19	 	1423	97.73	 	33	2.27	 	1456	2.23
Chisholm		                                   	17	0.85	 	8	0.4	 	0	0	 	25	1.25	 	68	3.39	 	21	1.05	 	4	0.2	 	93	4.63	 	717	35.72	 	75	3.74	 	9	0.45	 	801	39.91	 	118	5.88	 	38	1.89	 	4	0.2	 	160	7.97	 	832	41.45	 	56	2.79	 	18	0.9	 	906	45.14	 	4	0.2	 	13	0.65	 	2	0.1	 	3	0.15	 	22	1.1	 	2007	97.76	 	46	2.24	 	2053	3.15
Conder		                                     	26	1.19	 	9	0.41	 	2	0.09	 	37	1.69	 	59	2.7	 	26	1.19	 	4	0.18	 	89	4.07	 	672	30.7	 	58	2.65	 	5	0.23	 	735	33.58	 	135	6.17	 	47	2.15	 	2	0.09	 	184	8.41	 	1042	47.6	 	74	3.38	 	11	0.5	 	1127	51.48	 	9	0.41	 	5	0.23	 	2	0.09	 	1	0.05	 	17	0.78	 	2189	98.25	 	39	1.75	 	2228	3.41
Fadden		                                     	21	0.9	 	14	0.6	 	7	0.3	 	42	1.81	 	43	1.85	 	18	0.77	 	4	0.17	 	65	2.8	 	1084	46.66	 	102	4.39	 	5	0.22	 	1191	51.27	 	132	5.68	 	58	2.5	 	2	0.09	 	192	8.27	 	724	31.17	 	69	2.97	 	14	0.6	 	807	34.74	 	2	0.09	 	13	0.56	 	4	0.17	 	7	0.3	 	26	1.12	 	2323	97.93	 	49	2.07	 	2372	3.63
Farrer		                                     	19	0.62	 	14	0.45	 	1	0.03	 	34	1.1	 	84	2.73	 	39	1.27	 	4	0.13	 	127	4.12	 	1464	47.53	 	137	4.45	 	8	0.26	 	1609	52.24	 	173	5.62	 	107	3.47	 	0	0	 	280	9.09	 	922	29.94	 	77	2.5	 	13	0.42	 	1012	32.86	 	5	0.16	 	8	0.26	 	4	0.13	 	1	0.03	 	18	0.58	 	3080	97.9	 	66	2.1	 	3146	4.82
Gilmore		                                    	27	1.15	 	6	0.26	 	0	0	 	33	1.41	 	43	1.84	 	35	1.5	 	5	0.21	 	83	3.55	 	880	37.61	 	80	3.42	 	6	0.26	 	966	41.28	 	140	5.98	 	56	2.39	 	5	0.21	 	201	8.59	 	935	39.96	 	92	3.93	 	14	0.6	 	1041	44.49	 	7	0.3	 	5	0.21	 	2	0.09	 	2	0.09	 	16	0.68	 	2340	98.11	 	45	1.89	 	2385	3.65
Gordon		                                     	40	1.09	 	14	0.38	 	1	0.03	 	55	1.5	 	104	2.83	 	30	0.82	 	2	0.05	 	136	3.7	 	1296	35.27	 	114	3.1	 	15	0.41	 	1425	38.78	 	200	5.44	 	76	2.07	 	6	0.16	 	282	7.67	 	1619	44.05	 	122	3.32	 	16	0.44	 	1757	47.81	 	9	0.24	 	6	0.16	 	4	0.11	 	1	0.03	 	20	0.54	 	3675	97.97	 	76	2.03	 	3751	5.75
Gowrie		                                     	13	0.68	 	6	0.32	 	2	0.11	 	21	1.11	 	44	2.32	 	26	1.37	 	2	0.11	 	72	3.79	 	761	40.09	 	80	4.21	 	8	0.42	 	849	44.73	 	106	5.58	 	52	2.74	 	5	0.26	 	163	8.59	 	709	37.36	 	59	3.11	 	9	0.47	 	777	40.94	 	4	0.21	 	10	0.53	 	0	0	 	2	0.11	 	16	0.84	 	1898	98.19	 	35	1.81	 	1933	2.96
Isabella Plains		                            	26	1.01	 	13	0.5	 	5	0.19	 	44	1.7	 	84	3.25	 	25	0.97	 	6	0.23	 	115	4.45	 	963	37.28	 	71	2.75	 	8	0.31	 	1042	40.34	 	136	5.27	 	51	1.97	 	6	0.23	 	193	7.47	 	1084	41.97	 	80	3.1	 	7	0.27	 	1171	45.33	 	6	0.23	 	10	0.39	 	1	0.04	 	1	0.04	 	18	0.7	 	2583	97.55	 	65	2.45	 	2648	4.06
Kambah East		                                	17	0.87	 	16	0.82	 	2	0.1	 	35	1.8	 	53	2.72	 	36	1.85	 	1	0.05	 	90	4.62	 	703	36.09	 	74	3.8	 	6	0.31	 	783	40.2	 	118	6.06	 	71	3.64	 	7	0.36	 	196	10.06	 	737	37.83	 	76	3.9	 	11	0.56	 	824	42.3	 	1	0.05	 	16	0.82	 	2	0.1	 	1	0.05	 	20	1.03	 	1948	97.69	 	46	2.31	 	1994	3.06
Kambah North		                               	18	1.09	 	5	0.3	 	2	0.12	 	25	1.51	 	66	3.99	 	38	2.3	 	4	0.24	 	108	6.53	 	600	36.28	 	58	3.51	 	3	0.18	 	661	39.96	 	117	7.07	 	55	3.33	 	2	0.12	 	174	10.52	 	606	36.64	 	59	3.57	 	7	0.42	 	672	40.63	 	7	0.42	 	4	0.24	 	2	0.12	 	1	0.06	 	14	0.85	 	1654	97.41	 	44	2.59	 	1698	2.6
Kambah South		                               	26	1.44	 	13	0.72	 	1	0.06	 	40	2.21	 	54	2.98	 	32	1.77	 	4	0.22	 	90	4.97	 	600	33.15	 	78	4.31	 	9	0.5	 	687	37.96	 	109	6.02	 	59	3.26	 	5	0.28	 	173	9.56	 	735	40.61	 	62	3.43	 	7	0.39	 	804	44.42	 	5	0.28	 	7	0.39	 	3	0.17	 	1	0.06	 	16	0.88	 	1810	97.31	 	50	2.69	 	1860	2.85
Kambah West		                                	50	1.44	 	27	0.78	 	1	0.03	 	78	2.25	 	123	3.55	 	56	1.61	 	5	0.14	 	184	5.31	 	1213	34.98	 	137	3.95	 	4	0.12	 	1354	39.04	 	213	6.14	 	102	2.94	 	8	0.23	 	323	9.31	 	1351	38.96	 	136	3.92	 	15	0.43	 	1502	43.31	 	8	0.23	 	10	0.29	 	4	0.12	 	5	0.14	 	27	0.78	 	3468	97.72	 	81	2.28	 	3549	5.44
Mawson		                                     	13	0.62	 	3	0.14	 	2	0.1	 	18	0.86	 	53	2.52	 	26	1.24	 	3	0.14	 	82	3.9	 	837	39.86	 	88	4.19	 	9	0.43	 	934	44.48	 	126	6	 	63	3	 	1	0.05	 	190	9.05	 	757	36.05	 	92	4.38	 	14	0.67	 	863	41.1	 	1	0.05	 	4	0.19	 	5	0.24	 	3	0.14	 	13	0.62	 	2100	97.54	 	53	2.46	 	2153	3.3
Monash		                                     	20	0.68	 	9	0.31	 	1	0.03	 	30	1.02	 	76	2.59	 	32	1.09	 	6	0.2	 	114	3.88	 	1117	38.06	 	101	3.44	 	12	0.41	 	1230	41.91	 	172	5.86	 	70	2.39	 	4	0.14	 	246	8.38	 	1207	41.12	 	80	2.73	 	12	0.41	 	1299	44.26	 	3	0.1	 	8	0.27	 	2	0.07	 	3	0.1	 	16	0.55	 	2935	97.25	 	83	2.75	 	3018	4.62
Pearce		                                     	13	0.52	 	14	0.56	 	0	0	 	27	1.09	 	88	3.54	 	58	2.33	 	5	0.2	 	151	6.08	 	1023	41.17	 	126	5.07	 	7	0.28	 	1156	46.52	 	165	6.64	 	99	3.98	 	5	0.2	 	269	10.82	 	790	31.79	 	72	2.9	 	11	0.44	 	873	35.13	 	2	0.08	 	6	0.24	 	0	0	 	1	0.04	 	9	0.36	 	2485	96.99	 	77	3.01	 	2562	3.93
Richardson		                                 	23	1.32	 	10	0.57	 	0	0	 	33	1.9	 	57	3.28	 	18	1.03	 	2	0.11	 	77	4.43	 	576	33.1	 	54	3.1	 	8	0.46	 	638	36.67	 	114	6.55	 	30	1.72	 	4	0.23	 	148	8.51	 	756	43.45	 	65	3.74	 	10	0.57	 	831	47.76	 	5	0.29	 	5	0.29	 	2	0.11	 	1	0.06	 	13	0.75	 	1740	97.92	 	37	2.08	 	1777	2.72
Tharwa		                                     	5	3.68	 	0	0	 	0	0	 	5	3.68	 	5	3.68	 	4	2.94	 	0	0	 	9	6.62	 	52	38.24	 	4	2.94	 	0	0	 	56	41.18	 	11	8.09	 	3	2.21	 	0	0	 	14	10.29	 	44	32.35	 	5	3.68	 	2	1.47	 	51	37.5	 	0	0	 	0	0	 	1	0.74	 	0	0	 	1	0.74	 	136	99.27	 	1	0.73	 	137	0.21
Theodore		                                   	11	0.75	 	5	0.34	 	3	0.21	 	19	1.3	 	43	2.94	 	13	0.89	 	4	0.27	 	60	4.11	 	490	33.54	 	41	2.81	 	5	0.34	 	536	36.69	 	95	6.5	 	34	2.33	 	0	0	 	129	8.83	 	653	44.7	 	48	3.29	 	11	0.75	 	712	48.73	 	1	0.07	 	3	0.21	 	0	0	 	1	0.07	 	5	0.34	 	1461	98.72	 	19	1.28	 	1480	2.27
Uriarra		                                    	1	2.78	 	0	0	 	0	0	 	1	2.78	 	1	2.78	 	0	0	 	0	0	 	1	2.78	 	10	27.78	 	0	0	 	0	0	 	10	27.78	 	1	2.78	 	0	0	 	0	0	 	1	2.78	 	21	58.33	 	2	5.56	 	0	0	 	23	63.89	 	0	0	 	0	0	 	0	0	 	0	0	 	0	0	 	36	100	 	0	0	 	36	0.06
Wanniassa		                                  	22	0.7	 	14	0.45	 	3	0.1	 	39	1.24	 	104	3.32	 	52	1.66	 	1	0.03	 	157	5.01	 	1057	33.74	 	104	3.32	 	9	0.29	 	1170	37.34	 	208	6.64	 	70	2.23	 	4	0.13	 	282	9	 	1335	42.61	 	116	3.7	 	14	0.45	 	1465	46.76	 	8	0.26	 	3	0.1	 	2	0.06	 	7	0.22	 	20	0.64	 	3133	97	 	97	3	 	3230	4.95
Wanniassa Hills		                            	28	1.04	 	12	0.44	 	0	0	 	40	1.48	 	82	3.04	 	46	1.7	 	3	0.11	 	131	4.85	 	996	36.9	 	114	4.22	 	1	0.04	 	1111	41.16	 	181	6.71	 	103	3.82	 	7	0.26	 	291	10.78	 	988	36.61	 	92	3.41	 	20	0.74	 	1100	40.76	 	10	0.37	 	11	0.41	 	4	0.15	 	1	0.04	 	26	0.96	 	2699	98.5	 	41	1.5	 	2740	4.2
Special Hospitals		                          	0	0	 	0	0	 	0	0	 	0	0	 	2	2.56	 	0	0	 	0	0	 	2	2.56	 	54	69.23	 	3	3.85	 	0	0	 	57	73.08	 	2	2.56	 	0	0	 	0	0	 	2	2.56	 	17	21.79	 	0	0	 	0	0	 	17	21.79	 	0	0	 	0	0	 	0	0	 	0	0	 	0	0	 	78	88.64	 	10	11.36	 	88	0.13
Total Ordinary		                             	482	0.93	 	252	0.49	 	37	0.07	 	771	1.48	 	1506	2.9	 	727	1.4	 	79	0.15	 	2312	4.45	 	19383	37.31	 	1912	3.68	 	165	0.32	 	21460	41.31	 	3151	6.07	 	1396	2.69	 	94	0.18	 	4641	8.93	 	20340	39.16	 	1778	3.42	 	263	0.51	 	22381	43.08	 	114	0.22	 	172	0.33	 	49	0.09	 	47	0.09	 	382	0.74	 	51947	97.77	 	1187	2.23	 	53134	81.42
ABSENT		                                     	19	1.04	 	5	0.27	 	2	0.11	 	26	1.43	 	79	4.34	 	37	2.03	 	1	0.05	 	117	6.43	 	574	31.56	 	63	3.46	 	6	0.33	 	643	35.35	 	80	4.4	 	36	1.98	 	4	0.22	 	120	6.6	 	809	44.47	 	82	4.51	 	12	0.66	 	903	49.64	 	6	0.33	 	1	0.05	 	2	0.11	 	1	0.05	 	10	0.55	 	1819	97.85	 	40	2.15	 	1859	2.85
POSTAL		                                     	13	0.83	 	6	0.38	 	0	0	 	19	1.22	 	44	2.82	 	20	1.28	 	2	0.13	 	66	4.23	 	602	38.54	 	91	5.83	 	13	0.83	 	706	45.2	 	134	8.58	 	54	3.46	 	4	0.26	 	192	12.29	 	492	31.5	 	56	3.59	 	14	0.9	 	562	35.98	 	7	0.45	 	5	0.32	 	2	0.13	 	3	0.19	 	17	1.09	 	1562	98.8	 	19	1.2	 	1581	2.42
PRE_POLL		                                   	65	0.82	 	28	0.35	 	1	0.01	 	94	1.19	 	280	3.55	 	135	1.71	 	15	0.19	 	430	5.44	 	2834	35.88	 	333	4.22	 	25	0.32	 	3192	40.42	 	468	5.93	 	192	2.43	 	17	0.22	 	677	8.57	 	3115	39.44	 	288	3.65	 	48	0.61	 	3451	43.69	 	25	0.32	 	17	0.22	 	9	0.11	 	3	0.04	 	54	0.68	 	7898	98.59	 	113	1.41	 	8011	12.28
PROVISIONAL		                                	2	0.3	 	1	0.15	 	1	0.15	 	4	0.6	 	25	3.76	 	4	0.6	 	1	0.15	 	30	4.51	 	191	28.72	 	11	1.65	 	1	0.15	 	203	30.53	 	36	5.41	 	9	1.35	 	1	0.15	 	46	6.92	 	347	52.18	 	23	3.46	 	8	1.2	 	378	56.84	 	2	0.3	 	1	0.15	 	0	0	 	1	0.15	 	4	0.6	 	665	98.66	 	9	1.34	 	674	1.03
ADJUSTMENT		                                 	0		       	0		       	0		       	0		       	0		       	0		       	0		       	0		       	0		       	0		       	0		       	0		       	0		       	0		       	0		       	0		       	0		       	0		       	0		       	0		       	0		       	0		       	0		       	0		       	0		       	0		       	0		       	0	
Division Summary		                           	581	0.91	 	292	0.46	 	41	0.06	 	914	1.43	 	1934	3.03	 	923	1.44	 	98	0.15	 	2955	4.63	 	23584	36.91	 	2410	3.77	 	210	0.33	 	26204	41.01	 	3869	6.06	 	1687	2.64	 	120	0.19	 	5676	8.88	 	25103	39.29	 	2227	3.49	 	345	0.54	 	27675	43.32	 	154	0.24	 	196	0.31	 	62	0.1	 	55	0.09	 	467	0.73	 	63891	97.9	 	1368	2.1	 	65259	97.6
 																																																																																					
