Senate - 1996 Election: Tasmania																																					
First Preference Votes by Group																																					
By Polling Place																																					


Bass (66017)																																					
	   		Group Total NLP			Group Total NP			Group Total LP			Group Total DEM			Group Total AWP			Group Total TG			Group Total CTA			Group Total ALP			Ungrouped Total 			FORMAL 			INFORMAL 			TOTAL 	
Polling Places			Vote	%	   	Vote	%	   	Vote	%	   	Vote	%	   	Vote	%	   	Vote	%	   	Vote	%	   	Vote	%	   	Vote	%	   	Vote	%	   	Vote	%	   	Vote	%
Alanvale		                                   	14	0.53	 	11	0.41	 	963	36.15	 	155	5.82	 	16	0.6	 	146	5.48	 	25	0.94	 	1334	50.08	 	0	0	 	2664	95.69	 	120	4.31	 	2784	4.37
Blessington Upper		                          	0	0	 	1	1.16	 	53	61.63	 	2	2.33	 	1	1.16	 	4	4.65	 	0	0	 	25	29.07	 	0	0	 	86	96.63	 	3	3.37	 	89	0.14
Branxholm		                                  	1	0.45	 	1	0.45	 	115	52.27	 	19	8.64	 	1	0.45	 	9	4.09	 	2	0.91	 	72	32.73	 	0	0	 	220	94.83	 	12	5.17	 	232	0.36
Bridport		                                   	5	0.41	 	7	0.58	 	736	60.73	 	75	6.19	 	3	0.25	 	56	4.62	 	3	0.25	 	327	26.98	 	0	0	 	1212	95.43	 	58	4.57	 	1270	1.99
Cape Barren Island		                         	1	2.5	 	1	2.5	 	7	17.5	 	2	5	 	0	0	 	1	2.5	 	0	0	 	28	70	 	0	0	 	40	100	 	0	0	 	40	0.06
Cosgrove Park		                              	5	1.72	 	3	1.03	 	154	52.92	 	8	2.75	 	1	0.34	 	14	4.81	 	0	0	 	106	36.43	 	0	0	 	291	94.79	 	16	5.21	 	307	0.48
Derby		                                      	0	0	 	2	1.23	 	60	37.04	 	13	8.02	 	0	0	 	31	19.14	 	1	0.62	 	55	33.95	 	0	0	 	162	96.43	 	6	3.57	 	168	0.26
Dilston		                                    	3	0.52	 	4	0.69	 	311	53.71	 	30	5.18	 	1	0.17	 	65	11.23	 	0	0	 	165	28.5	 	0	0	 	579	97.97	 	12	2.03	 	591	0.93
Elphin		                                     	6	1.1	 	5	0.92	 	231	42.39	 	30	5.5	 	5	0.92	 	38	6.97	 	4	0.73	 	226	41.47	 	0	0	 	545	95.95	 	23	4.05	 	568	0.89
Emita		                                      	0	0	 	1	1.61	 	38	61.29	 	7	11.29	 	0	0	 	6	9.68	 	0	0	 	10	16.13	 	0	0	 	62	95.38	 	3	4.62	 	65	0.1
Franklin Village		                           	2	0.93	 	3	1.39	 	109	50.46	 	11	5.09	 	0	0	 	19	8.8	 	1	0.46	 	71	32.87	 	0	0	 	216	97.74	 	5	2.26	 	221	0.35
General Hospital		                           	4	0.87	 	7	1.52	 	192	41.65	 	27	5.86	 	6	1.3	 	52	11.28	 	0	0	 	173	37.53	 	0	0	 	461	96.24	 	18	3.76	 	479	0.75
George Town		                                	23	1.07	 	13	0.61	 	699	32.6	 	121	5.64	 	16	0.75	 	98	4.57	 	5	0.23	 	1169	54.52	 	0	0	 	2144	96.62	 	75	3.38	 	2219	3.48
George Town South		                          	3	0.33	 	8	0.88	 	319	35.25	 	44	4.86	 	5	0.55	 	38	4.2	 	2	0.22	 	486	53.7	 	0	0	 	905	96.69	 	31	3.31	 	936	1.47
Gladstone		                                  	3	1.49	 	1	0.5	 	79	39.3	 	7	3.48	 	2	1	 	11	5.47	 	2	1	 	96	47.76	 	0	0	 	201	93.93	 	13	6.07	 	214	0.34
Hillwood		                                   	0	0	 	0	0	 	168	45.28	 	26	7.01	 	2	0.54	 	23	6.2	 	2	0.54	 	150	40.43	 	0	0	 	371	97.89	 	8	2.11	 	379	0.6
Inveresk		                                   	19	1.99	 	4	0.42	 	276	28.96	 	48	5.04	 	8	0.84	 	66	6.93	 	6	0.63	 	526	55.19	 	0	0	 	953	94.54	 	55	5.46	 	1008	1.58
Invermay		                                   	6	0.49	 	13	1.06	 	457	37.43	 	68	5.57	 	10	0.82	 	74	6.06	 	9	0.74	 	584	47.83	 	0	0	 	1221	97.37	 	33	2.63	 	1254	1.97
Karoola		                                    	5	1.75	 	10	3.5	 	150	52.45	 	15	5.24	 	1	0.35	 	24	8.39	 	2	0.7	 	79	27.62	 	0	0	 	286	96.62	 	10	3.38	 	296	0.46
Kings Meadows		                              	8	0.5	 	9	0.56	 	793	49.44	 	84	5.24	 	14	0.87	 	82	5.11	 	9	0.56	 	605	37.72	 	0	0	 	1604	96.22	 	63	3.78	 	1667	2.62
Lady Barron		                                	2	1.35	 	3	2.03	 	87	58.78	 	15	10.14	 	0	0	 	5	3.38	 	0	0	 	36	24.32	 	0	0	 	148	98.01	 	3	1.99	 	151	0.24
Launceston		                                 	3	0.45	 	4	0.6	 	247	36.81	 	64	9.54	 	9	1.34	 	110	16.39	 	6	0.89	 	228	33.98	 	0	0	 	671	96.83	 	22	3.17	 	693	1.09
Launceston Central		                         	7	0.78	 	7	0.78	 	401	44.51	 	82	9.1	 	6	0.67	 	159	17.65	 	6	0.67	 	233	25.86	 	0	0	 	901	97.83	 	20	2.17	 	921	1.45
Launceston East		                            	5	0.35	 	5	0.35	 	729	50.63	 	99	6.88	 	8	0.56	 	215	14.93	 	5	0.35	 	374	25.97	 	0	0	 	1440	98.03	 	29	1.97	 	1469	2.31
Launceston South		                           	13	0.68	 	14	0.73	 	887	46.27	 	101	5.27	 	5	0.26	 	168	8.76	 	30	1.56	 	699	36.46	 	0	0	 	1917	95.75	 	85	4.25	 	2002	3.14
Launceston West		                            	3	0.18	 	4	0.24	 	763	45.74	 	131	7.85	 	6	0.36	 	261	15.65	 	9	0.54	 	491	29.44	 	0	0	 	1668	97.54	 	42	2.46	 	1710	2.68
Lebrina		                                    	1	0.47	 	2	0.93	 	109	50.93	 	10	4.67	 	1	0.47	 	22	10.28	 	3	1.4	 	66	30.84	 	0	0	 	214	96.83	 	7	3.17	 	221	0.35
Legana (Bass)		                              	2	0.17	 	10	0.84	 	648	54.73	 	92	7.77	 	9	0.76	 	111	9.38	 	23	1.94	 	289	24.41	 	0	0	 	1184	97.61	 	29	2.39	 	1213	1.9
Lilydale		                                   	4	0.64	 	11	1.76	 	235	37.66	 	47	7.53	 	3	0.48	 	118	18.91	 	2	0.32	 	204	32.69	 	0	0	 	624	96.45	 	23	3.55	 	647	1.02
Mowbray		                                    	13	0.87	 	3	0.2	 	549	36.55	 	87	5.79	 	10	0.67	 	107	7.12	 	7	0.47	 	726	48.34	 	0	0	 	1502	95.73	 	67	4.27	 	1569	2.46
Myrtle Park		                                	0	0	 	0	0	 	29	37.66	 	5	6.49	 	1	1.3	 	13	16.88	 	2	2.6	 	27	35.06	 	0	0	 	77	96.25	 	3	3.75	 	80	0.13
Nabowla		                                    	0	0	 	1	1.08	 	52	55.91	 	7	7.53	 	0	0	 	19	20.43	 	0	0	 	14	15.05	 	0	0	 	93	95.88	 	4	4.12	 	97	0.15
Newstead		                                   	4	0.25	 	13	0.8	 	950	58.28	 	91	5.58	 	7	0.43	 	135	8.28	 	10	0.61	 	420	25.77	 	0	0	 	1630	96.34	 	62	3.66	 	1692	2.66
Norwood		                                    	3	0.14	 	8	0.38	 	1356	63.72	 	118	5.55	 	2	0.09	 	119	5.59	 	12	0.56	 	510	23.97	 	0	0	 	2128	97.35	 	58	2.65	 	2186	3.43
Nunamara		                                   	0	0	 	3	1.57	 	75	39.27	 	23	12.04	 	0	0	 	39	20.42	 	2	1.05	 	49	25.65	 	0	0	 	191	98.45	 	3	1.55	 	194	0.3
Ockerby Gardens		                            	5	0.53	 	5	0.53	 	402	42.9	 	65	6.94	 	5	0.53	 	102	10.89	 	3	0.32	 	350	37.35	 	0	0	 	937	96.3	 	36	3.7	 	973	1.53
Pioneer		                                    	2	2.5	 	2	2.5	 	34	42.5	 	3	3.75	 	1	1.25	 	4	5	 	1	1.25	 	33	41.25	 	0	0	 	80	95.24	 	4	4.76	 	84	0.13
Pipers River		                               	1	0.38	 	1	0.38	 	140	53.44	 	9	3.44	 	0	0	 	18	6.87	 	0	0	 	93	35.5	 	0	0	 	262	95.62	 	12	4.38	 	274	0.43
Prospect		                                   	18	0.43	 	32	0.77	 	1996	47.83	 	260	6.23	 	21	0.5	 	232	5.56	 	21	0.5	 	1593	38.17	 	0	0	 	4173	97.36	 	113	2.64	 	4286	6.73
Prospect Vale		                              	2	0.2	 	5	0.5	 	590	59.3	 	54	5.43	 	2	0.2	 	53	5.33	 	7	0.7	 	282	28.34	 	0	0	 	995	97.07	 	30	2.93	 	1025	1.61
Ravenswood		                                 	27	1.1	 	16	0.65	 	670	27.2	 	127	5.16	 	18	0.73	 	98	3.98	 	3	0.12	 	1504	61.06	 	0	0	 	2463	96.21	 	97	3.79	 	2560	4.02
Ringarooma		                                 	2	0.51	 	5	1.27	 	210	53.3	 	25	6.35	 	1	0.25	 	9	2.28	 	2	0.51	 	140	35.53	 	0	0	 	394	96.57	 	14	3.43	 	408	0.64
Riverside		                                  	4	0.17	 	10	0.42	 	1412	59.3	 	152	6.38	 	13	0.55	 	193	8.11	 	28	1.18	 	569	23.9	 	0	0	 	2381	97.66	 	57	2.34	 	2438	3.83
Riverside West		                             	6	0.63	 	9	0.95	 	485	51.16	 	62	6.54	 	6	0.63	 	93	9.81	 	6	0.63	 	281	29.64	 	0	0	 	948	97.83	 	21	2.17	 	969	1.52
Rocherlea		                                  	10	0.79	 	15	1.18	 	381	30.02	 	66	5.2	 	6	0.47	 	65	5.12	 	2	0.16	 	724	57.05	 	0	0	 	1269	95.13	 	65	4.87	 	1334	2.09
St Leonards		                                	3	0.28	 	9	0.85	 	524	49.2	 	47	4.41	 	9	0.85	 	72	6.76	 	9	0.85	 	392	36.81	 	0	0	 	1065	97.53	 	27	2.47	 	1092	1.71
Scottsdale		                                 	7	0.39	 	9	0.5	 	988	55.13	 	102	5.69	 	7	0.39	 	64	3.57	 	1	0.06	 	614	34.26	 	0	0	 	1792	95.93	 	76	4.07	 	1868	2.93
Trevallyn		                                  	9	0.49	 	6	0.33	 	934	51.35	 	155	8.52	 	9	0.49	 	261	14.35	 	11	0.6	 	434	23.86	 	0	0	 	1819	98.06	 	36	1.94	 	1855	2.91
Waverley		                                   	8	0.89	 	5	0.55	 	245	27.16	 	52	5.76	 	7	0.78	 	38	4.21	 	4	0.44	 	543	60.2	 	0	0	 	902	96.16	 	36	3.84	 	938	1.47
Weymouth		                                   	0	0	 	0	0	 	98	44.95	 	19	8.72	 	0	0	 	14	6.42	 	0	0	 	87	39.91	 	0	0	 	218	97.32	 	6	2.68	 	224	0.35
Whitemark		                                  	4	1.27	 	7	2.22	 	173	54.92	 	24	7.62	 	5	1.59	 	24	7.62	 	0	0	 	78	24.76	 	0	0	 	315	97.52	 	8	2.48	 	323	0.51
Windmill Hill		                              	0	0	 	1	0.23	 	254	57.34	 	31	7	 	3	0.68	 	60	13.54	 	2	0.45	 	92	20.77	 	0	0	 	443	98.01	 	9	1.99	 	452	0.71
Winnaleah		                                  	4	1.75	 	0	0	 	146	63.76	 	10	4.37	 	0	0	 	3	1.31	 	1	0.44	 	65	28.38	 	0	0	 	229	97.86	 	5	2.14	 	234	0.37
Young Town		                                 	6	0.45	 	6	0.45	 	644	48.13	 	92	6.88	 	10	0.75	 	55	4.11	 	6	0.45	 	519	38.79	 	0	0	 	1338	95.85	 	58	4.15	 	1396	2.19
Special Hospitals		                          	3	0.55	 	6	1.09	 	338	61.68	 	15	2.74	 	6	1.09	 	13	2.37	 	4	0.73	 	163	29.74	 	0	0	 	548	96.65	 	19	3.35	 	567	0.89
Total Ordinary		                             	289	0.56	 	341	0.67	 	23691	46.29	 	3134	6.12	 	288	0.56	 	3929	7.68	 	301	0.59	 	19209	37.53	 	0	0	 	51182	96.69	 	1750	3.31	 	52932	83.11
ABSENT		                                     	25	0.55	 	30	0.66	 	2142	47.28	 	325	7.17	 	12	0.26	 	455	10.04	 	18	0.4	 	1523	33.62	 	0	0	 	4530	97.84	 	100	2.16	 	4630	7.27
POSTAL		                                     	8	0.33	 	16	0.66	 	1236	50.66	 	146	5.98	 	20	0.82	 	155	6.35	 	16	0.66	 	843	34.55	 	0	0	 	2440	97.91	 	52	2.09	 	2492	3.91
PRE_POLL		                                   	11	0.39	 	24	0.85	 	1312	46.25	 	183	6.45	 	31	1.09	 	355	12.51	 	18	0.63	 	903	31.83	 	0	0	 	2837	97.49	 	73	2.51	 	2910	4.57
PROVISIONAL		                                	10	1.43	 	9	1.28	 	202	28.82	 	38	5.42	 	5	0.71	 	69	9.84	 	5	0.71	 	363	51.78	 	0	0	 	701	96.69	 	24	3.31	 	725	1.14
ADJUSTMENT		                                 	0		       	0		       	0		       	0		       	0		       	0		       	0		       	0		       	0		       	0		       	0		       	0	
Division Summary		                           	343	0.56	 	420	0.68	 	28583	46.33	 	3826	6.2	 	356	0.58	 	4963	8.05	 	358	0.58	 	22841	37.03	 	0	0	 	61690	96.86	 	1999	3.14	 	63689	96.47
 																																					


Braddon (63449)																																					
	   		Group Total NLP			Group Total NP			Group Total LP			Group Total DEM			Group Total AWP			Group Total TG			Group Total CTA			Group Total ALP			Ungrouped Total 			FORMAL 			INFORMAL 			TOTAL 	
Polling Places			Vote	%	   	Vote	%	   	Vote	%	   	Vote	%	   	Vote	%	   	Vote	%	   	Vote	%	   	Vote	%	   	Vote	%	   	Vote	%	   	Vote	%	   	Vote	%
Abbotsham		                                  	1	0.71	 	1	0.71	 	91	64.54	 	3	2.13	 	0	0	 	12	8.51	 	2	1.42	 	31	21.99	 	0	0	 	141	97.92	 	3	2.08	 	144	0.23
Acton		                                      	13	0.69	 	52	2.75	 	518	27.36	 	85	4.49	 	22	1.16	 	51	2.69	 	5	0.26	 	1147	60.59	 	0	0	 	1893	95.75	 	84	4.25	 	1977	3.21
Addison Street		                             	4	0.52	 	11	1.44	 	321	41.91	 	40	5.22	 	4	0.52	 	41	5.35	 	9	1.17	 	336	43.86	 	0	0	 	766	95.16	 	39	4.84	 	805	1.31
Ambleside		                                  	3	0.62	 	8	1.66	 	240	49.69	 	28	5.8	 	1	0.21	 	30	6.21	 	2	0.41	 	171	35.4	 	0	0	 	483	98.37	 	8	1.63	 	491	0.8
Blythe Heads		                               	3	1.66	 	8	4.42	 	66	36.46	 	25	13.81	 	3	1.66	 	10	5.52	 	1	0.55	 	65	35.91	 	0	0	 	181	97.31	 	5	2.69	 	186	0.3
Boat Harbour		                               	0	0	 	10	2.9	 	202	58.55	 	19	5.51	 	3	0.87	 	30	8.7	 	3	0.87	 	78	22.61	 	0	0	 	345	98.01	 	7	1.99	 	352	0.57
Brooklyn		                                   	1	0.17	 	23	3.85	 	204	34.17	 	27	4.52	 	4	0.67	 	19	3.18	 	2	0.34	 	317	53.1	 	0	0	 	597	96.14	 	24	3.86	 	621	1.01
Burnie		                                     	7	0.53	 	55	4.14	 	572	43.01	 	86	6.47	 	9	0.68	 	93	6.99	 	10	0.75	 	498	37.44	 	0	0	 	1330	96.87	 	43	3.13	 	1373	2.23
Burnie South		                               	1	0.23	 	27	6.19	 	199	45.64	 	13	2.98	 	1	0.23	 	15	3.44	 	0	0	 	180	41.28	 	0	0	 	436	97.1	 	13	2.9	 	449	0.73
Calder		                                     	0	0	 	6	6.9	 	49	56.32	 	6	6.9	 	0	0	 	8	9.2	 	1	1.15	 	17	19.54	 	0	0	 	87	98.86	 	1	1.14	 	88	0.14
Cooee		                                      	2	0.25	 	24	3.02	 	367	46.11	 	37	4.65	 	4	0.5	 	54	6.78	 	5	0.63	 	303	38.07	 	0	0	 	796	97.67	 	19	2.33	 	815	1.32
Cuprona		                                    	1	0.77	 	4	3.08	 	75	57.69	 	2	1.54	 	1	0.77	 	9	6.92	 	0	0	 	38	29.23	 	0	0	 	130	94.89	 	7	5.11	 	137	0.22
Currie		                                     	7	0.89	 	11	1.4	 	460	58.67	 	44	5.61	 	8	1.02	 	54	6.89	 	2	0.26	 	198	25.26	 	0	0	 	784	97.63	 	19	2.37	 	803	1.3
Devonport Central		                          	13	0.79	 	20	1.22	 	845	51.4	 	82	4.99	 	9	0.55	 	135	8.21	 	15	0.91	 	525	31.93	 	0	0	 	1644	96.76	 	55	3.24	 	1699	2.76
Devonport East		                             	19	0.78	 	44	1.81	 	971	40.01	 	151	6.22	 	5	0.21	 	79	3.26	 	13	0.54	 	1145	47.18	 	0	0	 	2427	97.27	 	68	2.73	 	2495	4.05
Devonport North		                            	5	0.74	 	9	1.33	 	351	51.77	 	27	3.98	 	4	0.59	 	35	5.16	 	0	0	 	247	36.43	 	0	0	 	678	97.69	 	16	2.31	 	694	1.13
Devonport South		                            	10	0.53	 	23	1.22	 	850	44.95	 	100	5.29	 	16	0.85	 	85	4.49	 	3	0.16	 	804	42.52	 	0	0	 	1891	97.17	 	55	2.83	 	1946	3.16
Don		                                        	1	0.19	 	7	1.32	 	279	52.64	 	29	5.47	 	2	0.38	 	54	10.19	 	3	0.57	 	155	29.25	 	0	0	 	530	96.19	 	21	3.81	 	551	0.9
Edith Creek		                                	0	0	 	4	3.31	 	77	63.64	 	2	1.65	 	1	0.83	 	3	2.48	 	0	0	 	34	28.1	 	0	0	 	121	97.58	 	3	2.42	 	124	0.2
Elliott		                                    	1	0.51	 	16	8.08	 	104	52.53	 	15	7.58	 	0	0	 	18	9.09	 	2	1.01	 	42	21.21	 	0	0	 	198	99	 	2	1	 	200	0.32
Forest		                                     	0	0	 	18	4.71	 	225	58.9	 	19	4.97	 	4	1.05	 	20	5.24	 	2	0.52	 	94	24.61	 	0	0	 	382	97.45	 	10	2.55	 	392	0.64
Forth		                                      	0	0	 	8	1.17	 	399	58.5	 	46	6.74	 	2	0.29	 	57	8.36	 	5	0.73	 	165	24.19	 	0	0	 	682	96.6	 	24	3.4	 	706	1.15
Gawler		                                     	1	0.28	 	12	3.31	 	225	62.15	 	19	5.25	 	1	0.28	 	15	4.14	 	3	0.83	 	86	23.76	 	0	0	 	362	97.05	 	11	2.95	 	373	0.61
Grassy		                                     	0	0	 	1	0.79	 	87	69.05	 	3	2.38	 	0	0	 	9	7.14	 	0	0	 	26	20.63	 	0	0	 	126	100	 	0	0	 	126	0.2
Gunns Plains		                               	1	0.92	 	1	0.92	 	72	66.06	 	4	3.67	 	0	0	 	14	12.84	 	0	0	 	17	15.6	 	0	0	 	109	96.46	 	4	3.54	 	113	0.18
Havenview		                                  	3	0.57	 	16	3.03	 	188	35.61	 	35	6.63	 	4	0.76	 	31	5.87	 	2	0.38	 	249	47.16	 	0	0	 	528	98.51	 	8	1.49	 	536	0.87
Highclere		                                  	1	0.56	 	10	5.56	 	99	55	 	8	4.44	 	1	0.56	 	7	3.89	 	0	0	 	54	30	 	0	0	 	180	94.74	 	10	5.26	 	190	0.31
Irishtown		                                  	3	1.2	 	7	2.79	 	161	64.14	 	5	1.99	 	2	0.8	 	2	0.8	 	4	1.59	 	67	26.69	 	0	0	 	251	97.67	 	6	2.33	 	257	0.42
Lileah		                                     	2	3.08	 	1	1.54	 	46	70.77	 	2	3.08	 	1	1.54	 	7	10.77	 	0	0	 	6	9.23	 	0	0	 	65	100	 	0	0	 	65	0.11
Malonga Park		                               	4	0.4	 	35	3.48	 	526	52.34	 	68	6.77	 	3	0.3	 	45	4.48	 	5	0.5	 	319	31.74	 	0	0	 	1005	97.29	 	28	2.71	 	1033	1.68
Marrawah		                                   	0	0	 	13	4.22	 	183	59.42	 	20	6.49	 	2	0.65	 	37	12.01	 	3	0.97	 	50	16.23	 	0	0	 	308	95.06	 	16	4.94	 	324	0.53
Mawbanna		                                   	0	0	 	2	2.99	 	51	76.12	 	3	4.48	 	0	0	 	1	1.49	 	0	0	 	10	14.93	 	0	0	 	67	98.53	 	1	1.47	 	68	0.11
Melrose		                                    	1	0.7	 	6	4.23	 	73	51.41	 	11	7.75	 	1	0.7	 	16	11.27	 	0	0	 	34	23.94	 	0	0	 	142	95.95	 	6	4.05	 	148	0.24
Montagu		                                    	1	0.69	 	7	4.83	 	101	69.66	 	6	4.14	 	1	0.69	 	4	2.76	 	0	0	 	25	17.24	 	0	0	 	145	96.67	 	5	3.33	 	150	0.24
Montello		                                   	9	0.66	 	46	3.37	 	435	31.89	 	74	5.43	 	11	0.81	 	37	2.71	 	9	0.66	 	743	54.47	 	0	0	 	1364	95.85	 	59	4.15	 	1423	2.31
Moorleah		                                   	1	0.61	 	7	4.29	 	64	39.26	 	10	6.13	 	2	1.23	 	22	13.5	 	1	0.61	 	56	34.36	 	0	0	 	163	97.6	 	4	2.4	 	167	0.27
Natone		                                     	2	1.23	 	7	4.29	 	73	44.79	 	11	6.75	 	1	0.61	 	12	7.36	 	0	0	 	57	34.97	 	0	0	 	163	96.45	 	6	3.55	 	169	0.27
Nietta		                                     	0	0	 	3	3.45	 	48	55.17	 	7	8.05	 	0	0	 	7	8.05	 	0	0	 	22	25.29	 	0	0	 	87	96.67	 	3	3.33	 	90	0.15
Nixon Street		                               	10	0.39	 	41	1.58	 	1245	48	 	147	5.67	 	11	0.42	 	132	5.09	 	10	0.39	 	998	38.47	 	0	0	 	2594	96.97	 	81	3.03	 	2675	4.35
North Motton		                               	0	0	 	5	2.15	 	137	58.8	 	19	8.15	 	0	0	 	24	10.3	 	1	0.43	 	47	20.17	 	0	0	 	233	97.49	 	6	2.51	 	239	0.39
Penguin		                                    	8	0.39	 	54	2.62	 	894	43.44	 	146	7.09	 	11	0.53	 	157	7.63	 	8	0.39	 	780	37.9	 	0	0	 	2058	96.3	 	79	3.7	 	2137	3.47
Preston		                                    	0	0	 	0	0	 	70	70	 	3	3	 	0	0	 	7	7	 	1	1	 	19	19	 	0	0	 	100	98.04	 	2	1.96	 	102	0.17
Redpa		                                      	1	1.2	 	8	9.64	 	42	50.6	 	6	7.23	 	0	0	 	4	4.82	 	0	0	 	22	26.51	 	0	0	 	83	97.65	 	2	2.35	 	85	0.14
Reekara		                                    	1	0.85	 	2	1.69	 	83	70.34	 	7	5.93	 	1	0.85	 	5	4.24	 	0	0	 	19	16.1	 	0	0	 	118	99.16	 	1	0.84	 	119	0.19
Riana		                                      	2	0.98	 	3	1.47	 	138	67.65	 	11	5.39	 	0	0	 	14	6.86	 	0	0	 	36	17.65	 	0	0	 	204	94.44	 	12	5.56	 	216	0.35
Ridgley		                                    	1	0.16	 	30	4.85	 	304	49.11	 	33	5.33	 	3	0.48	 	27	4.36	 	1	0.16	 	220	35.54	 	0	0	 	619	96.42	 	23	3.58	 	642	1.04
Rocky Cape		                                 	2	0.49	 	19	4.61	 	216	52.43	 	23	5.58	 	2	0.49	 	29	7.04	 	1	0.24	 	120	29.13	 	0	0	 	412	98.33	 	7	1.67	 	419	0.68
Savage River		                               	1	0.85	 	2	1.69	 	29	24.58	 	8	6.78	 	1	0.85	 	3	2.54	 	0	0	 	74	62.71	 	0	0	 	118	98.33	 	2	1.67	 	120	0.19
Sisters Beach		                              	1	0.43	 	10	4.27	 	117	50	 	20	8.55	 	0	0	 	19	8.12	 	0	0	 	67	28.63	 	0	0	 	234	97.1	 	7	2.9	 	241	0.39
Sisters Creek		                              	0	0	 	16	7.55	 	115	54.25	 	16	7.55	 	2	0.94	 	19	8.96	 	1	0.47	 	43	20.28	 	0	0	 	212	98.15	 	4	1.85	 	216	0.35
Smithton		                                   	12	0.52	 	68	2.92	 	1263	54.3	 	84	3.61	 	17	0.73	 	64	2.75	 	11	0.47	 	807	34.69	 	0	0	 	2326	96.16	 	93	3.84	 	2419	3.93
Somerset		                                   	12	0.54	 	114	5.15	 	933	42.16	 	121	5.47	 	15	0.68	 	105	4.74	 	11	0.5	 	902	40.76	 	0	0	 	2213	96.43	 	82	3.57	 	2295	3.73
South Riana		                                	3	1.53	 	9	4.59	 	128	65.31	 	5	2.55	 	2	1.02	 	11	5.61	 	2	1.02	 	36	18.37	 	0	0	 	196	98.99	 	2	1.01	 	198	0.32
Sprent		                                     	0	0	 	7	3.63	 	106	54.92	 	16	8.29	 	1	0.52	 	12	6.22	 	1	0.52	 	50	25.91	 	0	0	 	193	98.47	 	3	1.53	 	196	0.32
Spreyton		                                   	5	0.48	 	17	1.63	 	488	46.92	 	76	7.31	 	9	0.87	 	62	5.96	 	2	0.19	 	381	36.63	 	0	0	 	1040	96.92	 	33	3.08	 	1073	1.74
Stanley		                                    	2	0.42	 	23	4.87	 	202	42.8	 	23	4.87	 	2	0.42	 	39	8.26	 	4	0.85	 	177	37.5	 	0	0	 	472	96.72	 	16	3.28	 	488	0.79
Stowport		                                   	3	1.29	 	7	3	 	113	48.5	 	11	4.72	 	0	0	 	21	9.01	 	0	0	 	78	33.48	 	0	0	 	233	96.28	 	9	3.72	 	242	0.39
Sulphur Creek		                              	3	0.58	 	35	6.78	 	263	50.97	 	21	4.07	 	3	0.58	 	41	7.95	 	2	0.39	 	148	28.68	 	0	0	 	516	96.27	 	20	3.73	 	536	0.87
Togari		                                     	0	0	 	8	8.16	 	62	63.27	 	5	5.1	 	1	1.02	 	2	2.04	 	1	1.02	 	19	19.39	 	0	0	 	98	97.03	 	3	2.97	 	101	0.16
Trowutta		                                   	0	0	 	1	1.59	 	40	63.49	 	2	3.17	 	1	1.59	 	2	3.17	 	0	0	 	17	26.98	 	0	0	 	63	100	 	0	0	 	63	0.1
Turners Beach		                              	1	0.16	 	18	2.96	 	340	55.83	 	29	4.76	 	4	0.66	 	38	6.24	 	4	0.66	 	175	28.74	 	0	0	 	609	96.21	 	24	3.79	 	633	1.03
Ulverstone		                                 	10	0.7	 	41	2.87	 	770	53.81	 	67	4.68	 	7	0.49	 	72	5.03	 	10	0.7	 	454	31.73	 	0	0	 	1431	95.91	 	61	4.09	 	1492	2.42
Ulverstone East		                            	0	0	 	29	3.36	 	488	56.61	 	38	4.41	 	3	0.35	 	38	4.41	 	6	0.7	 	260	30.16	 	0	0	 	862	97.29	 	24	2.71	 	886	1.44
Ulverstone South		                           	7	0.36	 	46	2.38	 	926	48	 	97	5.03	 	9	0.47	 	102	5.29	 	10	0.52	 	732	37.95	 	0	0	 	1929	96.02	 	80	3.98	 	2009	3.26
Ulverstone West		                            	13	0.7	 	33	1.79	 	895	48.48	 	90	4.88	 	8	0.43	 	67	3.63	 	9	0.49	 	731	39.6	 	0	0	 	1846	97.31	 	51	2.69	 	1897	3.08
Upper Burnie		                               	7	0.5	 	39	2.78	 	576	41.08	 	71	5.06	 	8	0.57	 	60	4.28	 	15	1.07	 	626	44.65	 	0	0	 	1402	96.29	 	54	3.71	 	1456	2.37
Valley Road		                                	11	0.76	 	12	0.82	 	700	48.11	 	81	5.57	 	10	0.69	 	47	3.23	 	10	0.69	 	584	40.14	 	0	0	 	1455	97	 	45	3	 	1500	2.44
Waratah		                                    	1	0.78	 	2	1.56	 	39	30.47	 	6	4.69	 	2	1.56	 	8	6.25	 	0	0	 	70	54.69	 	0	0	 	128	97.71	 	3	2.29	 	131	0.21
West Wynyard		                               	3	0.33	 	37	4.08	 	371	40.9	 	57	6.28	 	5	0.55	 	59	6.5	 	2	0.22	 	373	41.12	 	0	0	 	907	96.9	 	29	3.1	 	936	1.52
Wivenhoe		                                   	2	0.48	 	28	6.73	 	177	42.55	 	22	5.29	 	1	0.24	 	21	5.05	 	1	0.24	 	164	39.42	 	0	0	 	416	95.41	 	20	4.59	 	436	0.71
Wynyard		                                    	12	0.58	 	99	4.81	 	922	44.78	 	114	5.54	 	15	0.73	 	133	6.46	 	6	0.29	 	758	36.81	 	0	0	 	2059	96.71	 	70	3.29	 	2129	3.46
Wynyard East		                               	5	0.97	 	14	2.71	 	210	40.62	 	30	5.8	 	4	0.77	 	21	4.06	 	0	0	 	233	45.07	 	0	0	 	517	95.74	 	23	4.26	 	540	0.88
Yolla		                                      	2	0.47	 	29	6.87	 	181	42.89	 	24	5.69	 	4	0.95	 	46	10.9	 	3	0.71	 	133	31.52	 	0	0	 	422	98.14	 	8	1.86	 	430	0.7
Special Hospitals		                          	11	2.32	 	11	2.32	 	273	57.47	 	13	2.74	 	2	0.42	 	7	1.47	 	5	1.05	 	153	32.21	 	0	0	 	475	96.54	 	17	3.46	 	492	0.8
Total Ordinary		                             	273	0.54	 	1480	2.94	 	23753	47.15	 	2714	5.39	 	297	0.59	 	2696	5.35	 	250	0.5	 	18917	37.55	 	0	0	 	50380	96.76	 	1689	3.24	 	52069	84.6
ABSENT		                                     	13	0.36	 	96	2.67	 	1646	45.84	 	219	6.1	 	21	0.58	 	317	8.83	 	21	0.58	 	1258	35.03	 	0	0	 	3591	97.9	 	77	2.1	 	3668	5.96
POSTAL		                                     	9	0.35	 	84	3.24	 	1366	52.68	 	147	5.67	 	14	0.54	 	201	7.75	 	24	0.93	 	748	28.85	 	0	0	 	2593	98.63	 	36	1.37	 	2629	4.27
PRE_POLL		                                   	13	0.57	 	64	2.82	 	1027	45.32	 	141	6.22	 	18	0.79	 	205	9.05	 	11	0.49	 	787	34.73	 	0	0	 	2266	98.22	 	41	1.78	 	2307	3.75
PROVISIONAL		                                	13	1.54	 	17	2.01	 	301	35.66	 	39	4.62	 	10	1.18	 	61	7.23	 	4	0.47	 	399	47.27	 	0	0	 	844	96.57	 	30	3.43	 	874	1.42
ADJUSTMENT		                                 	0		       	0		       	0		       	0		       	0		       	0		       	0		       	0		       	0		       	0		       	0		       	0	
Division Summary		                           	321	0.54	 	1741	2.92	 	28093	47.08	 	3260	5.46	 	360	0.6	 	3480	5.83	 	310	0.52	 	22109	37.05	 	0	0	 	59674	96.96	 	1873	3.04	 	61547	97
 																																					


Denison (67097)																																					
	   		Group Total NLP			Group Total NP			Group Total LP			Group Total DEM			Group Total AWP			Group Total TG			Group Total CTA			Group Total ALP			Ungrouped Total 			FORMAL 			INFORMAL 			TOTAL 	
Polling Places			Vote	%	   	Vote	%	   	Vote	%	   	Vote	%	   	Vote	%	   	Vote	%	   	Vote	%	   	Vote	%	   	Vote	%	   	Vote	%	   	Vote	%	   	Vote	%
Abbotsfield		                                	6	0.4	 	12	0.79	 	419	27.73	 	84	5.56	 	20	1.32	 	68	4.5	 	6	0.4	 	896	59.3	 	0	0	 	1511	96.67	 	52	3.33	 	1563	2.41
Albuera		                                    	1	0.23	 	0	0	 	140	32.18	 	59	13.56	 	4	0.92	 	111	25.52	 	0	0	 	120	27.59	 	0	0	 	435	96.45	 	16	3.55	 	451	0.7
Austins Ferry		                              	6	0.46	 	4	0.31	 	456	34.84	 	79	6.04	 	8	0.61	 	69	5.27	 	2	0.15	 	685	52.33	 	0	0	 	1309	97.69	 	31	2.31	 	1340	2.07
Battery Point		                              	1	0.09	 	4	0.36	 	410	37.34	 	123	11.2	 	6	0.55	 	255	23.22	 	2	0.18	 	297	27.05	 	0	0	 	1098	96.32	 	42	3.68	 	1140	1.76
Bowen Road		                                 	17	0.91	 	12	0.64	 	539	28.76	 	149	7.95	 	11	0.59	 	127	6.78	 	14	0.75	 	1005	53.63	 	0	0	 	1874	95.32	 	92	4.68	 	1966	3.04
Brent Street		                               	4	0.55	 	5	0.69	 	233	31.96	 	50	6.86	 	7	0.96	 	26	3.57	 	3	0.41	 	401	55.01	 	0	0	 	729	96.05	 	30	3.95	 	759	1.17
Cascades		                                   	7	0.73	 	5	0.52	 	229	23.8	 	102	10.6	 	6	0.62	 	264	27.44	 	5	0.52	 	344	35.76	 	0	0	 	962	96.59	 	34	3.41	 	996	1.54
Chigwell		                                   	24	1.43	 	13	0.78	 	429	25.64	 	121	7.23	 	18	1.08	 	57	3.41	 	7	0.42	 	1004	60.01	 	0	0	 	1673	96.87	 	54	3.13	 	1727	2.67
Claremont		                                  	7	0.41	 	12	0.7	 	567	32.91	 	124	7.2	 	6	0.35	 	89	5.17	 	8	0.46	 	910	52.81	 	0	0	 	1723	95.72	 	77	4.28	 	1800	2.78
Collinsvale		                                	2	0.58	 	4	1.16	 	75	21.74	 	40	11.59	 	3	0.87	 	52	15.07	 	0	0	 	169	48.99	 	0	0	 	345	96.64	 	12	3.36	 	357	0.55
Cornelian Bay		                              	5	0.84	 	0	0	 	229	38.36	 	81	13.57	 	3	0.5	 	78	13.07	 	4	0.67	 	197	33	 	0	0	 	597	97.07	 	18	2.93	 	615	0.95
Cosgrove		                                   	4	0.44	 	6	0.66	 	300	32.82	 	56	6.13	 	4	0.44	 	59	6.46	 	1	0.11	 	484	52.95	 	0	0	 	914	95.51	 	43	4.49	 	957	1.48
Creek Road		                                 	6	0.56	 	2	0.19	 	457	42.51	 	113	10.51	 	11	1.02	 	108	10.05	 	3	0.28	 	375	34.88	 	0	0	 	1075	95.98	 	45	4.02	 	1120	1.73
Cross Street		                               	23	1.35	 	8	0.47	 	604	35.51	 	168	9.88	 	7	0.41	 	197	11.58	 	6	0.35	 	688	40.45	 	0	0	 	1701	95.72	 	76	4.28	 	1777	2.74
Dynnyrne		                                   	2	0.2	 	1	0.1	 	363	36.16	 	119	11.85	 	5	0.5	 	243	24.2	 	1	0.1	 	270	26.89	 	0	0	 	1004	98.24	 	18	1.76	 	1022	1.58
Elizabeth Street		                           	7	0.98	 	4	0.56	 	154	21.51	 	79	11.03	 	8	1.12	 	184	25.7	 	0	0	 	280	39.11	 	0	0	 	716	96.37	 	27	3.63	 	743	1.15
Elwick		                                     	2	0.49	 	0	0	 	123	30	 	14	3.41	 	3	0.73	 	15	3.66	 	0	0	 	253	61.71	 	0	0	 	410	96.93	 	13	3.07	 	423	0.65
Fern Tree		                                  	1	0.27	 	1	0.27	 	83	22.49	 	58	15.72	 	2	0.54	 	130	35.23	 	1	0.27	 	93	25.2	 	0	0	 	369	96.85	 	12	3.15	 	381	0.59
Glenorchy		                                  	22	0.77	 	23	0.8	 	973	33.93	 	185	6.45	 	13	0.45	 	115	4.01	 	9	0.31	 	1528	53.28	 	0	0	 	2868	96.31	 	110	3.69	 	2978	4.6
Glenorchy East		                             	21	0.97	 	19	0.87	 	640	29.44	 	103	4.74	 	10	0.46	 	105	4.83	 	4	0.18	 	1272	58.51	 	0	0	 	2174	95.56	 	101	4.44	 	2275	3.51
Goodwood		                                   	13	1.26	 	8	0.78	 	218	21.19	 	56	5.44	 	5	0.49	 	44	4.28	 	9	0.87	 	676	65.69	 	0	0	 	1029	94.49	 	60	5.51	 	1089	1.68
Hill Street		                                	1	0.26	 	0	0	 	151	38.82	 	37	9.51	 	1	0.26	 	65	16.71	 	1	0.26	 	133	34.19	 	0	0	 	389	95.11	 	20	4.89	 	409	0.63
Hobart		                                     	4	0.72	 	2	0.36	 	156	28.26	 	62	11.23	 	5	0.91	 	138	25	 	4	0.72	 	181	32.79	 	0	0	 	552	97.01	 	17	2.99	 	569	0.88
Hobart Central		                             	2	0.89	 	1	0.45	 	67	29.91	 	20	8.93	 	1	0.45	 	47	20.98	 	2	0.89	 	84	37.5	 	0	0	 	224	98.68	 	3	1.32	 	227	0.35
Hobart North		                               	2	0.29	 	2	0.29	 	216	31.21	 	58	8.38	 	5	0.72	 	102	14.74	 	0	0	 	307	44.36	 	0	0	 	692	96.92	 	22	3.08	 	714	1.1
Hobart South		                               	5	0.37	 	4	0.3	 	445	32.89	 	165	12.2	 	5	0.37	 	316	23.36	 	3	0.22	 	410	30.3	 	0	0	 	1353	97.34	 	37	2.66	 	1390	2.15
Hobart West		                                	7	0.71	 	2	0.2	 	237	23.94	 	129	13.03	 	6	0.61	 	253	25.56	 	5	0.51	 	351	35.45	 	0	0	 	990	97.35	 	27	2.65	 	1017	1.57
Lansdowne Crescent		                         	4	0.45	 	3	0.33	 	245	27.34	 	127	14.17	 	7	0.78	 	222	24.78	 	2	0.22	 	286	31.92	 	0	0	 	896	97.5	 	23	2.5	 	919	1.42
Lenah Valley		                               	6	0.35	 	9	0.53	 	637	37.19	 	187	10.92	 	11	0.64	 	184	10.74	 	5	0.29	 	674	39.35	 	0	0	 	1713	97.38	 	46	2.62	 	1759	2.72
Lower Sandy Bay		                            	6	0.34	 	5	0.29	 	1013	57.75	 	163	9.29	 	3	0.17	 	209	11.92	 	8	0.46	 	347	19.78	 	0	0	 	1754	97.77	 	40	2.23	 	1794	2.77
Lutana		                                     	3	0.42	 	5	0.69	 	213	29.5	 	47	6.51	 	6	0.83	 	33	4.57	 	3	0.42	 	412	57.06	 	0	0	 	722	95.88	 	31	4.12	 	753	1.16
Montrose		                                   	4	0.87	 	1	0.22	 	179	39	 	34	7.41	 	3	0.65	 	27	5.88	 	0	0	 	211	45.97	 	0	0	 	459	96.84	 	15	3.16	 	474	0.73
Moonah		                                     	22	1.03	 	15	0.71	 	765	35.97	 	171	8.04	 	5	0.24	 	105	4.94	 	6	0.28	 	1038	48.8	 	0	0	 	2127	94.83	 	116	5.17	 	2243	3.46
Moonah North		                               	16	1.5	 	11	1.03	 	326	30.58	 	87	8.16	 	10	0.94	 	80	7.5	 	5	0.47	 	531	49.81	 	0	0	 	1066	95.18	 	54	4.82	 	1120	1.73
Mount Nelson		                               	4	0.37	 	10	0.94	 	423	39.57	 	165	15.43	 	6	0.56	 	191	17.87	 	2	0.19	 	268	25.07	 	0	0	 	1069	97.27	 	30	2.73	 	1099	1.7
Mount Stuart		                               	8	1.02	 	1	0.13	 	329	42.02	 	125	15.96	 	2	0.26	 	105	13.41	 	5	0.64	 	208	26.56	 	0	0	 	783	97.63	 	19	2.37	 	802	1.24
Newdegate		                                  	3	0.31	 	5	0.52	 	307	32.05	 	84	8.77	 	10	1.04	 	187	19.52	 	5	0.52	 	357	37.27	 	0	0	 	958	96.09	 	39	3.91	 	997	1.54
New Town		                                   	5	0.59	 	3	0.35	 	314	36.98	 	103	12.13	 	2	0.24	 	139	16.37	 	2	0.24	 	281	33.1	 	0	0	 	849	98.04	 	17	1.96	 	866	1.34
Queenborough		                               	6	1	 	3	0.5	 	213	35.38	 	73	12.13	 	1	0.17	 	105	17.44	 	2	0.33	 	199	33.06	 	0	0	 	602	96.63	 	21	3.37	 	623	0.96
Roseneath		                                  	3	1.02	 	0	0	 	59	20.14	 	10	3.41	 	5	1.71	 	5	1.71	 	2	0.68	 	209	71.33	 	0	0	 	293	97.02	 	9	2.98	 	302	0.47
Rosetta		                                    	3	0.36	 	6	0.72	 	395	47.53	 	76	9.15	 	3	0.36	 	37	4.45	 	1	0.12	 	310	37.3	 	0	0	 	831	98.34	 	14	1.66	 	845	1.3
St Johns Park		                              	1	0.58	 	0	0	 	50	29.07	 	23	13.37	 	1	0.58	 	27	15.7	 	1	0.58	 	69	40.12	 	0	0	 	172	97.73	 	4	2.27	 	176	0.27
St Peters		                                  	1	0.2	 	3	0.6	 	131	26.2	 	50	10	 	5	1	 	116	23.2	 	6	1.2	 	188	37.6	 	0	0	 	500	96.53	 	18	3.47	 	518	0.8
Sandy Bay		                                  	6	0.44	 	5	0.37	 	669	49.05	 	156	11.44	 	3	0.22	 	236	17.3	 	8	0.59	 	281	20.6	 	0	0	 	1364	97.85	 	30	2.15	 	1394	2.15
Sandy Bay Beach		                            	5	0.5	 	6	0.6	 	583	58.48	 	111	11.13	 	2	0.2	 	119	11.94	 	7	0.7	 	164	16.45	 	0	0	 	997	97.36	 	27	2.64	 	1024	1.58
Swan		                                       	12	1.73	 	4	0.58	 	170	24.57	 	80	11.56	 	3	0.43	 	131	18.93	 	2	0.29	 	290	41.91	 	0	0	 	692	95.05	 	36	4.95	 	728	1.12
Taroona		                                    	3	0.22	 	8	0.6	 	561	41.74	 	182	13.54	 	5	0.37	 	268	19.94	 	4	0.3	 	313	23.29	 	0	0	 	1344	97.89	 	29	2.11	 	1373	2.12
Tolosa		                                     	11	0.75	 	13	0.88	 	453	30.73	 	94	6.38	 	12	0.81	 	45	3.05	 	6	0.41	 	840	56.99	 	0	0	 	1474	96.34	 	56	3.66	 	1530	2.36
Waimea Heights		                             	0	0	 	4	0.6	 	381	57.55	 	56	8.46	 	2	0.3	 	89	13.44	 	2	0.3	 	128	19.34	 	0	0	 	662	97.5	 	17	2.5	 	679	1.05
Windermere		                                 	9	1.08	 	9	1.08	 	241	28.9	 	50	6	 	8	0.96	 	34	4.08	 	0	0	 	483	57.91	 	0	0	 	834	96.86	 	27	3.14	 	861	1.33
Special Hospitals		                          	2	0.41	 	4	0.83	 	232	48.13	 	18	3.73	 	2	0.41	 	27	5.6	 	3	0.62	 	194	40.25	 	0	0	 	482	97.97	 	10	2.03	 	492	0.76
Total Ordinary		                             	345	0.67	 	287	0.56	 	17802	34.66	 	4706	9.16	 	300	0.58	 	6038	11.76	 	187	0.36	 	21694	42.24	 	0	0	 	51359	96.58	 	1817	3.42	 	53176	82.12
ABSENT		                                     	24	0.55	 	34	0.78	 	1538	35.28	 	452	10.37	 	27	0.62	 	593	13.6	 	15	0.34	 	1676	38.45	 	0	0	 	4359	97.85	 	96	2.15	 	4455	6.88
POSTAL		                                     	7	0.24	 	20	0.68	 	1092	36.97	 	217	7.35	 	18	0.61	 	356	12.05	 	17	0.58	 	1227	41.54	 	0	0	 	2954	97.49	 	76	2.51	 	3030	4.68
PRE_POLL		                                   	19	0.58	 	25	0.76	 	1134	34.6	 	288	8.79	 	25	0.76	 	663	20.23	 	7	0.21	 	1116	34.06	 	0	0	 	3277	97.94	 	69	2.06	 	3346	5.17
PROVISIONAL		                                	15	2.05	 	4	0.55	 	176	24.04	 	44	6.01	 	9	1.23	 	101	13.8	 	2	0.27	 	381	52.05	 	0	0	 	732	97.6	 	18	2.4	 	750	1.16
ADJUSTMENT		                                 	0		       	0		       	0		       	0		       	0		       	0		       	0		       	0		       	0		       	0		       	0		       	0	
Division Summary		                           	410	0.65	 	370	0.59	 	21742	34.69	 	5707	9.1	 	379	0.6	 	7751	12.37	 	228	0.36	 	26094	41.63	 	0	0	 	62681	96.79	 	2076	3.21	 	64757	96.51
 																																					


Franklin (64967)																																					
	   		Group Total NLP			Group Total NP			Group Total LP			Group Total DEM			Group Total AWP			Group Total TG			Group Total CTA			Group Total ALP			Ungrouped Total 			FORMAL 			INFORMAL 			TOTAL 	
Polling Places			Vote	%	   	Vote	%	   	Vote	%	   	Vote	%	   	Vote	%	   	Vote	%	   	Vote	%	   	Vote	%	   	Vote	%	   	Vote	%	   	Vote	%	   	Vote	%
Adventure Bay		                              	2	0.77	 	0	0	 	108	41.7	 	16	6.18	 	0	0	 	17	6.56	 	0	0	 	116	44.79	 	0	0	 	259	95.93	 	11	4.07	 	270	0.43
Alonnah		                                    	0	0	 	3	1.36	 	82	37.27	 	17	7.73	 	2	0.91	 	29	13.18	 	0	0	 	87	39.55	 	0	0	 	220	97.78	 	5	2.22	 	225	0.36
Barnes Bay		                                 	3	2.48	 	3	2.48	 	52	42.98	 	6	4.96	 	1	0.83	 	16	13.22	 	5	4.13	 	35	28.93	 	0	0	 	121	96.03	 	5	3.97	 	126	0.2
Bellerive		                                  	7	0.25	 	8	0.29	 	1204	43	 	255	9.11	 	14	0.5	 	276	9.86	 	13	0.46	 	1023	36.54	 	0	0	 	2800	97.53	 	71	2.47	 	2871	4.55
Blackmans Bay		                              	10	0.39	 	15	0.59	 	1051	41.43	 	313	12.34	 	14	0.55	 	279	11	 	22	0.87	 	833	32.83	 	0	0	 	2537	98.33	 	43	1.67	 	2580	4.09
Bligh		                                      	10	1.28	 	3	0.39	 	175	22.46	 	32	4.11	 	5	0.64	 	26	3.34	 	1	0.13	 	527	67.65	 	0	0	 	779	95.47	 	37	4.53	 	816	1.29
Bridgewater		                                	30	1.28	 	27	1.15	 	477	20.38	 	126	5.38	 	27	1.15	 	61	2.61	 	3	0.13	 	1590	67.92	 	0	0	 	2341	96.46	 	86	3.54	 	2427	3.84
Cambridge		                                  	2	0.26	 	6	0.78	 	373	48.25	 	65	8.41	 	3	0.39	 	96	12.42	 	1	0.13	 	227	29.37	 	0	0	 	773	97.6	 	19	2.4	 	792	1.25
Clarendon Vale		                             	2	0.3	 	4	0.59	 	118	17.46	 	24	3.55	 	6	0.89	 	22	3.25	 	4	0.59	 	496	73.37	 	0	0	 	676	94.68	 	38	5.32	 	714	1.13
Cradoc		                                     	0	0	 	0	0	 	109	57.98	 	17	9.04	 	0	0	 	27	14.36	 	0	0	 	35	18.62	 	0	0	 	188	98.43	 	3	1.57	 	191	0.3
Cygnet		                                     	15	0.98	 	8	0.52	 	536	35.03	 	141	9.22	 	6	0.39	 	241	15.75	 	8	0.52	 	575	37.58	 	0	0	 	1530	95.68	 	69	4.32	 	1599	2.53
Dover		                                      	5	1.04	 	1	0.21	 	223	46.27	 	29	6.02	 	0	0	 	31	6.43	 	1	0.21	 	192	39.83	 	0	0	 	482	94.7	 	27	5.3	 	509	0.81
East Risdon		                                	0	0	 	0	0	 	110	43.82	 	28	11.16	 	3	1.2	 	22	8.76	 	1	0.4	 	87	34.66	 	0	0	 	251	96.17	 	10	3.83	 	261	0.41
Franklin		                                   	4	0.76	 	1	0.19	 	246	46.77	 	48	9.13	 	1	0.19	 	44	8.37	 	0	0	 	182	34.6	 	0	0	 	526	95.99	 	22	4.01	 	548	0.87
Gagebrook		                                  	9	0.54	 	12	0.71	 	358	21.32	 	110	6.55	 	13	0.77	 	46	2.74	 	2	0.12	 	1129	67.24	 	0	0	 	1679	97.28	 	47	2.72	 	1726	2.73
Geeveston		                                  	9	1.17	 	4	0.52	 	387	50.19	 	40	5.19	 	5	0.65	 	36	4.67	 	6	0.78	 	284	36.84	 	0	0	 	771	95.07	 	40	4.93	 	811	1.28
Geilston Bay		                               	2	0.15	 	4	0.3	 	510	38.58	 	120	9.08	 	5	0.38	 	101	7.64	 	3	0.23	 	577	43.65	 	0	0	 	1322	97.56	 	33	2.44	 	1355	2.15
Glen Huon		                                  	0	0	 	1	0.41	 	137	56.85	 	17	7.05	 	2	0.83	 	28	11.62	 	0	0	 	56	23.24	 	0	0	 	241	98.37	 	4	1.63	 	245	0.39
Grove		                                      	3	0.54	 	3	0.54	 	276	50	 	41	7.43	 	4	0.72	 	63	11.41	 	3	0.54	 	159	28.8	 	0	0	 	552	94.85	 	30	5.15	 	582	0.92
Howden		                                     	0	0	 	0	0	 	75	38.66	 	32	16.49	 	0	0	 	37	19.07	 	2	1.03	 	48	24.74	 	0	0	 	194	97.49	 	5	2.51	 	199	0.32
Howrah		                                     	10	0.37	 	10	0.37	 	1355	49.89	 	213	7.84	 	13	0.48	 	159	5.85	 	7	0.26	 	949	34.94	 	0	0	 	2716	97.73	 	63	2.27	 	2779	4.4
Huonville		                                  	8	0.59	 	6	0.45	 	614	45.65	 	109	8.1	 	13	0.97	 	127	9.44	 	5	0.37	 	463	34.42	 	0	0	 	1345	95.66	 	61	4.34	 	1406	2.23
Judbury		                                    	1	0.5	 	0	0	 	93	46.5	 	17	8.5	 	0	0	 	31	15.5	 	1	0.5	 	57	28.5	 	0	0	 	200	98.52	 	3	1.48	 	203	0.32
Kettering		                                  	2	0.48	 	2	0.48	 	191	45.8	 	43	10.31	 	3	0.72	 	75	17.99	 	0	0	 	101	24.22	 	0	0	 	417	99.29	 	3	0.71	 	420	0.67
Kingston		                                   	8	0.23	 	19	0.55	 	1358	39.39	 	368	10.67	 	16	0.46	 	387	11.22	 	66	1.91	 	1226	35.56	 	0	0	 	3448	98.07	 	68	1.93	 	3516	5.57
Kingston Beach		                             	11	0.47	 	8	0.34	 	1076	45.73	 	254	10.79	 	17	0.72	 	265	11.26	 	22	0.93	 	700	29.75	 	0	0	 	2353	97.51	 	60	2.49	 	2413	3.82
Lauderdale		                                 	8	0.35	 	9	0.39	 	976	42.36	 	224	9.72	 	11	0.48	 	239	10.37	 	14	0.61	 	823	35.72	 	0	0	 	2304	97.46	 	60	2.54	 	2364	3.74
Lindisfarne		                                	10	0.39	 	5	0.2	 	1239	48.36	 	242	9.45	 	16	0.62	 	240	9.37	 	9	0.35	 	801	31.26	 	0	0	 	2562	97.23	 	73	2.77	 	2635	4.17
Loatta Road		                                	5	0.35	 	6	0.42	 	676	47.01	 	171	11.89	 	4	0.28	 	134	9.32	 	12	0.83	 	430	29.9	 	0	0	 	1438	96.97	 	45	3.03	 	1483	2.35
Margate		                                    	7	0.51	 	12	0.87	 	514	37.33	 	160	11.62	 	10	0.73	 	199	14.45	 	14	1.02	 	461	33.48	 	0	0	 	1377	98.08	 	27	1.92	 	1404	2.22
Middleton		                                  	1	0.43	 	1	0.43	 	73	31.2	 	26	11.11	 	1	0.43	 	29	12.39	 	4	1.71	 	99	42.31	 	0	0	 	234	93.6	 	16	6.4	 	250	0.4
Montagu Bay		                                	6	0.5	 	6	0.5	 	530	43.91	 	130	10.77	 	7	0.58	 	111	9.2	 	4	0.33	 	413	34.22	 	0	0	 	1207	96.79	 	40	3.21	 	1247	1.98
Mornington		                                 	3	0.6	 	0	0	 	154	30.86	 	40	8.02	 	3	0.6	 	41	8.22	 	0	0	 	258	51.7	 	0	0	 	499	98.23	 	9	1.77	 	508	0.8
Opossum Bay		                                	1	0.58	 	0	0	 	94	54.34	 	14	8.09	 	1	0.58	 	15	8.67	 	0	0	 	48	27.75	 	0	0	 	173	98.3	 	3	1.7	 	176	0.28
Port Huon		                                  	0	0	 	0	0	 	99	53.51	 	9	4.86	 	0	0	 	9	4.86	 	2	1.08	 	66	35.68	 	0	0	 	185	96.35	 	7	3.65	 	192	0.3
Ranelagh		                                   	5	0.91	 	3	0.55	 	244	44.53	 	44	8.03	 	1	0.18	 	52	9.49	 	3	0.55	 	196	35.77	 	0	0	 	548	96.31	 	21	3.69	 	569	0.9
Risdon Vale		                                	16	1.04	 	11	0.72	 	308	20.04	 	109	7.09	 	16	1.04	 	53	3.45	 	5	0.33	 	1019	66.3	 	0	0	 	1537	96.24	 	60	3.76	 	1597	2.53
Rokeby		                                     	13	0.76	 	4	0.23	 	442	25.91	 	97	5.69	 	11	0.64	 	48	2.81	 	6	0.35	 	1085	63.6	 	0	0	 	1706	95.57	 	79	4.43	 	1785	2.83
Sandfly		                                    	2	0.32	 	2	0.32	 	242	38.72	 	78	12.48	 	4	0.64	 	123	19.68	 	7	1.12	 	167	26.72	 	0	0	 	625	95.42	 	30	4.58	 	655	1.04
Sandford		                                   	0	0	 	0	0	 	317	41.88	 	59	7.79	 	3	0.4	 	131	17.31	 	4	0.53	 	243	32.1	 	0	0	 	757	98.7	 	10	1.3	 	767	1.21
Seven Mile Beach		                           	0	0	 	4	0.58	 	271	39.28	 	67	9.71	 	4	0.58	 	92	13.33	 	0	0	 	252	36.52	 	0	0	 	690	97.73	 	16	2.27	 	706	1.12
Snug		                                       	4	0.52	 	5	0.65	 	289	37.83	 	102	13.35	 	4	0.52	 	73	9.55	 	3	0.39	 	284	37.17	 	0	0	 	764	95.26	 	38	4.74	 	802	1.27
South Arm		                                  	1	0.23	 	2	0.46	 	183	42.36	 	35	8.1	 	0	0	 	54	12.5	 	0	0	 	157	36.34	 	0	0	 	432	97.3	 	12	2.7	 	444	0.7
Southport		                                  	6	3.14	 	2	1.05	 	82	42.93	 	10	5.24	 	1	0.52	 	25	13.09	 	0	0	 	65	34.03	 	0	0	 	191	94.09	 	12	5.91	 	203	0.32
Strathblane		                                	3	2.48	 	1	0.83	 	40	33.06	 	5	4.13	 	1	0.83	 	10	8.26	 	1	0.83	 	60	49.59	 	0	0	 	121	97.58	 	3	2.42	 	124	0.2
Surges Bay		                                 	1	0.85	 	1	0.85	 	73	62.39	 	10	8.55	 	1	0.85	 	7	5.98	 	0	0	 	24	20.51	 	0	0	 	117	94.35	 	7	5.65	 	124	0.2
Tranmere		                                   	0	0	 	5	0.3	 	811	49.39	 	189	11.51	 	8	0.49	 	150	9.14	 	3	0.18	 	476	28.99	 	0	0	 	1642	97.97	 	34	2.03	 	1676	2.65
Warrane		                                    	18	1.13	 	12	0.75	 	381	23.92	 	100	6.28	 	15	0.94	 	99	6.21	 	6	0.38	 	962	60.39	 	0	0	 	1593	96.72	 	54	3.28	 	1647	2.61
Wentworth Street		                           	3	0.28	 	3	0.28	 	494	45.91	 	106	9.85	 	2	0.19	 	80	7.43	 	3	0.28	 	385	35.78	 	0	0	 	1076	97.02	 	33	2.98	 	1109	1.76
Woodbridge		                                 	2	0.67	 	3	1	 	119	39.67	 	43	14.33	 	1	0.33	 	56	18.67	 	0	0	 	76	25.33	 	0	0	 	300	95.85	 	13	4.15	 	313	0.5
Special Hospitals		                          	6	1.75	 	8	2.33	 	199	58.02	 	10	2.92	 	6	1.75	 	6	1.75	 	2	0.58	 	106	30.9	 	0	0	 	343	96.08	 	14	3.92	 	357	0.57
Total Ordinary		                             	274	0.54	 	253	0.49	 	20144	39.39	 	4561	8.92	 	304	0.59	 	4618	9.03	 	278	0.54	 	20710	40.5	 	0	0	 	51142	97	 	1579	3	 	52721	83.5
ABSENT		                                     	19	0.4	 	38	0.8	 	1726	36.25	 	409	8.59	 	41	0.86	 	582	12.22	 	33	0.69	 	1914	40.19	 	0	0	 	4762	98	 	97	2	 	4859	7.7
POSTAL		                                     	4	0.17	 	18	0.74	 	1003	41.5	 	191	7.9	 	22	0.91	 	257	10.63	 	21	0.87	 	901	37.28	 	0	0	 	2417	98.13	 	46	1.87	 	2463	3.9
PRE_POLL		                                   	8	0.33	 	23	0.94	 	953	38.77	 	227	9.24	 	12	0.49	 	371	15.09	 	23	0.94	 	841	34.21	 	0	0	 	2458	98.2	 	45	1.8	 	2503	3.96
PROVISIONAL		                                	10	1.75	 	5	0.87	 	123	21.5	 	31	5.42	 	13	2.27	 	53	9.27	 	4	0.7	 	333	58.22	 	0	0	 	572	96.95	 	18	3.05	 	590	0.93
ADJUSTMENT		                                 	0		       	0		       	0		       	0		       	0		       	0		       	0		       	0		       	0		       	0		       	0		       	0	
Division Summary		                           	315	0.51	 	337	0.55	 	23949	39.04	 	5419	8.83	 	392	0.64	 	5881	9.59	 	359	0.59	 	24699	40.26	 	0	0	 	61351	97.17	 	1785	2.83	 	63136	97.18
 																																					


Lyons (67774)																																					
	   		Group Total NLP			Group Total NP			Group Total LP			Group Total DEM			Group Total AWP			Group Total TG			Group Total CTA			Group Total ALP			Ungrouped Total 			FORMAL 			INFORMAL 			TOTAL 	
Polling Places			Vote	%	   	Vote	%	   	Vote	%	   	Vote	%	   	Vote	%	   	Vote	%	   	Vote	%	   	Vote	%	   	Vote	%	   	Vote	%	   	Vote	%	   	Vote	%
Avoca		                                      	4	1.2	 	6	1.8	 	111	33.23	 	11	3.29	 	1	0.3	 	27	8.08	 	2	0.6	 	172	51.5	 	0	0	 	334	95.7	 	15	4.3	 	349	0.53
Bagdad		                                     	5	0.83	 	7	1.17	 	227	37.83	 	42	7	 	5	0.83	 	30	5	 	1	0.17	 	283	47.17	 	0	0	 	600	97.72	 	14	2.28	 	614	0.93
Beaconsfield		                               	6	0.61	 	10	1.02	 	382	38.98	 	53	5.41	 	4	0.41	 	56	5.71	 	7	0.71	 	462	47.14	 	0	0	 	980	96.46	 	36	3.54	 	1016	1.54
Beauty Point		                               	4	0.6	 	12	1.8	 	274	41.08	 	50	7.5	 	6	0.9	 	43	6.45	 	0	0	 	278	41.68	 	0	0	 	667	95.97	 	28	4.03	 	695	1.05
Bicheno		                                    	1	0.16	 	6	0.93	 	312	48.45	 	39	6.06	 	4	0.62	 	62	9.63	 	4	0.62	 	216	33.54	 	0	0	 	644	95.83	 	28	4.17	 	672	1.02
Bishopsbourne		                              	0	0	 	1	0.75	 	103	77.44	 	8	6.02	 	0	0	 	4	3.01	 	1	0.75	 	16	12.03	 	0	0	 	133	99.25	 	1	0.75	 	134	0.2
Bothwell		                                   	10	2.05	 	7	1.43	 	246	50.41	 	13	2.66	 	1	0.2	 	16	3.28	 	0	0	 	195	39.96	 	0	0	 	488	95.13	 	25	4.87	 	513	0.78
Bracknell		                                  	3	0.74	 	20	4.93	 	207	50.99	 	24	5.91	 	3	0.74	 	32	7.88	 	1	0.25	 	116	28.57	 	0	0	 	406	94.42	 	24	5.58	 	430	0.65
Brighton		                                   	8	0.69	 	11	0.94	 	473	40.6	 	71	6.09	 	13	1.12	 	52	4.46	 	0	0	 	537	46.09	 	0	0	 	1165	97.65	 	28	2.35	 	1193	1.81
Broadmarsh		                                 	2	1.29	 	0	0	 	93	60	 	9	5.81	 	1	0.65	 	6	3.87	 	0	0	 	44	28.39	 	0	0	 	155	97.48	 	4	2.52	 	159	0.24
Bronte		                                     	5	3.6	 	0	0	 	74	53.24	 	6	4.32	 	4	2.88	 	10	7.19	 	0	0	 	40	28.78	 	0	0	 	139	95.86	 	6	4.14	 	145	0.22
Buckland		                                   	3	2.54	 	2	1.69	 	57	48.31	 	3	2.54	 	1	0.85	 	8	6.78	 	0	0	 	44	37.29	 	0	0	 	118	95.93	 	5	4.07	 	123	0.19
Campania		                                   	2	0.48	 	2	0.48	 	226	53.81	 	20	4.76	 	2	0.48	 	16	3.81	 	1	0.24	 	151	35.95	 	0	0	 	420	97	 	13	3	 	433	0.66
Campbell Town		                              	2	0.26	 	16	2.05	 	273	35.04	 	23	2.95	 	5	0.64	 	29	3.72	 	7	0.9	 	424	54.43	 	0	0	 	779	94.77	 	43	5.23	 	822	1.25
Carrick		                                    	1	0.23	 	4	0.94	 	243	56.91	 	19	4.45	 	0	0	 	38	8.9	 	0	0	 	122	28.57	 	0	0	 	427	97.94	 	9	2.06	 	436	0.66
Chudleigh		                                  	0	0	 	5	2.31	 	123	56.94	 	12	5.56	 	4	1.85	 	19	8.8	 	1	0.46	 	52	24.07	 	0	0	 	216	95.15	 	11	4.85	 	227	0.34
Claude Road		                                	0	0	 	4	2.29	 	82	46.86	 	20	11.43	 	0	0	 	15	8.57	 	1	0.57	 	53	30.29	 	0	0	 	175	96.15	 	7	3.85	 	182	0.28
Colebrook		                                  	3	1.3	 	0	0	 	105	45.45	 	16	6.93	 	0	0	 	16	6.93	 	0	0	 	91	39.39	 	0	0	 	231	95.06	 	12	4.94	 	243	0.37
Coles Bay		                                  	1	0.43	 	1	0.43	 	130	55.56	 	12	5.13	 	2	0.85	 	28	11.97	 	0	0	 	60	25.64	 	0	0	 	234	95.9	 	10	4.1	 	244	0.37
Copping		                                    	4	2.08	 	2	1.04	 	67	34.9	 	17	8.85	 	1	0.52	 	34	17.71	 	0	0	 	67	34.9	 	0	0	 	192	95.05	 	10	4.95	 	202	0.31
Cressy		                                     	5	0.73	 	6	0.87	 	347	50.36	 	24	3.48	 	8	1.16	 	19	2.76	 	3	0.44	 	277	40.2	 	0	0	 	689	96.63	 	24	3.37	 	713	1.08
Deloraine		                                  	9	0.45	 	23	1.16	 	1025	51.48	 	126	6.33	 	10	0.5	 	221	11.1	 	10	0.5	 	567	28.48	 	0	0	 	1991	96.04	 	82	3.96	 	2073	3.14
Dodges Ferry		                               	11	0.69	 	8	0.51	 	492	31.08	 	148	9.35	 	5	0.32	 	189	11.94	 	6	0.38	 	724	45.74	 	0	0	 	1583	97.18	 	46	2.82	 	1629	2.47
Dromedary		                                  	1	0.4	 	4	1.62	 	87	35.22	 	18	7.29	 	4	1.62	 	11	4.45	 	2	0.81	 	120	48.58	 	0	0	 	247	96.48	 	9	3.52	 	256	0.39
Dunalley		                                   	2	0.51	 	4	1.03	 	172	44.22	 	12	3.08	 	1	0.26	 	36	9.25	 	1	0.26	 	161	41.39	 	0	0	 	389	96.29	 	15	3.71	 	404	0.61
Eaglehawk Neck		                             	0	0	 	1	0.35	 	122	42.36	 	22	7.64	 	1	0.35	 	43	14.93	 	0	0	 	99	34.38	 	0	0	 	288	99.31	 	2	0.69	 	290	0.44
Elizabeth Town		                             	2	0.56	 	4	1.11	 	213	59.33	 	24	6.69	 	0	0	 	33	9.19	 	2	0.56	 	81	22.56	 	0	0	 	359	94.72	 	20	5.28	 	379	0.57
Ellendale		                                  	0	0	 	0	0	 	77	48.73	 	3	1.9	 	0	0	 	14	8.86	 	2	1.27	 	62	39.24	 	0	0	 	158	95.76	 	7	4.24	 	165	0.25
Epping		                                     	2	1.22	 	0	0	 	93	56.71	 	4	2.44	 	0	0	 	7	4.27	 	0	0	 	58	35.37	 	0	0	 	164	97.62	 	4	2.38	 	168	0.25
Evandale		                                   	6	0.63	 	12	1.26	 	411	43.13	 	60	6.3	 	7	0.73	 	120	12.59	 	0	0	 	337	35.36	 	0	0	 	953	97.24	 	27	2.76	 	980	1.49
Exeter		                                     	1	0.09	 	7	0.63	 	576	51.85	 	83	7.47	 	5	0.45	 	120	10.8	 	10	0.9	 	309	27.81	 	0	0	 	1111	96.95	 	35	3.05	 	1146	1.74
Fingal		                                     	2	0.52	 	4	1.05	 	117	30.63	 	11	2.88	 	2	0.52	 	18	4.71	 	1	0.26	 	227	59.42	 	0	0	 	382	95.02	 	20	4.98	 	402	0.61
Forcett		                                    	1	0.43	 	0	0	 	109	47.39	 	15	6.52	 	3	1.3	 	22	9.57	 	1	0.43	 	79	34.35	 	0	0	 	230	96.23	 	9	3.77	 	239	0.36
Frankford		                                  	0	0	 	4	2.86	 	74	52.86	 	9	6.43	 	3	2.14	 	8	5.71	 	0	0	 	42	30	 	0	0	 	140	97.22	 	4	2.78	 	144	0.22
Glengarry		                                  	1	0.36	 	6	2.16	 	152	54.68	 	16	5.76	 	1	0.36	 	41	14.75	 	2	0.72	 	59	21.22	 	0	0	 	278	96.53	 	10	3.47	 	288	0.44
Glenora		                                    	9	3.64	 	1	0.4	 	75	30.36	 	8	3.24	 	6	2.43	 	14	5.67	 	1	0.4	 	133	53.85	 	0	0	 	247	93.92	 	16	6.08	 	263	0.4
Granton		                                    	4	1.32	 	2	0.66	 	158	51.97	 	11	3.62	 	3	0.99	 	9	2.96	 	0	0	 	117	38.49	 	0	0	 	304	97.75	 	7	2.25	 	311	0.47
Gravelly Beach		                             	1	0.18	 	3	0.54	 	228	41.16	 	57	10.29	 	5	0.9	 	88	15.88	 	0	0	 	172	31.05	 	0	0	 	554	95.85	 	24	4.15	 	578	0.88
Gretna		                                     	1	0.56	 	2	1.12	 	100	55.87	 	6	3.35	 	1	0.56	 	3	1.68	 	0	0	 	66	36.87	 	0	0	 	179	97.81	 	4	2.19	 	183	0.28
Hadspen		                                    	4	0.44	 	10	1.1	 	423	46.48	 	58	6.37	 	7	0.77	 	55	6.04	 	9	0.99	 	344	37.8	 	0	0	 	910	98.17	 	17	1.83	 	927	1.41
Hagley		                                     	2	0.68	 	4	1.36	 	187	63.39	 	20	6.78	 	3	1.02	 	25	8.47	 	5	1.69	 	49	16.61	 	0	0	 	295	95.78	 	13	4.22	 	308	0.47
Hamilton		                                   	3	1.66	 	2	1.1	 	85	46.96	 	8	4.42	 	2	1.1	 	3	1.66	 	0	0	 	78	43.09	 	0	0	 	181	95.26	 	9	4.74	 	190	0.29
Kelso		                                      	1	0.54	 	2	1.08	 	95	51.35	 	17	9.19	 	2	1.08	 	12	6.49	 	0	0	 	56	30.27	 	0	0	 	185	97.37	 	5	2.63	 	190	0.29
Kempton		                                    	1	0.36	 	2	0.72	 	102	36.82	 	13	4.69	 	3	1.08	 	19	6.86	 	2	0.72	 	135	48.74	 	0	0	 	277	93.9	 	18	6.1	 	295	0.45
Koonya		                                     	2	1.85	 	0	0	 	56	51.85	 	6	5.56	 	1	0.93	 	19	17.59	 	0	0	 	24	22.22	 	0	0	 	108	98.18	 	2	1.82	 	110	0.17
Lachlan		                                    	3	1.03	 	5	1.72	 	86	29.66	 	23	7.93	 	1	0.34	 	26	8.97	 	1	0.34	 	145	50	 	0	0	 	290	93.25	 	21	6.75	 	311	0.47
Latrobe		                                    	13	0.59	 	43	1.94	 	950	42.81	 	134	6.04	 	11	0.5	 	123	5.54	 	16	0.72	 	929	41.87	 	0	0	 	2219	95.07	 	115	4.93	 	2334	3.54
Legana (Lyons)		                             	1	0.17	 	4	0.66	 	344	57.14	 	51	8.47	 	3	0.5	 	57	9.47	 	6	1	 	136	22.59	 	0	0	 	602	98.53	 	9	1.47	 	611	0.93
Levendale		                                  	1	0.83	 	0	0	 	55	45.45	 	2	1.65	 	1	0.83	 	4	3.31	 	0	0	 	58	47.93	 	0	0	 	121	97.58	 	3	2.42	 	124	0.19
Longford		                                   	7	0.38	 	16	0.86	 	847	45.78	 	103	5.57	 	12	0.65	 	92	4.97	 	4	0.22	 	769	41.57	 	0	0	 	1850	95.66	 	84	4.34	 	1934	2.93
Lower Barrington		                           	0	0	 	16	5.16	 	193	62.26	 	17	5.48	 	2	0.65	 	24	7.74	 	0	0	 	58	18.71	 	0	0	 	310	98.1	 	6	1.9	 	316	0.48
Magra		                                      	3	0.78	 	1	0.26	 	139	36.1	 	9	2.34	 	0	0	 	6	1.56	 	1	0.26	 	226	58.7	 	0	0	 	385	94.83	 	21	5.17	 	406	0.62
Mathinna		                                   	0	0	 	0	0	 	26	25	 	5	4.81	 	0	0	 	10	9.62	 	0	0	 	63	60.58	 	0	0	 	104	98.11	 	2	1.89	 	106	0.16
Maydena		                                    	2	0.98	 	0	0	 	103	50.49	 	6	2.94	 	1	0.49	 	9	4.41	 	0	0	 	83	40.69	 	0	0	 	204	93.58	 	14	6.42	 	218	0.33
Meander		                                    	3	1.28	 	4	1.71	 	121	51.71	 	14	5.98	 	1	0.43	 	52	22.22	 	0	0	 	39	16.67	 	0	0	 	234	98.32	 	4	1.68	 	238	0.36
Midway Point		                               	8	0.6	 	9	0.67	 	509	38.16	 	86	6.45	 	3	0.22	 	59	4.42	 	10	0.75	 	650	48.73	 	0	0	 	1334	96.81	 	44	3.19	 	1378	2.09
Mole Creek		                                 	4	0.97	 	5	1.21	 	270	65.22	 	23	5.56	 	1	0.24	 	27	6.52	 	1	0.24	 	83	20.05	 	0	0	 	414	96.06	 	17	3.94	 	431	0.65
Molesworth		                                 	1	0.38	 	1	0.38	 	81	31.15	 	25	9.62	 	0	0	 	37	14.23	 	1	0.38	 	114	43.85	 	0	0	 	260	99.24	 	2	0.76	 	262	0.4
Moriarty		                                   	3	1.31	 	3	1.31	 	148	64.63	 	20	8.73	 	2	0.87	 	15	6.55	 	3	1.31	 	35	15.28	 	0	0	 	229	97.86	 	5	2.14	 	234	0.35
New Norfolk		                                	37	1.6	 	17	0.74	 	754	32.63	 	125	5.41	 	9	0.39	 	114	4.93	 	2	0.09	 	1253	54.22	 	0	0	 	2311	94.75	 	128	5.25	 	2439	3.7
New Norfolk North		                          	3	0.31	 	8	0.82	 	250	25.67	 	48	4.93	 	5	0.51	 	25	2.57	 	0	0	 	635	65.2	 	0	0	 	974	95.12	 	50	4.88	 	1024	1.55
Nubeena		                                    	1	0.19	 	3	0.56	 	239	44.67	 	38	7.1	 	2	0.37	 	43	8.04	 	5	0.93	 	204	38.13	 	0	0	 	535	96.92	 	17	3.08	 	552	0.84
Oatlands		                                   	5	0.79	 	8	1.26	 	305	47.96	 	23	3.62	 	3	0.47	 	29	4.56	 	3	0.47	 	260	40.88	 	0	0	 	636	96.07	 	26	3.93	 	662	1
Orford		                                     	0	0	 	6	1.18	 	301	59.14	 	24	4.72	 	3	0.59	 	26	5.11	 	1	0.2	 	148	29.08	 	0	0	 	509	96.95	 	16	3.05	 	525	0.8
Ouse		                                       	4	1.38	 	4	1.38	 	136	46.9	 	15	5.17	 	5	1.72	 	11	3.79	 	0	0	 	115	39.66	 	0	0	 	290	94.16	 	18	5.84	 	308	0.47
Parattah		                                   	2	1.16	 	2	1.16	 	81	46.82	 	6	3.47	 	2	1.16	 	9	5.2	 	0	0	 	71	41.04	 	0	0	 	173	94.02	 	11	5.98	 	184	0.28
Perth		                                      	6	0.41	 	16	1.09	 	673	46	 	97	6.63	 	10	0.68	 	90	6.15	 	4	0.27	 	567	38.76	 	0	0	 	1463	96.57	 	52	3.43	 	1515	2.3
Pontville		                                  	5	1.46	 	2	0.58	 	131	38.19	 	18	5.25	 	1	0.29	 	29	8.45	 	0	0	 	157	45.77	 	0	0	 	343	95.01	 	18	4.99	 	361	0.55
Port Arthur		                                	1	0.43	 	6	2.56	 	91	38.89	 	12	5.13	 	2	0.85	 	28	11.97	 	1	0.43	 	93	39.74	 	0	0	 	234	94.35	 	14	5.65	 	248	0.38
Port Sorell		                                	3	0.21	 	28	1.93	 	714	49.17	 	115	7.92	 	11	0.76	 	127	8.75	 	15	1.03	 	439	30.23	 	0	0	 	1452	96.74	 	49	3.26	 	1501	2.28
Primrose Sands		                             	4	1.01	 	3	0.76	 	107	27.09	 	25	6.33	 	2	0.51	 	21	5.32	 	0	0	 	233	58.99	 	0	0	 	395	95.41	 	19	4.59	 	414	0.63
Pyengana		                                   	1	0.88	 	5	4.39	 	63	55.26	 	6	5.26	 	1	0.88	 	11	9.65	 	1	0.88	 	26	22.81	 	0	0	 	114	95.8	 	5	4.2	 	119	0.18
Queenstown		                                 	14	0.97	 	30	2.09	 	720	50.14	 	39	2.72	 	6	0.42	 	31	2.16	 	3	0.21	 	593	41.3	 	0	0	 	1436	95.93	 	61	4.07	 	1497	2.27
Railton		                                    	5	0.66	 	10	1.33	 	307	40.77	 	41	5.44	 	4	0.53	 	44	5.84	 	3	0.4	 	339	45.02	 	0	0	 	753	95.8	 	33	4.2	 	786	1.19
Richmond		                                   	4	0.46	 	8	0.92	 	378	43.55	 	61	7.03	 	3	0.35	 	86	9.91	 	5	0.58	 	323	37.21	 	0	0	 	868	96.23	 	34	3.77	 	902	1.37
Rosebery		                                   	6	0.93	 	14	2.18	 	179	27.88	 	46	7.17	 	6	0.93	 	19	2.96	 	0	0	 	372	57.94	 	0	0	 	642	96.83	 	21	3.17	 	663	1.01
Ross		                                       	4	1.2	 	4	1.2	 	150	44.91	 	12	3.59	 	0	0	 	18	5.39	 	2	0.6	 	144	43.11	 	0	0	 	334	97.95	 	7	2.05	 	341	0.52
Rossarden		                                  	0	0	 	0	0	 	17	45.95	 	2	5.41	 	0	0	 	3	8.11	 	0	0	 	15	40.54	 	0	0	 	37	84.09	 	7	15.91	 	44	0.07
St Helens		                                  	14	0.78	 	12	0.66	 	849	47.04	 	109	6.04	 	8	0.44	 	155	8.59	 	10	0.55	 	648	35.9	 	0	0	 	1805	97.3	 	50	2.7	 	1855	2.81
St Marys		                                   	5	0.82	 	5	0.82	 	170	27.87	 	33	5.41	 	1	0.16	 	62	10.16	 	5	0.82	 	329	53.93	 	0	0	 	610	94.28	 	37	5.72	 	647	0.98
Saltwater River		                            	2	1.6	 	1	0.8	 	56	44.8	 	5	4	 	2	1.6	 	1	0.8	 	1	0.8	 	57	45.6	 	0	0	 	125	98.43	 	2	1.57	 	127	0.19
Sassafras		                                  	0	0	 	4	1.89	 	155	73.11	 	5	2.36	 	0	0	 	9	4.25	 	2	0.94	 	37	17.45	 	0	0	 	212	98.6	 	3	1.4	 	215	0.33
Scamander		                                  	2	0.33	 	7	1.16	 	189	31.19	 	35	5.78	 	2	0.33	 	72	11.88	 	10	1.65	 	289	47.69	 	0	0	 	606	96.5	 	22	3.5	 	628	0.95
Sheffield		                                  	7	0.61	 	45	3.93	 	581	50.74	 	79	6.9	 	8	0.7	 	87	7.6	 	4	0.35	 	334	29.17	 	0	0	 	1145	96.06	 	47	3.94	 	1192	1.81
Sidmouth		                                   	0	0	 	8	1.68	 	236	49.58	 	42	8.82	 	4	0.84	 	50	10.5	 	5	1.05	 	131	27.52	 	0	0	 	476	97.14	 	14	2.86	 	490	0.74
Sorell		                                     	13	0.87	 	13	0.87	 	688	45.99	 	103	6.89	 	10	0.67	 	116	7.75	 	4	0.27	 	549	36.7	 	0	0	 	1496	95.84	 	65	4.16	 	1561	2.37
Strahan		                                    	4	0.9	 	7	1.58	 	189	42.57	 	26	5.86	 	8	1.8	 	27	6.08	 	1	0.23	 	182	40.99	 	0	0	 	444	95.9	 	19	4.1	 	463	0.7
Swansea		                                    	4	0.61	 	3	0.46	 	303	46.05	 	30	4.56	 	4	0.61	 	37	5.62	 	0	0	 	277	42.1	 	0	0	 	658	95.5	 	31	4.5	 	689	1.05
Tarraleah		                                  	0	0	 	3	3.3	 	44	48.35	 	7	7.69	 	1	1.1	 	3	3.3	 	0	0	 	33	36.26	 	0	0	 	91	98.91	 	1	1.09	 	92	0.14
Tea Tree		                                   	1	0.69	 	1	0.69	 	80	55.17	 	10	6.9	 	1	0.69	 	8	5.52	 	0	0	 	44	30.34	 	0	0	 	145	97.32	 	4	2.68	 	149	0.23
Triabunna		                                  	4	0.56	 	7	0.98	 	327	45.99	 	36	5.06	 	7	0.98	 	22	3.09	 	1	0.14	 	307	43.18	 	0	0	 	711	95.31	 	35	4.69	 	746	1.13
Tullah		                                     	3	2.46	 	3	2.46	 	42	34.43	 	8	6.56	 	0	0	 	5	4.1	 	1	0.82	 	60	49.18	 	0	0	 	122	95.31	 	6	4.69	 	128	0.19
Tunbridge		                                  	2	1.85	 	2	1.85	 	47	43.52	 	2	1.85	 	0	0	 	2	1.85	 	0	0	 	53	49.07	 	0	0	 	108	96.43	 	4	3.57	 	112	0.17
Tunnack		                                    	0	0	 	1	0.49	 	132	64.39	 	11	5.37	 	2	0.98	 	3	1.46	 	0	0	 	56	27.32	 	0	0	 	205	95.79	 	9	4.21	 	214	0.32
Wesley Vale		                                	2	0.6	 	8	2.41	 	192	57.83	 	25	7.53	 	0	0	 	42	12.65	 	1	0.3	 	62	18.67	 	0	0	 	332	98.52	 	5	1.48	 	337	0.51
Westbury		                                   	7	0.6	 	22	1.9	 	603	52.07	 	67	5.79	 	6	0.52	 	89	7.69	 	1	0.09	 	363	31.35	 	0	0	 	1158	92.49	 	94	7.51	 	1252	1.9
Westerway		                                  	8	4.1	 	0	0	 	76	38.97	 	9	4.62	 	3	1.54	 	2	1.03	 	1	0.51	 	96	49.23	 	0	0	 	195	92.42	 	16	7.58	 	211	0.32
West Kentish		                               	0	0	 	7	3.65	 	120	62.5	 	9	4.69	 	0	0	 	20	10.42	 	0	0	 	36	18.75	 	0	0	 	192	98.46	 	3	1.54	 	195	0.3
Whitemore		                                  	0	0	 	2	1.8	 	88	79.28	 	4	3.6	 	0	0	 	1	0.9	 	0	0	 	16	14.41	 	0	0	 	111	95.69	 	5	4.31	 	116	0.18
Wilmot		                                     	5	1.83	 	1	0.37	 	153	56.04	 	19	6.96	 	0	0	 	25	9.16	 	1	0.37	 	69	25.27	 	0	0	 	273	96.47	 	10	3.53	 	283	0.43
Zeehan		                                     	3	0.56	 	20	3.74	 	203	37.94	 	30	5.61	 	6	1.12	 	10	1.87	 	0	0	 	263	49.16	 	0	0	 	535	96.92	 	17	3.08	 	552	0.84
Special Hospitals		                          	11	5.58	 	4	2.03	 	89	45.18	 	4	2.03	 	1	0.51	 	5	2.54	 	1	0.51	 	82	41.62	 	0	0	 	197	99.49	 	1	0.51	 	198	0.3
Total Ordinary		                             	386	0.71	 	694	1.27	 	24464	44.71	 	3226	5.9	 	327	0.6	 	3848	7.03	 	220	0.4	 	21547	39.38	 	0	0	 	54712	96.15	 	2191	3.85	 	56903	86.32
ABSENT		                                     	19	0.5	 	46	1.2	 	1492	38.99	 	273	7.13	 	34	0.89	 	445	11.63	 	19	0.5	 	1499	39.17	 	0	0	 	3827	98.08	 	75	1.92	 	3902	5.92
POSTAL		                                     	5	0.17	 	51	1.75	 	1346	46.14	 	157	5.38	 	18	0.62	 	212	7.27	 	11	0.38	 	1117	38.29	 	0	0	 	2917	98.45	 	46	1.55	 	2963	4.49
PRE_POLL		                                   	7	0.45	 	25	1.6	 	700	44.67	 	105	6.7	 	8	0.51	 	195	12.44	 	10	0.64	 	517	32.99	 	0	0	 	1567	98.18	 	29	1.82	 	1596	2.42
PROVISIONAL		                                	5	0.91	 	9	1.63	 	183	33.21	 	33	5.99	 	7	1.27	 	55	9.98	 	4	0.73	 	255	46.28	 	0	0	 	551	98.39	 	9	1.61	 	560	0.85
ADJUSTMENT		                                 	0		       	0		       	0		       	0		       	0		       	0		       	0		       	0		       	0		       	0		       	0		       	0	
Division Summary		                           	422	0.66	 	825	1.3	 	28185	44.33	 	3794	5.97	 	394	0.62	 	4755	7.48	 	264	0.42	 	24935	39.22	 	0	0	 	63574	96.44	 	2350	3.56	 	65924	97.27
 
