House of Representatives - 1998 Election: Australian Capital Territory																																				
First Preference Votes and TCP																																				
By Candidate by Polling Place 																																				


Canberra (105359)																																				

		ULASOWSKI			# ELLIS			MORISON			ELLERMAN			DOBLE			ENGLAND			ONSMAN			FORMAL			INFORMAL			TOTAL							
		Nikki		        	Annette		          	Ian		      	Sue		      	Burl		       	Maryan		         	Yulia		        			     			     			     	Two Candidate Preferred		    		
		DSL			ALP			LP			GRN			HAN			NLP			DEM					 			 			 	# ELLIS ALP			 MORISON LP	
Polling Places		Vote	%		Vote	%		Vote	%		Vote	%		Vote	%		Vote	%		Vote	%		Vote	%		Vote	%		Vote	%		Vote	%		Vote	%
Bonython	                                    	30	1.91	 	843	53.73	 	454	28.94	 	45	2.87	 	84	5.35	 	4	0.25	 	109	6.95	 	1569	96.38	 	59	3.62	 	1628	1.61	 	1009	64.31	 	560	35.69
Calwell	                                     	31	1.32	 	1202	51.08	 	748	31.79	 	60	2.55	 	138	5.86	 	5	0.21	 	169	7.18	 	2353	95.92	 	100	4.08	 	2453	2.43	 	1438	61.11	 	915	38.89
Canberra Hospital	                           	13	1.75	 	363	48.86	 	243	32.71	 	35	4.71	 	25	3.36	 	4	0.54	 	60	8.08	 	743	94.17	 	46	5.83	 	789	0.78	 	454	61.1	 	289	38.9
Chapman	                                     	24	1.19	 	866	42.79	 	798	39.43	 	77	3.8	 	80	3.95	 	5	0.25	 	174	8.6	 	2024	98.11	 	39	1.89	 	2063	2.04	 	1081	53.41	 	943	46.59
Chifley	                                     	23	1.84	 	653	52.11	 	370	29.53	 	55	4.39	 	64	5.11	 	1	0.08	 	87	6.94	 	1253	97.28	 	35	2.72	 	1288	1.27	 	807	64.41	 	446	35.59
Chisholm	                                    	29	1.73	 	859	51.34	 	522	31.2	 	43	2.57	 	103	6.16	 	2	0.12	 	115	6.87	 	1673	96.54	 	60	3.46	 	1733	1.71	 	1034	61.81	 	639	38.19
Conder	                                      	45	1.98	 	1203	53.04	 	630	27.78	 	71	3.13	 	145	6.39	 	6	0.26	 	168	7.41	 	2268	96.68	 	78	3.32	 	2346	2.32	 	1470	64.81	 	798	35.19
Curtin	                                      	47	1.76	 	1295	48.45	 	868	32.47	 	117	4.38	 	135	5.05	 	8	0.3	 	203	7.59	 	2673	98.34	 	45	1.66	 	2718	2.69	 	1628	60.91	 	1045	39.09
Deakin	                                      	14	1.15	 	418	34.29	 	591	48.48	 	37	3.04	 	53	4.35	 	3	0.25	 	103	8.45	 	1219	98.07	 	24	1.93	 	1243	1.23	 	530	43.48	 	689	56.52
Duffy	                                       	23	1.31	 	880	50.11	 	513	29.21	 	108	6.15	 	95	5.41	 	4	0.23	 	133	7.57	 	1756	97.07	 	53	2.93	 	1809	1.79	 	1101	62.7	 	655	37.3
Fadden	                                      	20	1.07	 	806	43.03	 	787	42.02	 	45	2.4	 	69	3.68	 	4	0.21	 	142	7.58	 	1873	98.06	 	37	1.94	 	1910	1.89	 	968	51.68	 	905	48.32
Farrer	                                      	33	1.35	 	1047	42.84	 	980	40.1	 	75	3.07	 	120	4.91	 	4	0.16	 	185	7.57	 	2444	97.41	 	65	2.59	 	2509	2.48	 	1287	52.66	 	1157	47.34
Gilmore	                                     	20	1.06	 	910	48.2	 	598	31.67	 	60	3.18	 	131	6.94	 	3	0.16	 	166	8.79	 	1888	96.42	 	70	3.58	 	1958	1.94	 	1121	59.38	 	767	40.63
Gordon	                                      	28	0.89	 	1632	51.65	 	1024	32.41	 	88	2.78	 	177	5.6	 	9	0.28	 	202	6.39	 	3160	96.43	 	117	3.57	 	3277	3.24	 	1910	60.44	 	1250	39.56
Gowrie	                                      	20	1.2	 	829	49.61	 	554	33.15	 	40	2.39	 	81	4.85	 	4	0.24	 	143	8.56	 	1671	97.15	 	49	2.85	 	1720	1.7	 	1005	60.14	 	666	39.86
Holder	                                      	18	1.32	 	699	51.1	 	448	32.75	 	43	3.14	 	50	3.65	 	4	0.29	 	106	7.75	 	1368	97.09	 	41	2.91	 	1409	1.39	 	835	61.04	 	533	38.96
Hughes	                                      	32	1.27	 	1196	47.37	 	919	36.4	 	119	4.71	 	68	2.69	 	5	0.2	 	186	7.37	 	2525	97.83	 	56	2.17	 	2581	2.55	 	1466	58.06	 	1059	41.94
Isabella Plains	                             	30	1.43	 	1111	53.08	 	631	30.15	 	53	2.53	 	108	5.16	 	6	0.29	 	154	7.36	 	2093	96.05	 	86	3.95	 	2179	2.16	 	1299	62.06	 	794	37.94
Kambah East	                                 	22	1.31	 	861	51.43	 	511	30.53	 	59	3.52	 	101	6.03	 	5	0.3	 	115	6.87	 	1674	96.93	 	53	3.07	 	1727	1.71	 	1032	61.65	 	642	38.35
Kambah North	                                	18	1.24	 	728	50.17	 	432	29.77	 	68	4.69	 	99	6.82	 	6	0.41	 	100	6.89	 	1451	96.93	 	46	3.07	 	1497	1.48	 	900	62.03	 	551	37.97
Kambah South	                                	15	1.05	 	796	55.9	 	407	28.58	 	56	3.93	 	50	3.51	 	11	0.77	 	89	6.25	 	1424	96.74	 	48	3.26	 	1472	1.46	 	940	66.01	 	484	33.99
Kambah West	                                 	73	2.37	 	1606	52.09	 	862	27.96	 	122	3.96	 	197	6.39	 	7	0.23	 	216	7.01	 	3083	96.89	 	99	3.11	 	3182	3.15	 	2011	65.23	 	1072	34.77
Lyons	                                       	24	1.92	 	651	52.04	 	293	23.42	 	82	6.55	 	83	6.63	 	2	0.16	 	116	9.27	 	1251	95.86	 	54	4.14	 	1305	1.29	 	861	68.82	 	390	31.18
Mawson	                                      	38	1.6	 	1158	48.61	 	859	36.06	 	68	2.85	 	116	4.87	 	6	0.25	 	137	5.75	 	2382	97.03	 	73	2.97	 	2455	2.43	 	1382	58.02	 	1000	41.98
Monash	                                      	49	2.02	 	1230	50.76	 	786	32.44	 	64	2.64	 	108	4.46	 	6	0.25	 	180	7.43	 	2423	96.69	 	83	3.31	 	2506	2.48	 	1481	61.12	 	942	38.88
Oaks Estate	                                 	1	0.68	 	83	56.08	 	33	22.3	 	4	2.7	 	19	12.84	 	0	0	 	8	5.41	 	148	95.48	 	7	4.52	 	155	0.15	 	101	68.24	 	47	31.76
Pearce	                                      	30	1.5	 	925	46.18	 	726	36.25	 	65	3.25	 	104	5.19	 	9	0.45	 	144	7.19	 	2003	97.23	 	57	2.77	 	2060	2.04	 	1150	57.41	 	853	42.59
Red Hill	                                    	24	1.6	 	603	40.31	 	635	42.45	 	75	5.01	 	54	3.61	 	3	0.2	 	102	6.82	 	1496	97.02	 	46	2.98	 	1542	1.53	 	763	51	 	733	49
Richardson	                                  	28	1.93	 	781	53.86	 	403	27.79	 	57	3.93	 	103	7.1	 	4	0.28	 	74	5.1	 	1450	96.03	 	60	3.97	 	1510	1.49	 	941	64.9	 	509	35.1
Rivett	                                      	34	1.87	 	923	50.63	 	517	28.36	 	61	3.35	 	125	6.86	 	5	0.27	 	158	8.67	 	1823	96.56	 	65	3.44	 	1888	1.87	 	1150	63.08	 	673	36.92
Tharwa	                                      	0	0	 	60	54.05	 	34	30.63	 	10	9.01	 	5	4.5	 	0	0	 	2	1.8	 	111	96.52	 	4	3.48	 	115	0.11	 	72	64.86	 	39	35.14
Theodore	                                    	22	1.65	 	719	54.02	 	382	28.7	 	47	3.53	 	68	5.11	 	0	0	 	93	6.99	 	1331	96.45	 	49	3.55	 	1380	1.37	 	857	64.39	 	474	35.61
Uriarra	                                     	1	4.76	 	15	71.43	 	3	14.29	 	1	4.76	 	1	4.76	 	0	0	 	0	0	 	21	100	 	0	0	 	21	0.02	 	18	85.71	 	3	14.29
Wanniassa	                                   	39	1.52	 	1389	54.3	 	722	28.23	 	76	2.97	 	143	5.59	 	5	0.2	 	184	7.19	 	2558	97.34	 	70	2.66	 	2628	2.6	 	1653	64.62	 	905	35.38
Wanniassa Hills	                             	32	1.35	 	1140	47.92	 	839	35.27	 	75	3.15	 	115	4.83	 	6	0.25	 	172	7.23	 	2379	97.38	 	64	2.62	 	2443	2.42	 	1379	57.97	 	1000	42.03
Waramanga	                                   	67	2.23	 	1514	50.48	 	885	29.51	 	127	4.23	 	150	5	 	10	0.33	 	246	8.2	 	2999	96.28	 	116	3.72	 	3115	3.08	 	1911	63.72	 	1088	36.28
Weston	                                      	14	0.84	 	826	49.37	 	503	30.07	 	85	5.08	 	89	5.32	 	5	0.3	 	151	9.03	 	1673	97.72	 	39	2.28	 	1712	1.69	 	1046	62.52	 	627	37.48
Yarralumla	                                  	13	0.85	 	729	47.74	 	528	34.58	 	77	5.04	 	57	3.73	 	10	0.65	 	113	7.4	 	1527	97.2	 	44	2.8	 	1571	1.55	 	904	59.2	 	623	40.8				
Special Hospitals	                           	19	2.87	 	182	27.53	 	390	59	 	13	1.97	 	17	2.57	 	2	0.3	 	38	5.75	 	661	95.52	 	31	4.48	 	692	0.68	 	229	34.64	 	432	65.36				
Total Ordinary	                              	1043	1.52	 	33731	49.3	 	22428	32.78	 	2463	3.6	 	3530	5.16	 	183	0.27	 	5043	7.37	 	68421	96.93	 	2168	3.07	 	70589	69.85	 	41224	60.25	 	27197	39.75				
ABSENT	                                      	76	4.01	 	891	47.04	 	548	28.93	 	133	7.02	 	80	4.22	 	15	0.79	 	151	7.97	 	1894	95.85	 	82	4.15	 	1976	1.96	 	1206	63.67	 	688	36.33				
POSTAL	                                      	28	0.59	 	1926	40.68	 	1953	41.25	 	167	3.53	 	285	6.02	 	14	0.3	 	361	7.63	 	4734	98.32	 	81	1.68	 	4815	4.76	 	2398	50.65	 	2336	49.35				
PRE_POLL	                                    	269	1.18	 	11246	49.44	 	7313	32.15	 	994	4.37	 	1198	5.27	 	67	0.29	 	1658	7.29	 	22745	97.81	 	510	2.19	 	23255	23.01	 	13869	60.98	 	8876	39.02				
PROVISIONAL	                                 	11	2.76	 	221	55.53	 	94	23.62	 	17	4.27	 	29	7.29	 	2	0.5	 	24	6.03	 	398	95.44	 	19	4.56	 	417	0.41	 	275	69.1	 	123	30.9				
Division Summary	                            	1427	1.45	 	48015	48.9	 	32336	32.93	 	3774	3.84	 	5122	5.22	 	281	0.29	 	7237	7.37	 	98192	97.17	 	2860	2.83	 	101052	95.91	 	58972	60.06	 	39220	39.94				


Fraser (104177)																																								

		# MCMULLAN			SPENCE			BULL			CLARKE			SMITH			MCALLISTER			SEATON			WOOD			FORMAL			INFORMAL			TOTAL								
		Bob		      	Chris		        	Sue		      	Joanne		         	Peter		        	Gordon		         	David		        	Jason		        			     			     			     	Two Candidate Preferred		    			    
		ALP			HAN			DSL			IND			LP			GRN			NLP			DEM					 			 			 	# MCMULLAN ALP			 SMITH LP		
Polling Places		Vote	%		Vote	%		Vote	%		Vote	%		Vote	%		Vote	%		Vote	%		Vote	%		Vote	%		Vote	%		Vote	%		Vote	%		Vote	%	
Ainslie	                                     	758	57.77	  	44	3.35	  	24	1.83	  	11	0.84	  	303	23.09	  	79	6.02	  	4	0.3	  	89	6.78	  	1312	95.21	  	66	4.79	  	1378	1.39	  	942	71.8	  	370	28.2	  
Ainslie North	                               	1357	58.64	  	89	3.85	  	31	1.34	  	22	0.95	  	488	21.09	  	167	7.22	  	5	0.22	  	155	6.7	  	2314	96.06	  	95	3.94	  	2409	2.42	  	1703	73.6	  	611	26.4	  
Aranda	                                      	1384	56.21	  	59	2.4	  	33	1.34	  	20	0.81	  	610	24.78	  	144	5.85	  	4	0.16	  	208	8.45	  	2462	97.7	  	58	2.3	  	2520	2.54	  	1714	69.62	  	748	30.38	  
Baker Gardens	                               	410	60.47	  	28	4.13	  	17	2.51	  	6	0.88	  	136	20.06	  	49	7.23	  	3	0.44	  	29	4.28	  	678	96.72	  	23	3.28	  	701	0.71	  	503	74.19	  	175	25.81	  
Barton	                                      	596	47	  	44	3.47	  	13	1.03	  	11	0.87	  	475	37.46	  	60	4.73	  	2	0.16	  	67	5.28	  	1268	97.69	  	30	2.31	  	1298	1.31	  	722	56.94	  	546	43.06	  
Belconnen	                                   	993	53.1	  	55	2.94	  	27	1.44	  	28	1.5	  	488	26.1	  	83	4.44	  	4	0.21	  	192	10.27	  	1870	97.04	  	57	2.96	  	1927	1.94	  	1227	65.61	  	643	34.39	  
Bruce	                                       	126	43.6	  	8	2.77	  	3	1.04	  	5	1.73	  	116	40.14	  	11	3.81	  	0	0	  	20	6.92	  	289	95.7	  	13	4.3	  	302	0.3	  	159	55.02	  	130	44.98	  
Campbell	                                    	747	38.85	  	88	4.58	  	14	0.73	  	23	1.2	  	833	43.32	  	75	3.9	  	6	0.31	  	137	7.12	  	1923	98.06	  	38	1.94	  	1961	1.97	  	937	48.73	  	986	51.27	  
Charnwood	                                   	1708	54.1	  	246	7.79	  	55	1.74	  	51	1.62	  	768	24.33	  	115	3.64	  	3	0.1	  	211	6.68	  	3157	96.63	  	110	3.37	  	3267	3.29	  	2149	68.07	  	1008	31.93	  
City	                                        	434	54.05	  	26	3.24	  	24	2.99	  	8	1	  	179	22.29	  	49	6.1	  	1	0.12	  	82	10.21	  	803	95.82	  	35	4.18	  	838	0.84	  	571	71.11	  	232	28.89	  
Dickson	                                     	647	55.92	  	41	3.54	  	22	1.9	  	13	1.12	  	264	22.82	  	73	6.31	  	1	0.09	  	96	8.3	  	1157	95.94	  	49	4.06	  	1206	1.21	  	819	70.79	  	338	29.21	  
Downer	                                      	776	60.34	  	67	5.21	  	12	0.93	  	11	0.86	  	298	23.17	  	69	5.37	  	1	0.08	  	52	4.04	  	1286	95.9	  	55	4.1	  	1341	1.35	  	923	71.77	  	363	28.23	  
Evatt	                                       	1372	52.61	  	169	6.48	  	21	0.81	  	44	1.69	  	710	27.22	  	70	2.68	  	11	0.42	  	211	8.09	  	2608	95.43	  	125	4.57	  	2733	2.75	  	1685	64.61	  	923	35.39	  
Evatt South	                                 	604	54.12	  	46	4.12	  	6	0.54	  	5	0.45	  	340	30.47	  	29	2.6	  	2	0.18	  	84	7.53	  	1116	97.72	  	26	2.28	  	1142	1.15	  	706	63.26	  	410	36.74	  
Florey	                                      	1057	54.15	  	96	4.92	  	19	0.97	  	18	0.92	  	563	28.84	  	57	2.92	  	7	0.36	  	135	6.92	  	1952	96.68	  	67	3.32	  	2019	2.03	  	1245	63.78	  	707	36.22	  
Flynn	                                       	909	52.76	  	97	5.63	  	29	1.68	  	12	0.7	  	492	28.55	  	69	4	  	6	0.35	  	109	6.33	  	1723	97.84	  	38	2.16	  	1761	1.77	  	1102	63.96	  	621	36.04	  
Giralang	                                    	988	53.58	  	92	4.99	  	17	0.92	  	27	1.46	  	534	28.96	  	55	2.98	  	4	0.22	  	127	6.89	  	1844	95.45	  	88	4.55	  	1932	1.94	  	1184	64.21	  	660	35.79	  
Griffith	                                    	759	53.87	  	44	3.12	  	8	0.57	  	7	0.5	  	455	32.29	  	53	3.76	  	2	0.14	  	81	5.75	  	1409	97.78	  	32	2.22	  	1441	1.45	  	879	62.38	  	530	37.62	  
Hall	                                        	127	45.52	  	17	6.09	  	5	1.79	  	1	0.36	  	91	32.62	  	12	4.3	  	1	0.36	  	25	8.96	  	279	98.59	  	4	1.41	  	283	0.28	  	163	58.42	  	116	41.58	  
Higgins	                                     	1087	54.57	  	116	5.82	  	13	0.65	  	34	1.71	  	518	26	  	59	2.96	  	7	0.35	  	158	7.93	  	1992	96.7	  	68	3.3	  	2060	2.07	  	1320	66.27	  	672	33.73	  
Holt	                                        	1105	54.03	  	126	6.16	  	26	1.27	  	24	1.17	  	516	25.23	  	82	4.01	  	2	0.1	  	164	8.02	  	2045	97.06	  	62	2.94	  	2107	2.12	  	1361	66.55	  	684	33.45	  
Jervis Bay	                                  	64	47.76	  	8	5.97	  	0	0	  	1	0.75	  	54	40.3	  	4	2.99	  	1	0.75	  	2	1.49	  	134	97.81	  	3	2.19	  	137	0.14	  	74	55.22	  	60	44.78	  
Kaleen	                                      	1301	53.98	  	147	6.1	  	27	1.12	  	23	0.95	  	673	27.93	  	75	3.11	  	4	0.17	  	160	6.64	  	2410	95.48	  	114	4.52	  	2524	2.54	  	1567	65.02	  	843	34.98	  
Kaleen South	                                	742	51.03	  	68	4.68	  	16	1.1	  	20	1.38	  	421	28.95	  	55	3.78	  	3	0.21	  	129	8.87	  	1454	96.61	  	51	3.39	  	1505	1.51	  	898	61.76	  	556	38.24	  
Latham	                                      	910	50.75	  	139	7.75	  	20	1.12	  	18	1	  	512	28.56	  	57	3.18	  	5	0.28	  	132	7.36	  	1793	97.5	  	46	2.5	  	1839	1.85	  	1122	62.58	  	671	37.42	  
Lyneham	                                     	1833	59.84	  	120	3.92	  	51	1.67	  	13	0.42	  	632	20.63	  	188	6.14	  	6	0.2	  	220	7.18	  	3063	94.95	  	163	5.05	  	3226	3.25	  	2271	74.14	  	792	25.86	  
Macgregor	                                   	818	54.64	  	91	6.08	  	20	1.34	  	18	1.2	  	370	24.72	  	57	3.81	  	4	0.27	  	119	7.95	  	1497	97.72	  	35	2.28	  	1532	1.54	  	1006	67.2	  	491	32.8	  
Macquarie	                                   	832	53.75	  	97	6.27	  	18	1.16	  	14	0.9	  	390	25.19	  	73	4.72	  	4	0.26	  	120	7.75	  	1548	97.42	  	41	2.58	  	1589	1.6	  	1034	66.8	  	514	33.2	  
Melba	                                       	770	51.71	  	71	4.77	  	12	0.81	  	15	1.01	  	445	29.89	  	55	3.69	  	4	0.27	  	117	7.86	  	1489	97.38	  	40	2.62	  	1529	1.54	  	927	62.26	  	562	37.74	  
Narrabundah	                                 	1042	59.85	  	86	4.94	  	24	1.38	  	21	1.21	  	391	22.46	  	84	4.82	  	1	0.06	  	92	5.28	  	1741	95.4	  	84	4.6	  	1825	1.84	  	1261	72.43	  	480	27.57	  
Ngunnawal	                                   	1144	50.49	  	99	4.37	  	24	1.06	  	15	0.66	  	709	31.29	  	67	2.96	  	6	0.26	  	202	8.91	  	2266	96.06	  	93	3.94	  	2359	2.37	  	1368	60.37	  	898	39.63	  
Nicholls	                                    	995	48.09	  	69	3.33	  	25	1.21	  	21	1.01	  	730	35.28	  	38	1.84	  	10	0.48	  	181	8.75	  	2069	97.27	  	58	2.73	  	2127	2.14	  	1187	57.37	  	882	42.63	  
Page	                                        	720	52.71	  	73	5.34	  	24	1.76	  	7	0.51	  	360	26.35	  	57	4.17	  	8	0.59	  	117	8.57	  	1366	97.85	  	30	2.15	  	1396	1.4	  	892	65.3	  	474	34.7	  
Palmerston	                                  	1525	52.17	  	132	4.52	  	37	1.27	  	25	0.86	  	932	31.89	  	72	2.46	  	7	0.24	  	193	6.6	  	2923	97.08	  	88	2.92	  	3011	3.03	  	1803	61.68	  	1120	38.32	  
Reid	                                        	338	55.87	  	13	2.15	  	8	1.32	  	5	0.83	  	161	26.61	  	29	4.79	  	3	0.5	  	48	7.93	  	605	97.11	  	18	2.89	  	623	0.63	  	409	67.6	  	196	32.4	  
Scullin	                                     	902	51.96	  	129	7.43	  	27	1.56	  	17	0.98	  	457	26.32	  	61	3.51	  	5	0.29	  	138	7.95	  	1736	96.23	  	68	3.77	  	1804	1.82	  	1141	65.73	  	595	34.27	  
Spence	                                      	743	52.62	  	90	6.37	  	10	0.71	  	17	1.2	  	389	27.55	  	49	3.47	  	3	0.21	  	111	7.86	  	1412	96.45	  	52	3.55	  	1464	1.47	  	909	64.38	  	503	35.62	  
Turner	                                      	965	59.72	  	49	3.03	  	41	2.54	  	15	0.93	  	262	16.21	  	163	10.09	  	6	0.37	  	115	7.12	  	1616	96.54	  	58	3.46	  	1674	1.68	  	1271	78.65	  	345	21.35	  
Watson	                                      	1252	55.97	  	132	5.9	  	28	1.25	  	20	0.89	  	540	24.14	  	117	5.23	  	5	0.22	  	143	6.39	  	2237	96.51	  	81	3.49	  	2318	2.33	  	1546	69.11	  	691	30.89	  
Weetangera	                                  	997	44.31	  	73	3.24	  	17	0.76	  	18	0.8	  	871	38.71	  	91	4.04	  	5	0.22	  	178	7.91	  	2250	98.3	  	39	1.7	  	2289	2.3	  	1228	54.58	  	1022	45.42	  
Wreck Bay	                                   	59	92.19	  	1	1.56	  	2	3.13	  	0	0	  	1	1.56	  	0	0	  	0	0	  	1	1.56	  	64	98.46	  	1	1.54	  	65	0.07	  	63	98.44	  	1	1.56	  
Special Hospitals	                           	252	49.9	  	7	1.39	  	4	0.79	  	5	0.99	  	220	43.56	  	6	1.19	  	0	0	  	11	2.18	  	505	95.64	  	23	4.36	  	528	0.53	  	273	54.06	  	232	45.94	  
Prison Mobiles	                              	0	0	  	0	0	  	0	0	  	0	0	  	0	0	  	0	0	  	0	0	  	0	0	  	0	0	  	0	0	  	0	0	  	0	0	  	0	0	  
Total Ordinary	                              	36148	53.42	  	3292	4.87	  	854	1.26	  	689	1.02	  	18697	27.63	  	2858	4.22	  	166	0.25	  	4961	7.33	  	67665	96.68	  	2325	3.32	  	69990	70.43	  	44264	65.42	  	23401	34.58	  
ABSENT	                                      	908	50.56	  	83	4.62	  	30	1.67	  	17	0.95	  	503	28.01	  	113	6.29	  	10	0.56	  	132	7.35	  	1796	97.08	  	54	2.92	  	1850	1.86	  	1159	64.53	  	637	35.47	  
POSTAL	                                      	2172	41.91	  	366	7.06	  	57	1.1	  	72	1.39	  	1890	36.47	  	220	4.24	  	11	0.21	  	395	7.62	  	5183	98.91	  	57	1.09	  	5240	5.27	  	2824	54.49	  	2359	45.51	  
PRE_POLL	                                    	11080	51.83	  	1014	4.74	  	262	1.23	  	273	1.28	  	5911	27.65	  	1140	5.33	  	66	0.31	  	1630	7.63	  	21376	98.08	  	418	1.92	  	21794	21.93	  	13980	65.4	  	7396	34.6	  
PROVISIONAL	                                 	265	56.26	  	18	3.82	  	11	2.34	  	6	1.27	  	87	18.47	  	40	8.49	  	5	1.06	  	39	8.28	  	471	94.2	  	29	5.8	  	500	0.5	  	353	74.95	  	118	25.05	  
Division Summary	                            	50573	52.41	  	4773	4.95	  	1214	1.26	  	1057	1.1	  	27088	28.07	  	4371	4.53	  	258	0.27	  	7157	7.42	  	96491	97.1	  	2883	2.9	  	99374	95.39	  	62580	64.86	  	33911	35.14	  
