House of Representatives - 2001 Election: Queensland																																													
First Preference Votes and TCP																																													
By Candidate by Polling Place																																													
Wide Bay (81391)																																													
		WICKS			HETHERINGTON			# TRUSS			DWYER			JANSEN			PITT			TREMLIN			SMITH			DALGLEISH			FORMAL			INFORMAL			TOTAL										
		Graeme			Maurice			Warren			Jim			Paul			A R			Russ			Althea			David												Two Candidate Preferred							
		IND			CEC			NP			HAN			GRN			IND			ALP			DEM			IND												# TRUSS NP			 TREMLIN ALP				
	Polling Places	Vote	%		Vote	%		Vote	%		Vote	%		Vote	%		Vote	%		Vote	%		Vote	%		Vote	%		Vote	%		Vote	%		Vote	%		Vote	%		Vote	%			
	Baddow	85	4.19		4	0.20		879	43.34		204	10.06		42	2.07		137	6.76		603	29.73		30	1.48		44	2.17		2028	95.08		105	4.92		2133	2.75		1155	56.95		873	43.05			
	Banana	3	1.84		9	5.52		93	57.06		36	22.09		0	0.00		4	2.45		15	9.20		0	0.00		3	1.84		163	95.32		8	4.68		171	0.22		124	76.07		39	23.93			
	Bancroft	3	3.06		0	0.00		61	62.24		25	25.51		0	0.00		2	2.04		5	5.10		0	0.00		2	2.04		98	95.15		5	4.85		103	0.13		77	78.57		21	21.43			
	Baralaba	7	2.54		33	11.96		151	54.71		31	11.23		0	0.00		2	0.72		44	15.94		2	0.72		6	2.17		276	97.18		8	2.82		284	0.37		208	75.36		68	24.64			
	Bauple	9	2.85		0	0.00		127	40.19		45	14.24		11	3.48		16	5.06		96	30.38		5	1.58		7	2.22		316	94.61		18	5.39		334	0.43		162	51.27		154	48.73			
	Bell Hilltop	65	4.38		3	0.20		652	43.91		104	7.00		20	1.35		111	7.47		476	32.05		28	1.89		26	1.75		1485	94.83		81	5.17		1566	2.02		833	56.09		652	43.91			
	Biggenden	55	7.43		11	1.49		379	51.22		99	13.38		8	1.08		33	4.46		131	17.70		5	0.68		19	2.57		740	94.03		47	5.97		787	1.01		509	68.78		231	31.22			
	Biloela	76	2.42		70	2.23		1427	45.36		348	11.06		66	2.10		38	1.21		990	31.47		67	2.13		64	2.03		3146	92.72		247	7.28		3393	4.37		1833	58.26		1313	41.74			
	Binjour	10	9.90		1	0.99		64	63.37		17	16.83		0	0.00		2	1.98		4	3.96		1	0.99		2	1.98		101	96.19		4	3.81		105	0.14		87	86.14		14	13.86
	Boondooma	18	12.68		0	0.00		94	66.20		15	10.56		1	0.70		3	2.11		9	6.34		2	1.41		0	0.00		142	96.60		5	3.40		147	0.19		121	85.21		21	14.79
	Boonooroo	9	2.54		1	0.28		148	41.69		43	12.11		4	1.13		17	4.79		123	34.65		2	0.56		8	2.25		355	93.92		23	6.08		378	0.49		190	53.52		165	46.48
	Booral	17	3.27		2	0.38		195	37.50		67	12.88		7	1.35		9	1.73		156	30.00		8	1.54		59	11.35		520	92.36		43	7.64		563	0.72		292	56.15		228	43.85
	Brisbane City (Wide Bay)	2	2.35		0	0.00		43	50.59		2	2.35		4	4.71		3	3.53		20	23.53		7	8.24		4	4.71		85	95.51		4	4.49		89	0.11		56	65.88		29	34.12
	Brooweena	11	6.47		0	0.00		78	45.88		14	8.24		3	1.76		21	12.35		40	23.53		2	1.18		1	0.59		170	92.39		14	7.61		184	0.24		103	60.59		67	39.41
	Bullyard	10	7.19		0	0.00		62	44.60		20	14.39		5	3.60		4	2.88		27	19.42		3	2.16		8	5.76		139	93.92		9	6.08		148	0.19		89	64.03		50	35.97
	Burrum Heads	15	2.62		1	0.17		252	44.06		61	10.66		6	1.05		33	5.77		159	27.80		5	0.87		40	6.99		572	95.65		26	4.35		598	0.77		346	60.49		226	39.51
	Cherbourg	16	4.68		5	1.46		83	24.27		5	1.46		2	0.58		4	1.17		223	65.20		2	0.58		2	0.58		342	91.69		31	8.31		373	0.48		107	31.29		235	68.71
	Cloyna	25	13.97		1	0.56		89	49.72		48	26.82		2	1.12		0	0.00		12	6.70		1	0.56		1	0.56		179	97.81		4	2.19		183	0.24		142	79.33		37	20.67
	Coalstoun Lakes	8	8.08		0	0.00		72	72.73		8	8.08		0	0.00		4	4.04		4	4.04		1	1.01		2	2.02		99	96.12		4	3.88		103	0.13		90	90.91		9	9.09
	Curra	26	5.25		1	0.20		164	33.13		88	17.78		17	3.43		32	6.46		147	29.70		10	2.02		10	2.02		495	92.87		38	7.13		533	0.69		259	52.32		236	47.68
	Dululu	3	2.48		4	3.31		78	64.46		17	14.05		2	1.65		2	1.65		12	9.92		1	0.83		2	1.65		121	99.18		1	0.82		122	0.16		95	78.51		26	21.49
	Dundowran	27	2.96		0	0.00		462	50.71		69	7.57		13	1.43		18	1.98		242	26.56		12	1.32		68	7.46		911	93.92		59	6.08		970	1.25		588	64.54		323	35.46
	Eidsvold	17	4.45		1	0.26		188	49.21		61	15.97		5	1.31		11	2.88		88	23.04		6	1.57		5	1.31		382	92.49		31	7.51		413	0.53		258	67.54		124	32.46
	Gayndah	62	4.92		10	0.79		649	51.51		171	13.57		22	1.75		42	3.33		251	19.92		15	1.19		38	3.02		1260	92.44		103	7.56		1363	1.75		848	67.30		412	32.70
	Gin Gin	55	3.93		4	0.29		583	41.64		216	15.43		37	2.64		52	3.71		358	25.57		28	2.00		67	4.79		1400	94.92		75	5.08		1475	1.90		836	59.71		564	40.29
	Glenwood	15	4.34		3	0.87		123	35.55		71	20.52		15	4.34		16	4.62		87	25.14		12	3.47		4	1.16		346	96.38		13	3.62		359	0.46		179	51.73		167	48.27
	Goomeri	47	11.33		1	0.24		219	52.77		73	17.59		5	1.20		11	2.65		45	10.84		7	1.69		7	1.69		415	93.89		27	6.11		442	0.57		322	77.59		93	22.41
	Goovigen	1	0.66		13	8.55		85	55.92		29	19.08		0	0.00		1	0.66		22	14.47		0	0.00		1	0.66		152	96.20		6	3.80		158	0.20		109	71.71		43	28.29
	Granville	70	3.92		7	0.39		670	37.54		198	11.09		34	1.90		130	7.28		603	33.78		22	1.23		51	2.86		1785	95.56		83	4.44		1868	2.40		925	51.82		860	48.18
	Gunalda	23	5.99		2	0.52		150	39.06		67	17.45		7	1.82		27	7.03		87	22.66		7	1.82		14	3.65		384	95.29		19	4.71		403	0.52		225	58.59		159	41.41
	Gundiah	9	6.38		0	0.00		86	60.99		15	10.64		0	0.00		8	5.67		12	8.51		3	2.13		8	5.67		141	94.00		9	6.00		150	0.19		113	80.14		28	19.86
	Howard	39	3.84		9	0.89		284	27.98		189	18.62		6	0.59		60	5.91		361	35.57		13	1.28		54	5.32		1015	92.61		81	7.39		1096	1.41		478	47.09		537	52.91
	Jambin	11	5.19		12	5.66		127	59.91		33	15.57		3	1.42		2	0.94		23	10.85		0	0.00		1	0.47		212	95.07		11	4.93		223	0.29		167	78.77		45	21.23
	Kawungan	73	3.64		5	0.25		909	45.34		117	5.84		27	1.35		41	2.04		600	29.93		48	2.39		185	9.23		2005	92.61		160	7.39		2165	2.79		1207	60.20		798	39.80
	Kilkivan	36	7.96		0	0.00		222	49.12		65	14.38		4	0.88		13	2.88		89	19.69		6	1.33		17	3.76		452	96.38		17	3.62		469	0.60		290	64.16		162	35.84
	Lawgi	3	2.78		1	0.93		75	69.44		25	23.15		0	0.00		1	0.93		1	0.93		1	0.93		1	0.93		108	97.30		3	2.70		111	0.14		92	85.19		16	14.81
	Maryborough	163	4.47		7	0.19		1475	40.43		339	9.29		119	3.26		270	7.40		1116	30.59		65	1.78		94	2.58		3648	93.35		260	6.65		3908	5.03		2020	55.37		1628	44.63
	Maryborough West	126	5.30		3	0.13		922	38.77		214	9.00		65	2.73		143	6.01		820	34.48		30	1.26		55	2.31		2378	92.96		180	7.04		2558	3.29		1255	52.78		1123	47.22
	Mondure	22	14.29		0	0.00		80	51.95		37	24.03		1	0.65		2	1.30		9	5.84		0	0.00		3	1.95		154	95.65		7	4.35		161	0.21		124	80.52		30	19.48
	Monto	33	3.49		6	0.63		537	56.83		146	15.45		11	1.16		19	2.01		140	14.81		8	0.85		45	4.76		945	92.83		73	7.17		1018	1.31		683	72.28		262	27.72
	Moonford Hall	6	5.77		3	2.88		59	56.73		16	15.38		2	1.92		1	0.96		14	13.46		1	0.96		2	1.92		104	98.11		2	1.89		106	0.14		83	79.81		21	20.19
	Mount Perry	16	7.14		2	0.89		120	53.57		20	8.93		2	0.89		13	5.80		45	20.09		3	1.34		3	1.34		224	94.92		12	5.08		236	0.30		150	66.96		74	33.04
	Moura	34	3.28		35	3.37		334	32.18		113	10.89		17	1.64		27	2.60		447	43.06		11	1.06		20	1.93		1038	94.54		60	5.46		1098	1.41		463	44.61		575	55.39
	Mulgildie	14	5.86		2	0.84		156	65.27		29	12.13		4	1.67		2	0.84		23	9.62		0	0.00		9	3.77		239	94.84		13	5.16		252	0.32		196	82.01		43	17.99
	Mundubbera	53	5.27		1	0.10		572	56.86		126	12.52		17	1.69		21	2.09		181	17.99		14	1.39		21	2.09		1006	96.45		37	3.55		1043	1.34		707	70.28		299	29.72
	Mungar	27	7.03		0	0.00		158	41.15		56	14.58		10	2.60		21	5.47		89	23.18		3	0.78		20	5.21		384	94.12		24	5.88		408	0.53		236	61.46		148	38.54
	Murgon	154	9.83		5	0.32		793	50.64		238	15.20		23	1.47		49	3.13		253	16.16		15	0.96		36	2.30		1566	95.20		79	4.80		1645	2.12		1115	71.20		451	28.80
	Pialba	96	3.25		6	0.20		1287	43.61		246	8.34		67	2.27		51	1.73		873	29.58		59	2.00		266	9.01		2951	93.15		217	6.85		3168	4.08		1725	58.45		1226	41.55
	Point Vernon	88	4.06		3	0.14		1030	47.47		150	6.91		30	1.38		36	1.66		645	29.72		36	1.66		152	7.00		2170	93.94		140	6.06		2310	2.97		1307	60.23		863	39.77
	Proston	52	12.71		1	0.24		189	46.21		71	17.36		4	0.98		16	3.91		47	11.49		9	2.20		20	4.89		409	93.38		29	6.62		438	0.56		295	72.13		114	27.87
	Rainbow Beach	18	3.90		0	0.00		245	53.03		52	11.26		13	2.81		8	1.73		111	24.03		4	0.87		11	2.38		462	93.33		33	6.67		495	0.64		294	63.64		168	36.36
	St Helens	52	7.41		1	0.14		288	41.03		82	11.68		11	1.57		62	8.83		173	24.64		11	1.57		22	3.13		702	94.99		37	5.01		739	0.95		428	60.97		274	39.03
	Scarness	48	3.64		3	0.23		586	44.50		93	7.06		22	1.67		35	2.66		399	30.30		14	1.06		117	8.88		1317	93.80		87	6.20		1404	1.81		764	58.01		553	41.99
	Tansey	16	13.01		0	0.00		70	56.91		21	17.07		1	0.81		2	1.63		9	7.32		3	2.44		1	0.81		123	96.85		4	3.15		127	0.16		100	81.30		23	18.70
	Thangool	14	3.58		6	1.53		214	54.73		58	14.83		3	0.77		7	1.79		79	20.20		4	1.02		6	1.53		391	94.67		22	5.33		413	0.53		263	67.26		128	32.74
	Theodore	21	4.28		21	4.28		279	56.82		65	13.24		3	0.61		4	0.81		84	17.11		3	0.61		11	2.24		491	92.99		37	7.01		528	0.68		359	73.12		132	26.88
	Tiaro	26	5.92		1	0.23		223	50.80		33	7.52		8	1.82		30	6.83		93	21.18		5	1.14		20	4.56		439	92.23		37	7.77		476	0.61		299	68.11		140	31.89			
	Tinana	100	5.09		4	0.20		913	46.46		195	9.92		33	1.68		147	7.48		501	25.50		19	0.97		53	2.70		1965	95.25		98	4.75		2063	2.66		1203	61.22		762	38.78			
	Tin Can Bay	92	5.68		3	0.19		669	41.27		220	13.57		25	1.54		38	2.34		516	31.83		20	1.23		38	2.34		1621	93.97		104	6.03		1725	2.22		874	53.92		747	46.08			
	Toogoom	22	3.86		0	0.00		244	42.81		60	10.53		17	2.98		8	1.40		166	29.12		17	2.98		36	6.32		570	93.14		42	6.86		612	0.79		318	55.79		252	44.21			
	Torbanlea	13	3.22		1	0.25		142	35.15		52	12.87		9	2.23		22	5.45		126	31.19		12	2.97		27	6.68		404	93.95		26	6.05		430	0.55		204	50.50		200	49.50			
	Torquay	114	3.55		9	0.28		1391	43.37		252	7.86		58	1.81		74	2.31		1023	31.90		59	1.84		227	7.08		3207	94.24		196	5.76		3403	4.38		1817	56.66		1390	43.34			
	Urangan	123	3.39		6	0.17		1454	40.04		322	8.87		58	1.60		81	2.23		1270	34.98		58	1.60		259	7.13		3631	93.29		261	6.71		3892	5.01		1914	52.71		1717	47.29			
	Urraween	48	2.88		2	0.12		877	52.70		137	8.23		21	1.26		40	2.40		393	23.62		19	1.14		127	7.63		1664	94.01		106	5.99		1770	2.28		1089	65.44		575	34.56			
	Wallaville	18	5.98		0	0.00		156	51.83		32	10.63		8	2.66		10	3.32		63	20.93		4	1.33		10	3.32		301	95.86		13	4.14		314	0.40		204	67.77		97	32.23			
	Widgee	27	8.60		3	0.96		134	42.68		62	19.75		7	2.23		10	3.18		61	19.43		5	1.59		5	1.59		314	93.73		21	6.27		335	0.43		210	66.88		104	33.12			
	Wondai	226	16.82		9	0.67		537	39.96		261	19.42		18	1.34		38	2.83		191	14.21		15	1.12		49	3.65		1344	94.92		72	5.08		1416	1.82		921	68.53		423	31.47			
	Wonga Lower	17	7.30		2	0.86		90	38.63		61	26.18		7	3.00		8	3.43		36	15.45		5	2.15		7	3.00		233	96.28		9	3.72		242	0.31		142	60.94		91	39.06			
	Woolooga	6	5.61		0	0.00		56	52.34		26	24.30		1	0.93		3	2.80		14	13.08		0	0.00		1	0.93		107	95.54		5	4.46		112	0.14		76	71.03		31	28.97			
	Wowan	16	6.81		12	5.11		131	55.74		40	17.02		4	1.70		1	0.43		26	11.06		1	0.43		4	1.70		235	93.25		17	6.75		252	0.32		188	80.00		47	20.00			
	Special Hospitals	14	4.03		3	0.86		178	51.30		12	3.46		6	1.73		7	2.02		113	32.56		1	0.29		13	3.75		347	93.78		23	6.22		370	0.48		219	63.11		128	36.89			
	Total Ordinary	2876	4.82		374	0.63		26612	44.63		6633	11.12		1083	1.82		2216	3.72		16314	27.36		895	1.50		2621	4.40		59624	94.00		3805	6.00		63429	81.65		35760	59.98		23864	40.02			
	ABSENT	206	4.49		53	1.16		1945	42.43		555	12.11		164	3.58		114	2.49		1211	26.42		152	3.32		184	4.01		4584	94.63		260	5.37		4844	6.24		2777	60.58		1807	39.42			
	POSTAL	173	3.18		44	0.81		2876	52.83		601	11.04		49	0.90		199	3.66		1264	23.22		87	1.60		151	2.77		5444	97.63		132	2.37		5576	7.18		3681	67.62		1763	32.38			
	PRE_POLL	110	3.34		13	0.39		1555	47.15		327	9.92		75	2.27		106	3.21		820	24.86		84	2.55		208	6.31		3298	97.11		98	2.89		3396	4.37		2101	63.71		1197	36.29			
	PROVISIONAL	15	3.67		5	1.22		136	33.25		60	14.67		14	3.42		15	3.67		124	30.32		12	2.93		28	6.85		409	92.33		34	7.67		443	0.57		229	55.99		180	44.01			
	Division Summary	3380	4.61		489	0.67		33124	45.15		8176	11.15		1385	1.89		2650	3.61		19733	26.90		1230	1.68		3192	4.35		73359	94.43		4329	5.57		77688	95.45		44548	60.73		28811	39.27			
																																													
																																													
																																													
																																													
																																													
