House of Representatives - 2001 Election: Queensland																																													
First Preference Votes and TCP 																																													
By Candidate by Polling Place																																													
Capricornia (81499)																																													
		GILLHAM			CLARKE			LEVER			SCHUBACK			MURPHY			JOHNS			TAYLOR			MUIR			# LIVERMORE			FORMAL			INFORMAL			TOTAL										
		Ray			Herb			John			Peter			John Joseph			Naomi			Lea			Bob			Kirsten												Two Candidate Preferred							
		CEC			HAN			NP			IND			IND			DEM			LP			GRN			ALP												 LEVER NP			# LIVERMORE ALP				
	Polling Places	Vote	%		Vote	%		Vote	%		Vote	%		Vote	%		Vote	%		Vote	%		Vote	%		Vote	%		Vote	%		Vote	%		Vote	%		Vote	%		Vote	%			
	Allenstown	14	0.63		146	6.57		468	21.07		12	0.54		4	0.18		42	1.89		382	17.20		26	1.17		1127	50.74		2221	96.44		82	3.56		2303	2.96		937	42.19		1284	57.81			
	Alpha	3	0.92		46	14.11		125	38.34		4	1.23		5	1.53		2	0.61		42	12.88		2	0.61		97	29.75		326	95.04		17	4.96		343	0.44		206	63.19		120	36.81			
	Alton Downs	2	0.42		46	9.66		163	34.24		3	0.63		0	0.00		7	1.47		83	17.44		1	0.21		171	35.92		476	95.39		23	4.61		499	0.64		276	57.98		200	42.02			
	Applegarth	0	0.00		11	6.47		37	21.76		1	0.59		0	0.00		0	0.00		27	15.88		2	1.18		92	54.12		170	96.05		7	3.95		177	0.23		66	38.82		104	61.18			
	Aramac	5	2.03		34	13.82		62	25.20		1	0.41		0	0.00		1	0.41		41	16.67		4	1.63		98	39.84		246	93.54		17	6.46		263	0.34		128	52.03		118	47.97			
	Archer Park	3	0.45		66	9.92		116	17.44		3	0.45		6	0.90		7	1.05		97	14.59		5	0.75		362	54.44		665	96.52		24	3.48		689	0.89		252	37.89		413	62.11			
	Barcaldine	4	0.50		54	6.74		130	16.23		3	0.37		5	0.62		7	0.87		117	14.61		10	1.25		471	58.80		801	97.09		24	2.91		825	1.06		279	34.83		522	65.17			
	Berserker	10	0.45		153	6.89		306	13.79		25	1.13		10	0.45		34	1.53		319	14.38		34	1.53		1328	59.85		2219	95.89		95	4.11		2314	2.97		711	32.04		1508	67.96			
	Bouldercombe	5	1.07		60	12.82		98	20.94		15	3.21		6	1.28		7	1.50		69	14.74		7	1.50		201	42.95		468	94.93		25	5.07		493	0.63		213	45.51		255	54.49
	Brisbane City (Capricornia)	0	0.00		4	3.33		22	18.33		2	1.67		0	0.00		5	4.17		42	35.00		2	1.67		43	35.83		120	96.77		4	3.23		124	0.16		65	54.17		55	45.83
	Burnett Street	1	0.17		36	5.94		123	20.30		5	0.83		4	0.66		8	1.32		69	11.39		2	0.33		358	59.08		606	94.69		34	5.31		640	0.82		218	35.97		388	64.03
	Capella	2	0.34		62	10.54		229	38.95		7	1.19		0	0.00		8	1.36		132	22.45		3	0.51		145	24.66		588	96.87		19	3.13		607	0.78		402	68.37		186	31.63
	Cawarral	3	0.47		76	11.88		175	27.34		3	0.47		4	0.63		6	0.94		89	13.91		16	2.50		268	41.88		640	94.53		37	5.47		677	0.87		310	48.44		330	51.56
	Clermont	10	0.75		119	8.97		312	23.53		10	0.75		8	0.60		13	0.98		276	20.81		8	0.60		570	42.99		1326	97.14		39	2.86		1365	1.75		666	50.23		660	49.77
	Collinsville	19	1.75		64	5.90		51	4.70		4	0.37		6	0.55		23	2.12		155	14.30		2	0.18		760	70.11		1084	96.27		42	3.73		1126	1.45		253	23.34		831	76.66
	Coppabella	3	2.40		5	4.00		23	18.40		0	0.00		2	1.60		2	1.60		10	8.00		0	0.00		80	64.00		125	98.43		2	1.57		127	0.16		36	28.80		89	71.20
	Crescent Lagoon	5	0.45		74	6.60		185	16.50		3	0.27		2	0.18		31	2.77		181	16.15		13	1.16		627	55.93		1121	96.64		39	3.36		1160	1.49		395	35.24		726	64.76
	Depot Hill	5	0.90		63	11.37		50	9.03		2	0.36		2	0.36		5	0.90		47	8.48		6	1.08		374	67.51		554	94.06		35	5.94		589	0.76		132	23.83		422	76.17
	Dysart	12	1.13		77	7.28		116	10.96		4	0.38		4	0.38		15	1.42		92	8.70		4	0.38		734	69.38		1058	97.78		24	2.22		1082	1.39		266	25.14		792	74.86
	Emmaus College	3	0.31		46	4.68		215	21.87		4	0.41		3	0.31		14	1.42		158	16.07		5	0.51		535	54.43		983	95.72		44	4.28		1027	1.32		405	41.20		578	58.80
	Emu Park	14	0.69		155	7.68		395	19.57		9	0.45		11	0.55		32	1.59		327	16.20		43	2.13		1032	51.14		2018	96.51		73	3.49		2091	2.69		812	40.24		1206	59.76
	Farnborough	3	0.29		93	9.03		257	24.95		9	0.87		1	0.10		17	1.65		181	17.57		62	6.02		407	39.51		1030	94.84		56	5.16		1086	1.40		497	48.25		533	51.75
	Frenchville	2	0.12		81	4.70		441	25.61		7	0.41		11	0.64		25	1.45		415	24.10		19	1.10		721	41.87		1722	96.20		68	3.80		1790	2.30		892	51.80		830	48.20
	Glenden	30	8.43		20	5.62		48	13.48		5	1.40		3	0.84		4	1.12		59	16.57		3	0.84		184	51.69		356	99.72		1	0.28		357	0.46		127	35.67		229	64.33
	Glenmore	12	0.37		204	6.28		601	18.50		14	0.43		11	0.34		63	1.94		588	18.10		48	1.48		1707	52.56		3248	96.87		105	3.13		3353	4.31		1311	40.36		1937	59.64
	Gracemere	11	0.43		264	10.28		567	22.08		26	1.01		15	0.58		37	1.44		443	17.25		14	0.55		1191	46.38		2568	95.68		116	4.32		2684	3.45		1154	44.94		1414	55.06
	Ilfracombe	0	0.00		11	9.57		46	40.00		0	0.00		0	0.00		2	1.74		27	23.48		0	0.00		29	25.22		115	96.64		4	3.36		119	0.15		78	67.83		37	32.17
	Jericho	0	0.00		17	15.45		37	33.64		1	0.91		0	0.00		0	0.00		22	20.00		0	0.00		33	30.00		110	90.91		11	9.09		121	0.16		72	65.45		38	34.55
	Keppel Sands	5	1.63		40	13.03		79	25.73		1	0.33		0	0.00		2	0.65		26	8.47		5	1.63		149	48.53		307	95.05		16	4.95		323	0.42		130	42.35		177	57.65
	Kilcummin	0	0.00		7	9.86		42	59.15		1	1.41		0	0.00		1	1.41		14	19.72		0	0.00		6	8.45		71	95.95		3	4.05		74	0.10		61	85.92		10	14.08
	Koongal	2	0.29		43	6.16		97	13.90		2	0.29		3	0.43		11	1.58		108	15.47		15	2.15		417	59.74		698	94.58		40	5.42		738	0.95		227	32.52		471	67.48
	Lakes Creek	3	0.35		81	9.53		173	20.35		7	0.82		2	0.24		9	1.06		100	11.76		17	2.00		458	53.88		850	94.97		45	5.03		895	1.15		322	37.88		528	62.12
	Longreach	27	1.54		128	7.31		480	27.41		12	0.69		8	0.46		17	0.97		368	21.02		10	0.57		701	40.03		1751	93.09		130	6.91		1881	2.42		918	52.43		833	47.57
	Marlborough	0	0.00		11	7.64		66	45.83		2	1.39		0	0.00		0	0.00		31	21.53		3	2.08		31	21.53		144	95.36		7	4.64		151	0.19		102	70.83		42	29.17
	Middlemount	2	0.26		47	6.16		88	11.53		4	0.52		1	0.13		11	1.44		73	9.57		9	1.18		528	69.20		763	96.58		27	3.42		790	1.02		182	23.85		581	76.15
	Moranbah	8	0.64		74	5.92		62	4.96		5	0.40		1	0.08		28	2.24		136	10.89		12	0.96		923	73.90		1249	95.93		53	4.07		1302	1.67		247	19.78		1002	80.22
	Moranbah West	8	0.55		96	6.60		156	10.72		7	0.48		10	0.69		22	1.51		230	15.81		17	1.17		909	62.47		1455	97.26		41	2.74		1496	1.92		445	30.58		1010	69.42
	Mount Archer	6	0.29		123	5.87		423	20.19		18	0.86		8	0.38		30	1.43		357	17.04		21	1.00		1109	52.94		2095	96.63		73	3.37		2168	2.79		842	40.19		1253	59.81
	Muttaburra	0	0.00		7	8.75		30	37.50		0	0.00		0	0.00		0	0.00		7	8.75		0	0.00		36	45.00		80	97.56		2	2.44		82	0.11		40	50.00		40	50.00
	Nebo	13	5.46		18	7.56		88	36.97		2	0.84		2	0.84		4	1.68		33	13.87		0	0.00		78	32.77		238	96.36		9	3.64		247	0.32		145	60.92		93	39.08
	Norman Road	5	0.26		92	4.75		425	21.95		8	0.41		11	0.57		39	2.01		360	18.60		24	1.24		972	50.21		1936	97.04		59	2.96		1995	2.56		837	43.23		1099	56.77
	North Rockhampton	7	0.21		178	5.31		684	20.41		16	0.48		21	0.63		72	2.15		616	18.38		33	0.98		1724	51.45		3351	94.79		184	5.21		3535	4.54		1369	40.85		1982	59.15
	Park Avenue	15	0.61		188	7.67		396	16.16		15	0.61		8	0.33		49	2.00		353	14.40		28	1.14		1399	57.08		2451	96.16		98	3.84		2549	3.28		873	35.62		1578	64.38
	Parkhurst	1	0.06		114	7.05		452	27.95		9	0.56		6	0.37		22	1.36		332	20.53		13	0.80		668	41.31		1617	95.79		71	4.21		1688	2.17		842	52.07		775	47.93
	Port Curtis	2	0.90		31	14.03		39	17.65		1	0.45		1	0.45		1	0.45		28	12.67		4	1.81		114	51.58		221	96.09		9	3.91		230	0.30		85	38.46		136	61.54
	Ridgelands	1	0.59		27	15.98		72	42.60		1	0.59		2	1.18		0	0.00		39	23.08		2	1.18		25	14.79		169	95.48		8	4.52		177	0.23		130	76.92		39	23.08
	Rockhampton	3	0.46		32	4.94		105	16.20		2	0.31		3	0.46		27	4.17		109	16.82		9	1.39		358	55.25		648	95.15		33	4.85		681	0.88		218	33.64		430	66.36
	Rockhampton Central	0	0.00		21	9.33		42	18.67		2	0.89		2	0.89		2	0.89		32	14.22		3	1.33		121	53.78		225	96.15		9	3.85		234	0.30		90	40.00		135	60.00
	Rockhampton High School	5	0.26		121	6.37		340	17.89		17	0.89		6	0.32		33	1.74		322	16.95		33	1.74		1023	53.84		1900	95.86		82	4.14		1982	2.55		725	38.16		1175	61.84
	Rockhampton South	5	0.32		57	3.67		509	32.78		3	0.19		0	0.00		22	1.42		314	20.22		23	1.48		620	39.92		1553	96.28		60	3.72		1613	2.07		848	54.60		705	45.40
	St Brendan's College	4	0.47		62	7.29		227	26.67		6	0.71		1	0.12		21	2.47		137	16.10		24	2.82		369	43.36		851	97.15		25	2.85		876	1.13		418	49.12		433	50.88
	St Lawrence	3	2.31		21	16.15		34	26.15		2	1.54		3	2.31		1	0.77		22	16.92		0	0.00		44	33.85		130	97.74		3	2.26		133	0.17		74	56.92		56	43.08
	Stanwell	2	0.84		38	16.03		57	24.05		4	1.69		1	0.42		4	1.69		45	18.99		2	0.84		84	35.44		237	95.56		11	4.44		248	0.32		131	55.27		106	44.73
	Taranganba	11	0.52		114	5.39		529	25.02		11	0.52		9	0.43		41	1.94		440	20.81		48	2.27		911	43.09		2114	97.15		62	2.85		2176	2.80		1033	48.86		1081	51.14
	The Caves	2	0.30		83	12.50		242	36.45		4	0.60		4	0.60		9	1.36		104	15.66		7	1.05		209	31.48		664	94.45		39	5.55		703	0.90		414	62.35		250	37.65
	Tieri	1	0.17		16	2.73		74	12.63		3	0.51		5	0.85		11	1.88		50	8.53		5	0.85		421	71.84		586	97.18		17	2.82		603	0.78		134	22.87		452	77.13
	Wandal	4	0.48		45	5.39		232	27.78		3	0.36		4	0.48		24	2.87		137	16.41		7	0.84		379	45.39		835	95.98		35	4.02		870	1.12		408	48.86		427	51.14			
	Westwood	0	0.00		15	14.85		40	39.60		0	0.00		1	0.99		1	0.99		9	8.91		0	0.00		35	34.65		101	95.28		5	4.72		106	0.14		58	57.43		43	42.57			
	Winton	11	1.79		64	10.39		174	28.25		8	1.30		1	0.16		7	1.14		122	19.81		3	0.49		226	36.69		616	93.90		40	6.10		656	0.84		336	54.55		280	45.45			
	Yaamba	0	0.00		21	14.89		53	37.59		1	0.71		1	0.71		1	0.71		37	26.24		1	0.71		26	18.44		141	90.38		15	9.62		156	0.20		105	74.47		36	25.53			
	Yeppoon	21	0.61		252	7.27		745	21.48		26	0.75		16	0.46		107	3.09		674	19.43		101	2.91		1526	44.00		3468	94.78		191	5.22		3659	4.70		1619	46.68		1849	53.32			
	Special Hospitals	20	3.76		16	3.01		118	22.18		7	1.32		2	0.38		5	0.94		128	24.06		2	0.38		234	43.98		532	90.32		57	9.68		589	0.76		253	47.56		279	52.44			
	Total Ordinary	378	0.62		4370	7.16		12771	20.93		392	0.64		266	0.44		1051	1.72		10383	17.02		822	1.35		30578	50.12		61011	95.87		2626	4.13		63637	81.80		25820	42.32		35191	57.68			
	ABSENT	54	1.11		389	8.03		916	18.90		58	1.20		35	0.72		146	3.01		952	19.65		134	2.77		2162	44.61		4846	95.53		227	4.47		5073	6.52		2089	43.11		2757	56.89			
	POSTAL	25	0.44		417	7.33		1622	28.51		38	0.67		23	0.40		69	1.21		1181	20.76		47	0.83		2267	39.85		5689	97.95		119	2.05		5808	7.47		3031	53.28		2658	46.72			
	PRE_POLL	16	0.60		155	5.81		499	18.72		21	0.79		17	0.64		57	2.14		571	21.42		56	2.10		1274	47.79		2666	97.91		57	2.09		2723	3.50		1123	42.12		1543	57.88			
	PROVISIONAL	3	0.58		33	6.43		81	15.79		3	0.58		2	0.39		11	2.14		72	14.04		9	1.75		299	58.28		513	92.60		41	7.40		554	0.71		170	33.14		343	66.86			
	Division Summary	476	0.64		5364	7.18		15889	21.26		512	0.69		343	0.46		1334	1.79		13159	17.61		1068	1.43		36580	48.95		74725	96.05		3070	3.95		77795	95.46		32233	43.14		42492	56.86			
																																													
																																													
																																													
																																													
																																										
