House of Representatives - 2001 Election: Queensland																													
Distribution of Preferences																													
By Polling Place																													
Ryan																													
				GILLIES			JOHNSON			LANGENAUER			STASSE			DREW			SHORT			BRAZIER			ALLEN-ANKINS				
				Stewart			Michael			Jason			Mike			John			Leonie			Clive			Stephen				
				NP			LP			DEM			GRN			HAN			ALP			HMP			IND				
	Count			Votes	%		Votes	%		Votes	%		Votes	%		Votes	%		Votes	%		Votes	%		Votes	%		Total	
Brisbane City (Ryan)                                           																													
	FIRST			19	4.34		170	38.81		51	11.64		35	7.99		6	1.37		134	30.59		17	3.88		6	1.37		438	
	SECOND			0	0.00		2	33.33		0	0.00		2	33.33		0	0.00		0	0.00		2	33.33			Excluded		6	
		TOTAL		19	4.34		172	39.27		51	11.64		37	8.45		6	1.37		134	30.59		19	4.34					438	
	THIRD			1	5.26		1	5.26		3	15.79		8	42.11		2	10.53		4	21.05			Excluded					19	
		TOTAL		20	4.57		173	39.50		54	12.33		45	10.27		8	1.83		138	31.51								438	
	FOURTH			0	0.00		6	75.00		1	12.50		0	0.00			Excluded		1	12.50								8	
		TOTAL		20	4.57		179	40.87		55	12.56		45	10.27					139	31.74								438	
	FIFTH			3	6.67		6	13.33		26	57.78			Excluded					10	22.22								45	
		TOTAL		23	5.25		185	42.24		81	18.49								149	34.02								438	
	SIXTH				Excluded		18	78.26		2	8.70								3	13.04								23	
		TOTAL					203	46.35		83	18.95								152	34.70								438	
	SEVENTH						26	31.33			Excluded								57	68.67								83	
		TOTAL					229	52.28											209	47.72								438	
							Elected																						
																													
Brookfield                                                     																													
	FIRST			227	11.70		1113	57.37		79	4.07		80	4.12		17	0.88		390	20.10		15	0.77		19	0.98		1940	
	SECOND			5	26.32		2	10.53		3	15.79		3	15.79		2	10.53		1	5.26		3	15.79			Excluded		19	
		TOTAL		232	11.96		1115	57.47		82	4.23		83	4.28		19	0.98		391	20.15		18	0.93					1940	
	THIRD			0	0.00		4	22.22		2	11.11		5	27.78		3	16.67		4	22.22			Excluded					18	
		TOTAL		232	11.96		1119	57.68		84	4.33		88	4.54		22	1.13		395	20.36								1940	
	FOURTH			6	27.27		3	13.64		4	18.18		6	27.27			Excluded		3	13.64								22	
		TOTAL		238	12.27		1122	57.84		88	4.54		94	4.85					398	20.52								1940	
	FIFTH			7	7.45		5	5.32		52	55.32			Excluded					30	31.91								94	
		TOTAL		245	12.63		1127	58.09		140	7.22								428	22.06								1940	
	SIXTH				Excluded		207	84.49		24	9.80								14	5.71								245	
		TOTAL					1334	68.76		164	8.45								442	22.78								1940	
	SEVENTH						61	37.20			Excluded								103	62.80								164	
		TOTAL					1395	71.91											545	28.09								1940	
							Elected																						
																													
Chapel Hill                                                    																													
	FIRST			157	7.40		1115	52.54		103	4.85		76	3.58		16	0.75		599	28.23		20	0.94		36	1.70		2122	
	SECOND			5	13.89		12	33.33		4	11.11		6	16.67		2	5.56		6	16.67		1	2.78			Excluded		36	
		TOTAL		162	7.63		1127	53.11		107	5.04		82	3.86		18	0.85		605	28.51		21	0.99					2122	
	THIRD			0	0.00		8	38.10		1	4.76		4	19.05		1	4.76		7	33.33			Excluded					21	
		TOTAL		162	7.63		1135	53.49		108	5.09		86	4.05		19	0.90		612	28.84								2122	
	FOURTH			2	10.53		9	47.37		0	0.00		5	26.32			Excluded		3	15.79								19	
		TOTAL		164	7.73		1144	53.91		108	5.09		91	4.29					615	28.98								2122	
	FIFTH			5	5.49		15	16.48		40	43.96			Excluded					31	34.07								91	
		TOTAL		169	7.96		1159	54.62		148	6.97								646	30.44								2122	
	SIXTH				Excluded		150	88.76		13	7.69								6	3.55								169	
		TOTAL					1309	61.69		161	7.59								652	30.73								2122	
	SEVENTH						58	36.02			Excluded								103	63.98								161	
		TOTAL					1367	64.42											755	35.58								2122	
							Elected																						
																													
Chapel Hill South                                              																													
	FIRST			163	7.90		1022	49.52		110	5.33		106	5.14		33	1.60		571	27.66		26	1.26		33	1.60		2064	
	SECOND			6	18.18		11	33.33		5	15.15		3	9.09		1	3.03		6	18.18		1	3.03			Excluded		33	
		TOTAL		169	8.19		1033	50.05		115	5.57		109	5.28		34	1.65		577	27.96		27	1.31					2064	
	THIRD			1	3.70		3	11.11		1	3.70		15	55.56		0	0.00		7	25.93			Excluded					27	
		TOTAL		170	8.24		1036	50.19		116	5.62		124	6.01		34	1.65		584	28.29								2064	
	FOURTH			6	17.65		16	47.06		1	2.94		7	20.59			Excluded		4	11.76								34	
		TOTAL		176	8.53		1052	50.97		117	5.67		131	6.35					588	28.49								2064	
	FIFTH			7	5.34		13	9.92		73	55.73			Excluded					38	29.01								131	
		TOTAL		183	8.87		1065	51.60		190	9.21								626	30.33								2064	
	SIXTH				Excluded		162	88.52		12	6.56								9	4.92								183	
		TOTAL					1227	59.45		202	9.79								635	30.77								2064	
	SEVENTH						72	35.64			Excluded								130	64.36								202	
		TOTAL					1299	62.94											765	37.06								2064	
							Elected																						
																													
Corinda (Ryan)                                                 																													
	FIRST			100	5.68		710	40.34		116	6.59		107	6.08		51	2.90		635	36.08		19	1.08		22	1.25		1760	
	SECOND			4	18.18		5	22.73		2	9.09		3	13.64		3	13.64		2	9.09		3	13.64			Excluded		22	
		TOTAL		104	5.91		715	40.63		118	6.70		110	6.25		54	3.07		637	36.19		22	1.25					1760	
	THIRD			2	9.09		4	18.18		2	9.09		6	27.27		2	9.09		6	27.27			Excluded					22	
		TOTAL		106	6.02		719	40.85		120	6.82		116	6.59		56	3.18		643	36.53								1760	
	FOURTH			20	35.71		6	10.71		1	1.79		10	17.86			Excluded		19	33.93								56	
		TOTAL		126	7.16		725	41.19		121	6.88		126	7.16					662	37.61								1760	
	FIFTH			6	4.76		21	16.67		54	42.86			Excluded					45	35.71								126	
		TOTAL		132	7.50		746	42.39		175	9.94								707	40.17								1760	
	SIXTH				Excluded		115	87.12		11	8.33								6	4.55								132	
		TOTAL					861	48.92		186	10.57								713	40.51								1760	
	SEVENTH						56	30.11			Excluded								130	69.89								186	
		TOTAL					917	52.10											843	47.90								1760	
							Elected																						
																													
Corinda South                                                  																													
	FIRST			45	3.80		475	40.08		72	6.08		52	4.39		17	1.43		488	41.18		19	1.60		17	1.43		1185	
	SECOND			3	17.65		3	17.65		4	23.53		0	0.00		0	0.00		4	23.53		3	17.65			Excluded		17	
		TOTAL		48	4.05		478	40.34		76	6.41		52	4.39		17	1.43		492	41.52		22	1.86					1185	
	THIRD			0	0.00		4	18.18		2	9.09		6	27.27		4	18.18		6	27.27			Excluded					22	
		TOTAL		48	4.05		482	40.68		78	6.58		58	4.89		21	1.77		498	42.03								1185	
	FOURTH			3	14.29		2	9.52		6	28.57		7	33.33			Excluded		3	14.29								21	
		TOTAL		51	4.30		484	40.84		84	7.09		65	5.49					501	42.28								1185	
	FIFTH			3	4.62		9	13.85		34	52.31			Excluded					19	29.23								65	
		TOTAL		54	4.56		493	41.60		118	9.96								520	43.88								1185	
	SIXTH				Excluded		44	81.48		5	9.26								5	9.26								54	
		TOTAL					537	45.32		123	10.38								525	44.30								1185	
	SEVENTH						40	32.52			Excluded								83	67.48								123	
		TOTAL					577	48.69											608	51.31								1185	
							Elected																						
																													
Darra                                                          																													
	FIRST			55	3.31		393	23.65		58	3.49		31	1.87		49	2.95		1038	62.45		28	1.68		10	0.60		1662	
	SECOND			3	30.00		0	0.00		4	40.00		0	0.00		1	10.00		1	10.00		1	10.00			Excluded		10	
		TOTAL		58	3.49		393	23.65		62	3.73		31	1.87		50	3.01		1039	62.52		29	1.74					1662	
	THIRD			1	3.45		6	20.69		3	10.34		6	20.69		2	6.90		11	37.93			Excluded					29	
		TOTAL		59	3.55		399	24.01		65	3.91		37	2.23		52	3.13		1050	63.18								1662	
	FOURTH			7	13.46		13	25.00		5	9.62		10	19.23			Excluded		17	32.69								52	
		TOTAL		66	3.97		412	24.79		70	4.21		47	2.83					1067	64.20								1662	
	FIFTH			4	8.51		6	12.77		20	42.55			Excluded					17	36.17								47	
		TOTAL		70	4.21		418	25.15		90	5.42								1084	65.22								1662	
	SIXTH				Excluded		59	84.29		4	5.71								7	10.00								70	
		TOTAL					477	28.70		94	5.66								1091	65.64								1662	
	SEVENTH						33	35.11			Excluded								61	64.89								94	
		TOTAL					510	30.69											1152	69.31								1662	
							Elected																						
																													
Fig Tree Pocket                                                																													
	FIRST			158	8.75		938	51.97		103	5.71		92	5.10		31	1.72		406	22.49		18	1.00		59	3.27		1805	
	SECOND			3	5.08		21	35.59		8	13.56		5	8.47		3	5.08		15	25.42		4	6.78			Excluded		59	
		TOTAL		161	8.92		959	53.13		111	6.15		97	5.37		34	1.88		421	23.32		22	1.22					1805	
	THIRD			0	0.00		7	31.82		3	13.64		7	31.82		3	13.64		2	9.09			Excluded					22	
		TOTAL		161	8.92		966	53.52		114	6.32		104	5.76		37	2.05		423	23.43								1805	
	FOURTH			7	18.92		9	24.32		3	8.11		12	32.43			Excluded		6	16.22								37	
		TOTAL		168	9.31		975	54.02		117	6.48		116	6.43					429	23.77								1805	
	FIFTH			5	4.31		14	12.07		56	48.28			Excluded					41	35.34								116	
		TOTAL		173	9.58		989	54.79		173	9.58								470	26.04								1805	
	SIXTH				Excluded		144	83.24		18	10.40								11	6.36								173	
		TOTAL					1133	62.77		191	10.58								481	26.65								1805	
	SEVENTH						77	40.31			Excluded								114	59.69								191	
		TOTAL					1210	67.04											595	32.96								1805	
							Elected																						
																													
Indooroopilly                                                  																													
	FIRST			103	5.34		798	41.37		187	9.69		132	6.84		10	0.52		633	32.81		32	1.66		34	1.76		1929	
	SECOND			1	2.94		10	29.41		3	8.82		5	14.71		1	2.94		8	23.53		6	17.65			Excluded		34	
		TOTAL		104	5.39		808	41.89		190	9.85		137	7.10		11	0.57		641	33.23		38	1.97					1929	
	THIRD			1	2.63		7	18.42		5	13.16		18	47.37		3	7.89		4	10.53			Excluded					38	
		TOTAL		105	5.44		815	42.25		195	10.11		155	8.04		14	0.73		645	33.44								1929	
	FOURTH			4	28.57		3	21.43		0	0.00		3	21.43			Excluded		4	28.57								14	
		TOTAL		109	5.65		818	42.41		195	10.11		158	8.19					649	33.64								1929	
	FIFTH			7	4.43		13	8.23		91	57.59			Excluded					47	29.75								158	
		TOTAL		116	6.01		831	43.08		286	14.83								696	36.08								1929	
	SIXTH				Excluded		94	81.03		15	12.93								7	6.03								116	
		TOTAL					925	47.95		301	15.60								703	36.44								1929	
	SEVENTH						89	29.57			Excluded								212	70.43								301	
		TOTAL					1014	52.57											915	47.43								1929	
							Elected																						
																													
Indooroopilly East                                             																													
	FIRST			183	8.34		1064	48.47		147	6.70		150	6.83		13	0.59		593	27.02		27	1.23		18	0.82		2195	
	SECOND			2	11.11		6	33.33		2	11.11		0	0.00		3	16.67		2	11.11		3	16.67			Excluded		18	
		TOTAL		185	8.43		1070	48.75		149	6.79		150	6.83		16	0.73		595	27.11		30	1.37					2195	
	THIRD			4	13.33		4	13.33		3	10.00		13	43.33		1	3.33		5	16.67			Excluded					30	
		TOTAL		189	8.61		1074	48.93		152	6.92		163	7.43		17	0.77		600	27.33								2195	
	FOURTH			4	23.53		9	52.94		2	11.76		1	5.88			Excluded		1	5.88								17	
		TOTAL		193	8.79		1083	49.34		154	7.02		164	7.47					601	27.38								2195	
	FIFTH			7	4.27		18	10.98		77	46.95			Excluded					62	37.80								164	
		TOTAL		200	9.11		1101	50.16		231	10.52								663	30.21								2195	
	SIXTH				Excluded		163	81.50		20	10.00								17	8.50								200	
		TOTAL					1264	57.59		251	11.44								680	30.98								2195	
	SEVENTH						82	32.67			Excluded								169	67.33								251	
		TOTAL					1346	61.32											849	38.68								2195	
							Elected																						
																													
Indooroopilly West                                             																													
	FIRST			177	6.96		1234	48.53		159	6.25		166	6.53		31	1.22		694	27.29		41	1.61		41	1.61		2543	
	SECOND			4	9.76		6	14.63		5	12.20		11	26.83		2	4.88		5	12.20		8	19.51			Excluded		41	
		TOTAL		181	7.12		1240	48.76		164	6.45		177	6.96		33	1.30		699	27.49		49	1.93					2543	
	THIRD			4	8.16		2	4.08		7	14.29		25	51.02		3	6.12		8	16.33			Excluded					49	
		TOTAL		185	7.27		1242	48.84		171	6.72		202	7.94		36	1.42		707	27.80								2543	
	FOURTH			2	5.56		15	41.67		7	19.44		5	13.89			Excluded		7	19.44								36	
		TOTAL		187	7.35		1257	49.43		178	7.00		207	8.14					714	28.08								2543	
	FIFTH			10	4.83		20	9.66		99	47.83			Excluded					78	37.68								207	
		TOTAL		197	7.75		1277	50.22		277	10.89								792	31.14								2543	
	SIXTH				Excluded		173	87.82		17	8.63								7	3.55								197	
		TOTAL					1450	57.02		294	11.56								799	31.42								2543	
	SEVENTH						95	32.31			Excluded								199	67.69								294	
		TOTAL					1545	60.76											998	39.24								2543	
							Elected																						
																													
Ironside                                                       																													
	FIRST			276	9.42		1386	47.32		232	7.92		199	6.79		21	0.72		739	25.23		46	1.57		30	1.02		2929	
	SECOND			7	23.33		4	13.33		3	10.00		7	23.33		2	6.67		4	13.33		3	10.00			Excluded		30	
		TOTAL		283	9.66		1390	47.46		235	8.02		206	7.03		23	0.79		743	25.37		49	1.67					2929	
	THIRD			2	4.08		5	10.20		5	10.20		31	63.27		2	4.08		4	8.16			Excluded					49	
		TOTAL		285	9.73		1395	47.63		240	8.19		237	8.09		25	0.85		747	25.50								2929	
	FOURTH			7	28.00		9	36.00		3	12.00		2	8.00			Excluded		4	16.00								25	
		TOTAL		292	9.97		1404	47.93		243	8.30		239	8.16					751	25.64								2929	
	FIFTH			5	2.09		17	7.11		154	64.44			Excluded					63	26.36								239	
		TOTAL		297	10.14		1421	48.51		397	13.55								814	27.79								2929	
	SIXTH				Excluded		247	83.16		29	9.76								21	7.07								297	
		TOTAL					1668	56.95		426	14.54								835	28.51								2929	
	SEVENTH						122	28.64			Excluded								304	71.36								426	
		TOTAL					1790	61.11											1139	38.89								2929	
							Elected																						
																													
Jamboree Heights                                               																													
	FIRST			158	3.25		2439	50.14		226	4.65		126	2.59		83	1.71		1733	35.63		50	1.03		49	1.01		4864	
	SECOND			10	20.41		18	36.73		10	20.41		1	2.04		2	4.08		5	10.20		3	6.12			Excluded		49	
		TOTAL		168	3.45		2457	50.51		236	4.85		127	2.61		85	1.75		1738	35.73		53	1.09					4864	
	THIRD			4	7.55		8	15.09		6	11.32		20	37.74		3	5.66		12	22.64			Excluded					53	
		TOTAL		172	3.54		2465	50.68		242	4.98		147	3.02		88	1.81		1750	35.98								4864	
	FOURTH			24	27.27		24	27.27		8	9.09		16	18.18			Excluded		16	18.18								88	
		TOTAL		196	4.03		2489	51.17		250	5.14		163	3.35					1766	36.31								4864	
	FIFTH			12	7.36		30	18.40		74	45.40			Excluded					47	28.83								163	
		TOTAL		208	4.28		2519	51.79		324	6.66								1813	37.27								4864	
	SIXTH				Excluded		167	80.29		25	12.02								16	7.69								208	
		TOTAL					2686	55.22		349	7.18								1829	37.60								4864	
	SEVENTH						131	37.54			Excluded								218	62.46								349	
		TOTAL					2817	57.92											2047	42.08								4864	
							Elected																						
																													
Jindalee                                                       																													
	FIRST			162	4.98		1689	51.97		161	4.95		121	3.72		63	1.94		993	30.55		27	0.83		34	1.05		3250	
	SECOND			3	8.82		9	26.47		3	8.82		3	8.82		2	5.88		7	20.59		7	20.59			Excluded		34	
		TOTAL		165	5.08		1698	52.25		164	5.05		124	3.82		65	2.00		1000	30.77		34	1.05					3250	
	THIRD			0	0.00		4	11.76		3	8.82		14	41.18		3	8.82		10	29.41			Excluded					34	
		TOTAL		165	5.08		1702	52.37		167	5.14		138	4.25		68	2.09		1010	31.08								3250	
	FOURTH			13	19.12		15	22.06		4	5.88		15	22.06			Excluded		21	30.88								68	
		TOTAL		178	5.48		1717	52.83		171	5.26		153	4.71					1031	31.72								3250	
	FIFTH			14	9.15		18	11.76		69	45.10			Excluded					52	33.99								153	
		TOTAL		192	5.91		1735	53.38		240	7.38								1083	33.32								3250	
	SIXTH				Excluded		160	83.33		23	11.98								9	4.69								192	
		TOTAL					1895	58.31		263	8.09								1092	33.60								3250	
	SEVENTH						94	35.74			Excluded								169	64.26								263	
		TOTAL					1989	61.20											1261	38.80								3250	
							Elected																						
																													
Jindalee South                                                 																													
	FIRST			96	5.78		926	55.72		53	3.19		38	2.29		26	1.56		488	29.36		15	0.90		20	1.20		1662	
	SECOND			2	10.00		6	30.00		3	15.00		2	10.00		0	0.00		4	20.00		3	15.00			Excluded		20	
		TOTAL		98	5.90		932	56.08		56	3.37		40	2.41		26	1.56		492	29.60		18	1.08					1662	
	THIRD			1	5.56		1	5.56		1	5.56		6	33.33		4	22.22		5	27.78			Excluded					18	
		TOTAL		99	5.96		933	56.14		57	3.43		46	2.77		30	1.81		497	29.90								1662	
	FOURTH			5	16.67		9	30.00		0	0.00		8	26.67			Excluded		8	26.67								30	
		TOTAL		104	6.26		942	56.68		57	3.43		54	3.25					505	30.39								1662	
	FIFTH			7	12.96		8	14.81		19	35.19			Excluded					20	37.04								54	
		TOTAL		111	6.68		950	57.16		76	4.57								525	31.59								1662	
	SIXTH				Excluded		87	78.38		11	9.91								13	11.71								111	
		TOTAL					1037	62.39		87	5.23								538	32.37								1662	
	SEVENTH						28	32.18			Excluded								59	67.82								87	
		TOTAL					1065	64.08											597	35.92								1662	
							Elected																						
																													
Kenmore                                                        																													
	FIRST			245	7.86		1599	51.27		159	5.10		154	4.94		32	1.03		839	26.90		47	1.51		44	1.41		3119	
	SECOND			6	13.64		15	34.09		3	6.82		8	18.18		5	11.36		6	13.64		1	2.27			Excluded		44	
		TOTAL		251	8.05		1614	51.75		162	5.19		162	5.19		37	1.19		845	27.09		48	1.54					3119	
	THIRD			0	0.00		4	8.33		8	16.67		27	56.25		2	4.17		7	14.58			Excluded					48	
		TOTAL		251	8.05		1618	51.88		170	5.45		189	6.06		39	1.25		852	27.32								3119	
	FOURTH			12	30.77		16	41.03		1	2.56		6	15.38			Excluded		4	10.26								39	
		TOTAL		263	8.43		1634	52.39		171	5.48		195	6.25					856	27.44								3119	
	FIFTH			14	7.18		21	10.77		96	49.23			Excluded					64	32.82								195	
		TOTAL		277	8.88		1655	53.06		267	8.56								920	29.50								3119	
	SIXTH				Excluded		242	87.36		19	6.86								16	5.78								277	
		TOTAL					1897	60.82		286	9.17								936	30.01								3119	
	SEVENTH						86	30.07			Excluded								200	69.93								286	
		TOTAL					1983	63.58											1136	36.42								3119	
							Elected																						
																													
Kenmore South                                                  																													
	FIRST			293	9.10		1633	50.71		179	5.56		150	4.66		29	0.90		873	27.11		31	0.96		32	0.99		3220	
	SECOND			6	18.75		12	37.50		1	3.13		2	6.25		0	0.00		9	28.13		2	6.25			Excluded		32	
		TOTAL		299	9.29		1645	51.09		180	5.59		152	4.72		29	0.90		882	27.39		33	1.02					3220	
	THIRD			0	0.00		2	6.06		4	12.12		16	48.48		4	12.12		7	21.21			Excluded					33	
		TOTAL		299	9.29		1647	51.15		184	5.71		168	5.22		33	1.02		889	27.61								3220	
	FOURTH			6	18.18		7	21.21		1	3.03		13	39.39			Excluded		6	18.18								33	
		TOTAL		305	9.47		1654	51.37		185	5.75		181	5.62					895	27.80								3220	
	FIFTH			13	7.18		25	13.81		91	50.28			Excluded					52	28.73								181	
		TOTAL		318	9.88		1679	52.14		276	8.57								947	29.41								3220	
	SIXTH				Excluded		276	86.79		18	5.66								24	7.55								318	
		TOTAL					1955	60.71		294	9.13								971	30.16								3220	
	SEVENTH						105	35.71			Excluded								189	64.29								294	
		TOTAL					2060	63.98											1160	36.02								3220	
							Elected																						
																													
Middle Park                                                    																													
	FIRST			142	3.87		1900	51.74		170	4.63		113	3.08		67	1.82		1199	32.65		51	1.39		30	0.82		3672	
	SECOND			6	20.00		10	33.33		5	16.67		2	6.67		0	0.00		5	16.67		2	6.67			Excluded		30	
		TOTAL		148	4.03		1910	52.02		175	4.77		115	3.13		67	1.82		1204	32.79		53	1.44					3672	
	THIRD			5	9.43		7	13.21		3	5.66		24	45.28		6	11.32		8	15.09			Excluded					53	
		TOTAL		153	4.17		1917	52.21		178	4.85		139	3.79		73	1.99		1212	33.01								3672	
	FOURTH			9	12.33		21	28.77		10	13.70		10	13.70			Excluded		23	31.51								73	
		TOTAL		162	4.41		1938	52.78		188	5.12		149	4.06					1235	33.63								3672	
	FIFTH			7	4.70		22	14.77		65	43.62			Excluded					55	36.91								149	
		TOTAL		169	4.60		1960	53.38		253	6.89								1290	35.13								3672	
	SIXTH				Excluded		138	81.66		15	8.88								16	9.47								169	
		TOTAL					2098	57.14		268	7.30								1306	35.57								3672	
	SEVENTH						108	40.30			Excluded								160	59.70								268	
		TOTAL					2206	60.08											1466	39.92								3672	
							Elected																						
																													
Moggill                                                        																													
	FIRST			221	6.97		1659	52.35		178	5.62		103	3.25		49	1.55		902	28.46		29	0.92		28	0.88		3169	
	SECOND			6	21.43		5	17.86		3	10.71		6	21.43		1	3.57		1	3.57		6	21.43			Excluded		28	
		TOTAL		227	7.16		1664	52.51		181	5.71		109	3.44		50	1.58		903	28.49		35	1.10					3169	
	THIRD			2	5.71		5	14.29		2	5.71		14	40.00		3	8.57		9	25.71			Excluded					35	
		TOTAL		229	7.23		1669	52.67		183	5.77		123	3.88		53	1.67		912	28.78								3169	
	FOURTH			15	28.30		10	18.87		2	3.77		14	26.42			Excluded		12	22.64								53	
		TOTAL		244	7.70		1679	52.98		185	5.84		137	4.32					924	29.16								3169	
	FIFTH			7	5.11		23	16.79		71	51.82			Excluded					36	26.28								137	
		TOTAL		251	7.92		1702	53.71		256	8.08								960	30.29								3169	
	SIXTH				Excluded		202	80.48		24	9.56								25	9.96								251	
		TOTAL					1904	60.08		280	8.84								985	31.08								3169	
	SEVENTH						107	38.21			Excluded								173	61.79								280	
		TOTAL					2011	63.46											1158	36.54								3169	
							Elected																						
																													
Oxley                                                          																													
	FIRST			81	4.16		656	33.71		97	4.98		66	3.39		86	4.42		896	46.04		32	1.64		32	1.64		1946	
	SECOND			4	12.50		6	18.75		1	3.13		7	21.88		2	6.25		6	18.75		6	18.75			Excluded		32	
		TOTAL		85	4.37		662	34.02		98	5.04		73	3.75		88	4.52		902	46.35		38	1.95					1946	
	THIRD			0	0.00		1	2.63		8	21.05		15	39.47		8	21.05		6	15.79			Excluded					38	
		TOTAL		85	4.37		663	34.07		106	5.45		88	4.52		96	4.93		908	46.66								1946	
	FOURTH			39	40.63		12	12.50		10	10.42		18	18.75			Excluded		17	17.71								96	
		TOTAL		124	6.37		675	34.69		116	5.96		106	5.45					925	47.53								1946	
	FIFTH			9	8.49		14	13.21		53	50.00			Excluded					30	28.30								106	
		TOTAL		133	6.83		689	35.41		169	8.68								955	49.08								1946	
	SIXTH				Excluded		103	77.44		18	13.53								12	9.02								133	
		TOTAL					792	40.70		187	9.61								967	49.69								1946	
	SEVENTH						61	32.62			Excluded								126	67.38								187	
		TOTAL					853	43.83											1093	56.17								1946	
							Elected																						
																													
Oxley South                                                    																													
	FIRST			33	4.40		256	34.13		28	3.73		19	2.53		35	4.67		354	47.20		11	1.47		14	1.87		750	
	SECOND			0	0.00		1	7.14		2	14.29		0	0.00		5	35.71		1	7.14		5	35.71			Excluded		14	
		TOTAL		33	4.40		257	34.27		30	4.00		19	2.53		40	5.33		355	47.33		16	2.13					750	
	THIRD			2	12.50		0	0.00		0	0.00		10	62.50		1	6.25		3	18.75			Excluded					16	
		TOTAL		35	4.67		257	34.27		30	4.00		29	3.87		41	5.47		358	47.73								750	
	FOURTH			8	19.51		14	34.15		3	7.32		6	14.63			Excluded		10	24.39								41	
		TOTAL		43	5.73		271	36.13		33	4.40		35	4.67					368	49.07								750	
	FIFTH			6	17.14		2	5.71		19	54.29			Excluded					8	22.86								35	
		TOTAL		49	6.53		273	36.40		52	6.93								376	50.13								750	
	SIXTH				Excluded		37	75.51		6	12.24								6	12.24								49	
		TOTAL					310	41.33		58	7.73								382	50.93								750	
	SEVENTH						19	32.76			Excluded								39	67.24								58	
		TOTAL					329	43.87											421	56.13								750	
							Elected																						
																													
Pinjarra Hills                                                 																													
	FIRST			34	12.01		141	49.82		11	3.89		8	2.83		3	1.06		81	28.62		1	0.35		4	1.41		283	
	SECOND			1	25.00		2	50.00		0	0.00		0	0.00		0	0.00		0	0.00		1	25.00			Excluded		4	
		TOTAL		35	12.37		143	50.53		11	3.89		8	2.83		3	1.06		81	28.62		2	0.71					283	
	THIRD			0	0.00		0	0.00		0	0.00		1	50.00		1	50.00		0	0.00			Excluded					2	
		TOTAL		35	12.37		143	50.53		11	3.89		9	3.18		4	1.41		81	28.62								283	
	FOURTH			0	0.00		0	0.00		0	0.00		2	50.00			Excluded		2	50.00								4	
		TOTAL		35	12.37		143	50.53		11	3.89		11	3.89					83	29.33								283	
	FIFTH			0	0.00		2	18.18		5	45.45			Excluded					4	36.36								11	
		TOTAL		35	12.37		145	51.24		16	5.65								87	30.74								283	
	SIXTH				Excluded		31	88.57		2	5.71								2	5.71								35	
		TOTAL					176	62.19		18	6.36								89	31.45								283	
	SEVENTH						5	27.78			Excluded								13	72.22								18	
		TOTAL					181	63.96											102	36.04								283	
							Elected																						
																													
Pullenvale                                                     																													
	FIRST			103	9.88		580	55.61		40	3.84		56	5.37		13	1.25		229	21.96		12	1.15		10	0.96		1043	
	SECOND			1	10.00		2	20.00		1	10.00		3	30.00		0	0.00		3	30.00		0	0.00			Excluded		10	
		TOTAL		104	9.97		582	55.80		41	3.93		59	5.66		13	1.25		232	22.24		12	1.15					1043	
	THIRD			2	16.67		2	16.67		1	8.33		5	41.67		1	8.33		1	8.33			Excluded					12	
		TOTAL		106	10.16		584	55.99		42	4.03		64	6.14		14	1.34		233	22.34								1043	
	FOURTH			4	28.57		7	50.00		2	14.29		0	0.00			Excluded		1	7.14								14	
		TOTAL		110	10.55		591	56.66		44	4.22		64	6.14					234	22.44								1043	
	FIFTH			6	9.38		8	12.50		29	45.31			Excluded					21	32.81								64	
		TOTAL		116	11.12		599	57.43		73	7.00								255	24.45								1043	
	SIXTH				Excluded		96	82.76		9	7.76								11	9.48								116	
		TOTAL					695	66.63		82	7.86								266	25.50								1043	
	SEVENTH						32	39.02			Excluded								50	60.98								82	
		TOTAL					727	69.70											316	30.30								1043	
							Elected																						
																													
Sinnamon Park                                                  																													
	FIRST			98	5.02		996	51.05		59	3.02		38	1.95		33	1.69		688	35.26		20	1.03		19	0.97		1951	
	SECOND			1	5.26		6	31.58		1	5.26		4	21.05		3	15.79		2	10.53		2	10.53			Excluded		19	
		TOTAL		99	5.07		1002	51.36		60	3.08		42	2.15		36	1.85		690	35.37		22	1.13					1951	
	THIRD			1	4.55		3	13.64		1	4.55		10	45.45		3	13.64		4	18.18			Excluded					22	
		TOTAL		100	5.13		1005	51.51		61	3.13		52	2.67		39	2.00		694	35.57								1951	
	FOURTH			9	23.08		16	41.03		3	7.69		6	15.38			Excluded		5	12.82								39	
		TOTAL		109	5.59		1021	52.33		64	3.28		58	2.97					699	35.83								1951	
	FIFTH			7	12.07		9	15.52		27	46.55			Excluded					15	25.86								58	
		TOTAL		116	5.95		1030	52.79		91	4.66								714	36.60								1951	
	SIXTH				Excluded		100	86.21		11	9.48								5	4.31								116	
		TOTAL					1130	57.92		102	5.23								719	36.85								1951	
	SEVENTH						36	35.29			Excluded								66	64.71								102	
		TOTAL					1166	59.76											785	40.24								1951	
							Elected																						
																													
St Lucia                                                       																													
	FIRST			177	8.28		924	43.24		196	9.17		160	7.49		25	1.17		599	28.03		32	1.50		24	1.12		2137	
	SECOND			7	29.17		4	16.67		7	29.17		1	4.17		1	4.17		2	8.33		2	8.33			Excluded		24	
		TOTAL		184	8.61		928	43.43		203	9.50		161	7.53		26	1.22		601	28.12		34	1.59					2137	
	THIRD			0	0.00		4	11.76		4	11.76		12	35.29		2	5.88		12	35.29			Excluded					34	
		TOTAL		184	8.61		932	43.61		207	9.69		173	8.10		28	1.31		613	28.69								2137	
	FOURTH			8	28.57		7	25.00		1	3.57		6	21.43			Excluded		6	21.43								28	
		TOTAL		192	8.98		939	43.94		208	9.73		179	8.38					619	28.97								2137	
	FIFTH			10	5.59		23	12.85		97	54.19			Excluded					49	27.37								179	
		TOTAL		202	9.45		962	45.02		305	14.27								668	31.26								2137	
	SIXTH				Excluded		163	80.69		26	12.87								13	6.44								202	
		TOTAL					1125	52.64		331	15.49								681	31.87								2137	
	SEVENTH						93	28.10			Excluded								238	71.90								331	
		TOTAL					1218	57.00											919	43.00								2137	
							Elected																						
																													
Taringa                                                        																													
	FIRST			114	6.58		771	44.49		123	7.10		118	6.81		21	1.21		540	31.16		31	1.79		15	0.87		1733	
	SECOND			3	20.00		5	33.33		2	13.33		2	13.33		1	6.67		1	6.67		1	6.67			Excluded		15	
		TOTAL		117	6.75		776	44.78		125	7.21		120	6.92		22	1.27		541	31.22		32	1.85					1733	
	THIRD			3	9.38		7	21.88		1	3.13		12	37.50		0	0.00		9	28.13			Excluded					32	
		TOTAL		120	6.92		783	45.18		126	7.27		132	7.62		22	1.27		550	31.74								1733	
	FOURTH			7	31.82		8	36.36		1	4.55		2	9.09			Excluded		4	18.18								22	
		TOTAL		127	7.33		791	45.64		127	7.33		134	7.73					554	31.97								1733	
	FIFTH			5	3.73		17	12.69		62	46.27			Excluded					50	37.31								134	
		TOTAL		132	7.62		808	46.62		189	10.91								604	34.85								1733	
	SIXTH				Excluded		109	82.58		15	11.36								8	6.06								132	
		TOTAL					917	52.91		204	11.77								612	35.31								1733	
	SEVENTH						64	31.37			Excluded								140	68.63								204	
		TOTAL					981	56.61											752	43.39								1733	
							Elected																						
																													
The Gap                                                        																													
	FIRST			122	3.94		1456	47.06		188	6.08		160	5.17		46	1.49		1047	33.84		37	1.20		38	1.23		3094	
	SECOND			5	13.16		7	18.42		5	13.16		9	23.68		3	7.89		2	5.26		7	18.42			Excluded		38	
		TOTAL		127	4.10		1463	47.29		193	6.24		169	5.46		49	1.58		1049	33.90		44	1.42					3094	
	THIRD			4	9.09		5	11.36		3	6.82		19	43.18		4	9.09		9	20.45			Excluded					44	
		TOTAL		131	4.23		1468	47.45		196	6.33		188	6.08		53	1.71		1058	34.20								3094	
	FOURTH			15	28.30		15	28.30		5	9.43		11	20.75			Excluded		7	13.21								53	
		TOTAL		146	4.72		1483	47.93		201	6.50		199	6.43					1065	34.42								3094	
	FIFTH			15	7.54		18	9.05		90	45.23			Excluded					76	38.19								199	
		TOTAL		161	5.20		1501	48.51		291	9.41								1141	36.88								3094	
	SIXTH				Excluded		133	82.61		18	11.18								10	6.21								161	
		TOTAL					1634	52.81		309	9.99								1151	37.20								3094	
	SEVENTH						98	31.72			Excluded								211	68.28								309	
		TOTAL					1732	55.98											1362	44.02								3094	
							Elected																						
																													
The Gap East                                                   																													
	FIRST			158	4.70		1538	45.77		193	5.74		209	6.22		43	1.28		1139	33.90		47	1.40		33	0.98		3360	
	SECOND			4	12.12		5	15.15		5	15.15		4	12.12		2	6.06		6	18.18		7	21.21			Excluded		33	
		TOTAL		162	4.82		1543	45.92		198	5.89		213	6.34		45	1.34		1145	34.08		54	1.61					3360	
	THIRD			1	1.85		10	18.52		2	3.70		23	42.59		6	11.11		12	22.22			Excluded					54	
		TOTAL		163	4.85		1553	46.22		200	5.95		236	7.02		51	1.52		1157	34.43								3360	
	FOURTH			12	23.53		14	27.45		4	7.84		11	21.57			Excluded		10	19.61								51	
		TOTAL		175	5.21		1567	46.64		204	6.07		247	7.35					1167	34.73								3360	
	FIFTH			12	4.86		32	12.96		109	44.13			Excluded					94	38.06								247	
		TOTAL		187	5.57		1599	47.59		313	9.32								1261	37.53								3360	
	SIXTH				Excluded		163	87.17		18	9.63								6	3.21								187	
		TOTAL					1762	52.44		331	9.85								1267	37.71								3360	
	SEVENTH						96	29.00			Excluded								235	71.00								331	
		TOTAL					1858	55.30											1502	44.70								3360	
							Elected																						
																													
The Gap West                                                   																													
	FIRST			132	5.97		1117	50.50		116	5.24		102	4.61		26	1.18		672	30.38		25	1.13		22	0.99		2212	
	SECOND			4	18.18		5	22.73		3	13.64		3	13.64		2	9.09		2	9.09		3	13.64			Excluded		22	
		TOTAL		136	6.15		1122	50.72		119	5.38		105	4.75		28	1.27		674	30.47		28	1.27					2212	
	THIRD			1	3.57		4	14.29		2	7.14		13	46.43		2	7.14		6	21.43			Excluded					28	
		TOTAL		137	6.19		1126	50.90		121	5.47		118	5.33		30	1.36		680	30.74								2212	
	FOURTH			8	26.67		7	23.33		1	3.33		4	13.33			Excluded		10	33.33								30	
		TOTAL		145	6.56		1133	51.22		122	5.52		122	5.52					690	31.19								2212	
	FIFTH			10	8.20		14	11.48		55	45.08			Excluded					43	35.25								122	
		TOTAL		155	7.01		1147	51.85		177	8.00								733	33.14								2212	
	SIXTH				Excluded		123	79.35		23	14.84								9	5.81								155	
		TOTAL					1270	57.41		200	9.04								742	33.54								2212	
	SEVENTH						73	36.50			Excluded								127	63.50								200	
		TOTAL					1343	60.71											869	39.29								2212	
							Elected																						
																													
Toowong (Ryan)                                                 																													
	FIRST			162	5.80		1154	41.33		263	9.42		198	7.09		32	1.15		890	31.88		48	1.72		45	1.61		2792	
	SECOND			2	4.44		12	26.67		11	24.44		6	13.33		6	13.33		5	11.11		3	6.67			Excluded		45	
		TOTAL		164	5.87		1166	41.76		274	9.81		204	7.31		38	1.36		895	32.06		51	1.83					2792	
	THIRD			6	11.76		9	17.65		1	1.96		24	47.06		1	1.96		10	19.61			Excluded					51	
		TOTAL		170	6.09		1175	42.08		275	9.85		228	8.17		39	1.40		905	32.41								2792	
	FOURTH			12	30.77		8	20.51		7	17.95		5	12.82			Excluded		7	17.95								39	
		TOTAL		182	6.52		1183	42.37		282	10.10		233	8.35					912	32.66								2792	
	FIFTH			7	3.00		18	7.73		128	54.94			Excluded					80	34.33								233	
		TOTAL		189	6.77		1201	43.02		410	14.68								992	35.53								2792	
	SIXTH				Excluded		163	86.24		18	9.52								8	4.23								189	
		TOTAL					1364	48.85		428	15.33								1000	35.82								2792	
	SEVENTH						137	32.01			Excluded								291	67.99								428	
		TOTAL					1501	53.76											1291	46.24								2792	
							Elected																						
																													
Toowong West                                                   																													
	FIRST			51	5.26		384	39.63		67	6.91		97	10.01		12	1.24		333	34.37		15	1.55		10	1.03		969	
	SECOND			2	20.00		1	10.00		3	30.00		3	30.00		0	0.00		0	0.00		1	10.00			Excluded		10	
		TOTAL		53	5.47		385	39.73		70	7.22		100	10.32		12	1.24		333	34.37		16	1.65					969	
	THIRD			0	0.00		2	12.50		0	0.00		10	62.50		0	0.00		4	25.00			Excluded					16	
		TOTAL		53	5.47		387	39.94		70	7.22		110	11.35		12	1.24		337	34.78								969	
	FOURTH			3	25.00		5	41.67		0	0.00		1	8.33			Excluded		3	25.00								12	
		TOTAL		56	5.78		392	40.45		70	7.22		111	11.46					340	35.09								969	
	FIFTH			5	4.50		6	5.41		58	52.25			Excluded					42	37.84								111	
		TOTAL		61	6.30		398	41.07		128	13.21								382	39.42								969	
	SIXTH				Excluded		42	68.85		10	16.39								9	14.75								61	
		TOTAL					440	45.41		138	14.24								391	40.35								969	
	SEVENTH						36	26.09			Excluded								102	73.91								138	
		TOTAL					476	49.12											493	50.88								969	
							Elected																						
																													
Upper Brookfield                                               																													
	FIRST			43	15.25		94	33.33		3	1.06		40	14.18		10	3.55		84	29.79		6	2.13		2	0.71		282	
	SECOND			0	0.00		0	0.00		0	0.00		1	50.00		1	50.00		0	0.00		0	0.00			Excluded		2	
		TOTAL		43	15.25		94	33.33		3	1.06		41	14.54		11	3.90		84	29.79		6	2.13					282	
	THIRD			0	0.00		0	0.00		0	0.00		5	83.33		0	0.00		1	16.67			Excluded					6	
		TOTAL		43	15.25		94	33.33		3	1.06		46	16.31		11	3.90		85	30.14								282	
	FOURTH			5	45.45		4	36.36		1	9.09		0	0.00			Excluded		1	9.09								11	
		TOTAL		48	17.02		98	34.75		4	1.42		46	16.31					86	30.50								282	
	FIFTH			2	4.35		4	8.70		21	45.65			Excluded					19	41.30								46	
		TOTAL		50	17.73		102	36.17		25	8.87								105	37.23								282	
	SIXTH				Excluded		45	90.00		1	2.00								4	8.00								50	
		TOTAL					147	52.13		26	9.22								109	38.65								282	
	SEVENTH						3	11.54			Excluded								23	88.46								26	
		TOTAL					150	53.19											132	46.81								282	
							Elected																						
																													
Special Hospital Team 1                                        																													
	FIRST			14	7.04		114	57.29		0	0.00		0	0.00		3	1.51		67	33.67		1	0.50		0	0.00		199	
	SECOND			0	0.00		0	0.00		0	0.00		0	0.00		0	0.00		0	0.00		0	0.00			Excluded		0	
		TOTAL		14	7.04		114	57.29		0	0.00		0	0.00		3	1.51		67	33.67		1	0.50					199	
	THIRD			0	0.00		1	100.00		0	0.00		0	0.00		0	0.00		0	0.00			Excluded					1	
		TOTAL		14	7.04		115	57.79		0	0.00		0	0.00		3	1.51		67	33.67								199	
	FOURTH			2	66.67		1	33.33		0	0.00		0	0.00			Excluded		0	0.00								3	
		TOTAL		16	8.04		116	58.29		0	0.00		0	0.00					67	33.67								199	
	FIFTH			0	0.00		0	0.00		0	0.00			Excluded					0	0.00								0	
		TOTAL		16	8.04		116	58.29		0	0.00								67	33.67								199	
	SIXTH				Excluded		15	93.75		1	6.25								0	0.00								16	
		TOTAL					131	65.83		1	0.50								67	33.67								199	
	SEVENTH						1	100.00			Excluded								0	0.00								1	
		TOTAL					132	66.33											67	33.67								199	
							Elected																						
																													
Special Hospital Team 2                                        																													
	FIRST			50	23.47		109	51.17		4	1.88		1	0.47		3	1.41		46	21.60		0	0.00		0	0.00		213	
	SECOND			0	0.00		0	0.00		0	0.00		0	0.00		0	0.00		0	0.00		0	0.00			Excluded		0	
		TOTAL		50	23.47		109	51.17		4	1.88		1	0.47		3	1.41		46	21.60		0	0.00					213	
	THIRD			0	0.00		0	0.00		0	0.00		0	0.00		0	0.00		0	0.00			Excluded					0	
		TOTAL		50	23.47		109	51.17		4	1.88		1	0.47		3	1.41		46	21.60								213	
	FOURTH			1	33.33		1	33.33		0	0.00		0	0.00			Excluded		1	33.33								3	
		TOTAL		51	23.94		110	51.64		4	1.88		1	0.47					47	22.07								213	
	FIFTH			0	0.00		0	0.00		1	100.00			Excluded					0	0.00								1	
		TOTAL		51	23.94		110	51.64		5	2.35								47	22.07								213	
	SIXTH				Excluded		48	94.12		2	3.92								1	1.96								51	
		TOTAL					158	74.18		7	3.29								48	22.54								213	
	SEVENTH						1	14.29			Excluded								6	85.71								7	
		TOTAL					159	74.65											54	25.35								213	
							Elected																						
																													
ABSENT																													
	FIRST			247	4.63		2445	45.83		416	7.80		369	6.92		131	2.46		1506	28.23		129	2.42		92	1.72		5335	
	SECOND			10	10.87		13	14.13		15	16.30		20	21.74		10	10.87		8	8.70		16	17.39			Excluded		92	
		TOTAL		257	4.82		2458	46.07		431	8.08		389	7.29		141	2.64		1514	28.38		145	2.72					5335	
	THIRD			5	3.45		16	11.03		16	11.03		62	42.76		13	8.97		33	22.76			Excluded					145	
		TOTAL		262	4.91		2474	46.37		447	8.38		451	8.45		154	2.89		1547	29.00								5335	
	FOURTH			25	16.23		41	26.62		16	10.39		34	22.08			Excluded		38	24.68								154	
		TOTAL		287	5.38		2515	47.14		463	8.68		485	9.09					1585	29.71								5335	
	FIFTH			32	6.60		67	13.81		260	53.61			Excluded					126	25.98								485	
		TOTAL		319	5.98		2582	48.40		723	13.55								1711	32.07								5335	
	SIXTH				Excluded		245	76.80		38	11.91								36	11.29								319	
		TOTAL					2827	52.99		761	14.26								1747	32.75								5335	
	SEVENTH						272	35.74			Excluded								489	64.26								761	
		TOTAL					3099	58.09											2236	41.91								5335	
							Elected																						
																													
POSTAL																													
	FIRST			210	5.67		1941	52.43		141	3.81		132	3.57		94	2.54		1126	30.42		20	0.54		38	1.03		3702	
	SECOND			6	15.79		9	23.68		6	15.79		3	7.89		1	2.63		10	26.32		3	7.89			Excluded		38	
		TOTAL		216	5.83		1950	52.67		147	3.97		135	3.65		95	2.57		1136	30.69		23	0.62					3702	
	THIRD			2	8.70		4	17.39		1	4.35		10	43.48		2	8.70		4	17.39			Excluded					23	
		TOTAL		218	5.89		1954	52.78		148	4.00		145	3.92		97	2.62		1140	30.79								3702	
	FOURTH			17	17.53		38	39.18		6	6.19		13	13.40			Excluded		23	23.71								97	
		TOTAL		235	6.35		1992	53.81		154	4.16		158	4.27					1163	31.42								3702	
	FIFTH			16	10.13		16	10.13		82	51.90			Excluded					44	27.85								158	
		TOTAL		251	6.78		2008	54.24		236	6.37								1207	32.60								3702	
	SIXTH				Excluded		199	79.28		31	12.35								21	8.37								251	
		TOTAL					2207	59.62		267	7.21								1228	33.17								3702	
	SEVENTH						82	30.71			Excluded								185	69.29								267	
		TOTAL					2289	61.83											1413	38.17								3702	
							Elected																						
																													
PRE POLL																													
	FIRST			226	5.85		1793	46.44		234	6.06		197	5.10		70	1.81		1249	32.35		47	1.22		45	1.17		3861	
	SECOND			8	17.78		9	20.00		9	20.00		6	13.33		0	0.00		7	15.56		6	13.33			Excluded		45	
		TOTAL		234	6.06		1802	46.67		243	6.29		203	5.26		70	1.81		1256	32.53		53	1.37					3861	
	THIRD			4	7.55		6	11.32		7	13.21		26	49.06		3	5.66		7	13.21			Excluded					53	
		TOTAL		238	6.16		1808	46.83		250	6.48		229	5.93		73	1.89		1263	32.71								3861	
	FOURTH			21	28.77		22	30.14		8	10.96		12	16.44			Excluded		10	13.70								73	
		TOTAL		259	6.71		1830	47.40		258	6.68		241	6.24					1273	32.97								3861	
	FIFTH			12	4.98		25	10.37		125	51.87			Excluded					79	32.78								241	
		TOTAL		271	7.02		1855	48.04		383	9.92								1352	35.02								3861	
	SIXTH				Excluded		210	77.49		36	13.28								25	9.23								271	
		TOTAL					2065	53.48		419	10.85								1377	35.66								3861	
	SEVENTH						138	32.94			Excluded								281	67.06								419	
		TOTAL					2203	57.06											1658	42.94								3861	
							Elected																						
																													
PROVISIONAL																													
	FIRST			14	3.83		162	44.26		20	5.46		34	9.29		9	2.46		110	30.05		12	3.28		5	1.37		366	
	SECOND			1	20.00		0	0.00		1	20.00		1	20.00		0	0.00		1	20.00		1	20.00			Excluded		5	
		TOTAL		15	4.10		162	44.26		21	5.74		35	9.56		9	2.46		111	30.33		13	3.55					366	
	THIRD			0	0.00		2	15.38		3	23.08		5	38.46		0	0.00		3	23.08			Excluded					13	
		TOTAL		15	4.10		164	44.81		24	6.56		40	10.93		9	2.46		114	31.15								366	
	FOURTH			2	22.22		3	33.33		0	0.00		3	33.33			Excluded		1	11.11								9	
		TOTAL		17	4.64		167	45.63		24	6.56		43	11.75					115	31.42								366	
	FIFTH			1	2.33		3	6.98		24	55.81			Excluded					15	34.88								43	
		TOTAL		18	4.92		170	46.45		48	13.11								130	35.52								366	
	SIXTH				Excluded		12	66.67		1	5.56								5	27.78								18	
		TOTAL					182	49.73		49	13.39								135	36.89								366	
	SEVENTH						19	38.78			Excluded								30	61.22								49	
		TOTAL					201	54.92											165	45.08								366	
							Elected																						
																													
																													
																													
																													
																													
																													
																													
																													
																													
																													
																													
																													
																													
																													
																													
																													
																													
																													
																													
																													
																													
																													
																													
																													
																													
																													
																													
																													
																													
																													
																													
																													
																													
																													
																													
																													
																													
																													
																													
																													
																													
																													
																													
																													
																													
																													
																													
																													
																													
																													
																													
																													
																													
																													
																													
																													
																													
																													
																													
																													
																													
																													
																													
																													
																													
																													
																													
																													
																													
																													
																													
																													
																													
																													
																													
																													
																													
																													
																													
																													
																													
																													
																													
																													
																													
																													
																													
																													
																													
																													
																													
																													
																													
																													
																													
																													
																													
																													
																													
																													
																													
																													
																													
																													
																													
																													
																													
																													
																													
																													
																													
																													
																													
																													
																													
																													
																													
																													
																													
																													
																													
																													
																													
																													
																													
																													
																													
																													
																													
																													
																													
																													
																													
																													
																													
																													
																													
																													
																													
																													
																													
																													
																													
																													
																													
																													
																													
																													
