House of Representatives - 2001 Election: Queensland																										
Distribution of Preferences																										
By Polling Place																										
Longman																										
				BECKETT			SCOPES			PATRICK			BROUGH			HALLAM			HARDWICK			BOWDEN				
				Stephen			Eve			Bronwyn			Mal			Brian			Leslie Vernon			Bert				
				ALP			GRN			DEM			LP			IND			CEC			HAN				
	Count			Votes	%		Votes	%		Votes	%		Votes	%		Votes	%		Votes	%		Votes	%		Total	
Banksia Beach                                                  																										
	FIRST			850	34.12		38	1.53		61	2.45		1323	53.11		28	1.12		3	0.12		188	7.55		2491	
	SECOND			0	0.00		0	0.00		0	0.00		1	33.33		1	33.33			Excluded		1	33.33		3	
		TOTAL		850	34.12		38	1.53		61	2.45		1324	53.15		29	1.16					189	7.59		2491	
	THIRD			5	17.24		3	10.34		6	20.69		6	20.69			Excluded					9	31.03		29	
		TOTAL		855	34.32		41	1.65		67	2.69		1330	53.39								198	7.95		2491	
	FOURTH			16	39.02			Excluded		17	41.46		5	12.20								3	7.32		41	
		TOTAL		871	34.97					84	3.37		1335	53.59								201	8.07		2491	
	FIFTH			56	66.67						Excluded		19	22.62								9	10.71		84	
		TOTAL		927	37.21								1354	54.36								210	8.43		2491	
	SIXTH			122	58.10								88	41.90									Excluded		210	
		TOTAL		1049	42.11								1442	57.89											2491	
													Elected													
																										
Beachmere                                                      																										
	FIRST			671	39.01		31	1.80		53	3.08		746	43.37		42	2.44		2	0.12		175	10.17		1720	
	SECOND			0	0.00		2	100.00		0	0.00		0	0.00		0	0.00			Excluded		0	0.00		2	
		TOTAL		671	39.01		33	1.92		53	3.08		746	43.37		42	2.44					175	10.17		1720	
	THIRD			3	7.14		5	11.90		5	11.90		11	26.19			Excluded					18	42.86		42	
		TOTAL		674	39.19		38	2.21		58	3.37		757	44.01								193	11.22		1720	
	FOURTH			11	28.95			Excluded		14	36.84		6	15.79								7	18.42		38	
		TOTAL		685	39.83					72	4.19		763	44.36								200	11.63		1720	
	FIFTH			39	54.17						Excluded		26	36.11								7	9.72		72	
		TOTAL		724	42.09								789	45.87								207	12.03		1720	
	SIXTH			106	51.21								101	48.79									Excluded		207	
		TOTAL		830	48.26								890	51.74											1720	
													Elected													
																										
Beerburrum                                                     																										
	FIRST			106	39.41		7	2.60		11	4.09		121	44.98		5	1.86		0	0.00		19	7.06		269	
	SECOND			0	0.00		0	0.00		0	0.00		0	0.00		0	0.00			Excluded		0	0.00		0	
		TOTAL		106	39.41		7	2.60		11	4.09		121	44.98		5	1.86					19	7.06		269	
	THIRD			1	20.00		0	0.00		2	40.00		1	20.00			Excluded					1	20.00		5	
		TOTAL		107	39.78		7	2.60		13	4.83		122	45.35								20	7.43		269	
	FOURTH			0	0.00			Excluded		6	85.71		0	0.00								1	14.29		7	
		TOTAL		107	39.78					19	7.06		122	45.35								21	7.81		269	
	FIFTH			15	78.95						Excluded		3	15.79								1	5.26		19	
		TOTAL		122	45.35								125	46.47								22	8.18		269	
	SIXTH			11	50.00								11	50.00									Excluded		22	
		TOTAL		133	49.44								136	50.56											269	
													Elected													
																										
Beerwah                                                        																										
	FIRST			615	31.03		94	4.74		78	3.94		958	48.34		59	2.98		0	0.00		178	8.98		1982	
	SECOND			0	0.00		0	0.00		0	0.00		0	0.00		0	0.00			Excluded		0	0.00		0	
		TOTAL		615	31.03		94	4.74		78	3.94		958	48.34		59	2.98					178	8.98		1982	
	THIRD			7	11.86		7	11.86		9	15.25		15	25.42			Excluded					21	35.59		59	
		TOTAL		622	31.38		101	5.10		87	4.39		973	49.09								199	10.04		1982	
	FOURTH			23	22.77			Excluded		51	50.50		10	9.90								17	16.83		101	
		TOTAL		645	32.54					138	6.96		983	49.60								216	10.90		1982	
	FIFTH			81	58.70						Excluded		33	23.91								24	17.39		138	
		TOTAL		726	36.63								1016	51.26								240	12.11		1982	
	SIXTH			117	48.75								123	51.25									Excluded		240	
		TOTAL		843	42.53								1139	57.47											1982	
													Elected													
																										
Bellara                                                        																										
	FIRST			1108	40.75		44	1.62		58	2.13		1301	47.85		31	1.14		3	0.11		174	6.40		2719	
	SECOND			0	0.00		0	0.00		0	0.00		0	0.00		2	66.67			Excluded		1	33.33		3	
		TOTAL		1108	40.75		44	1.62		58	2.13		1301	47.85		33	1.21					175	6.44		2719	
	THIRD			5	15.15		7	21.21		3	9.09		6	18.18			Excluded					12	36.36		33	
		TOTAL		1113	40.93		51	1.88		61	2.24		1307	48.07								187	6.88		2719	
	FOURTH			18	35.29			Excluded		24	47.06		4	7.84								5	9.80		51	
		TOTAL		1131	41.60					85	3.13		1311	48.22								192	7.06		2719	
	FIFTH			63	74.12						Excluded		12	14.12								10	11.76		85	
		TOTAL		1194	43.91								1323	48.66								202	7.43		2719	
	SIXTH			130	64.36								72	35.64									Excluded		202	
		TOTAL		1324	48.69								1395	51.31											2719	
													Elected													
																										
Bongaree                                                       																										
	FIRST			1008	38.80		50	1.92		55	2.12		1263	48.61		48	1.85		0	0.00		174	6.70		2598	
	SECOND			0	0.00		0	0.00		0	0.00		0	0.00		0	0.00			Excluded		0	0.00		0	
		TOTAL		1008	38.80		50	1.92		55	2.12		1263	48.61		48	1.85					174	6.70		2598	
	THIRD			5	10.42		7	14.58		7	14.58		13	27.08			Excluded					16	33.33		48	
		TOTAL		1013	38.99		57	2.19		62	2.39		1276	49.11								190	7.31		2598	
	FOURTH			26	45.61			Excluded		18	31.58		9	15.79								4	7.02		57	
		TOTAL		1039	39.99					80	3.08		1285	49.46								194	7.47		2598	
	FIFTH			44	55.00						Excluded		24	30.00								12	15.00		80	
		TOTAL		1083	41.69								1309	50.38								206	7.93		2598	
	SIXTH			112	54.37								94	45.63									Excluded		206	
		TOTAL		1195	46.00								1403	54.00											2598	
													Elected													
																										
Brisbane City (Longman)                                        																										
	FIRST			28	29.47		9	9.47		7	7.37		44	46.32		3	3.16		0	0.00		4	4.21		95	
	SECOND			0	0.00		0	0.00		0	0.00		0	0.00		0	0.00			Excluded		0	0.00		0	
		TOTAL		28	29.47		9	9.47		7	7.37		44	46.32		3	3.16					4	4.21		95	
	THIRD			0	0.00		1	33.33		0	0.00		1	33.33			Excluded					1	33.33		3	
		TOTAL		28	29.47		10	10.53		7	7.37		45	47.37								5	5.26		95	
	FOURTH			5	50.00			Excluded		3	30.00		2	20.00								0	0.00		10	
		TOTAL		33	34.74					10	10.53		47	49.47								5	5.26		95	
	FIFTH			6	60.00						Excluded		3	30.00								1	10.00		10	
		TOTAL		39	41.05								50	52.63								6	6.32		95	
	SIXTH			2	33.33								4	66.67									Excluded		6	
		TOTAL		41	43.16								54	56.84											95	
													Elected													
																										
Burpengary                                                     																										
	FIRST			1018	36.87		54	1.96		119	4.31		1242	44.98		86	3.11		2	0.07		240	8.69		2761	
	SECOND			1	50.00		0	0.00		0	0.00		0	0.00		1	50.00			Excluded		0	0.00		2	
		TOTAL		1019	36.91		54	1.96		119	4.31		1242	44.98		87	3.15					240	8.69		2761	
	THIRD			12	13.79		13	14.94		8	9.20		21	24.14			Excluded					33	37.93		87	
		TOTAL		1031	37.34		67	2.43		127	4.60		1263	45.74								273	9.89		2761	
	FOURTH			21	31.34			Excluded		25	37.31		11	16.42								10	14.93		67	
		TOTAL		1052	38.10					152	5.51		1274	46.14								283	10.25		2761	
	FIFTH			98	64.47						Excluded		36	23.68								18	11.84		152	
		TOTAL		1150	41.65								1310	47.45								301	10.90		2761	
	SIXTH			163	54.15								138	45.85									Excluded		301	
		TOTAL		1313	47.56								1448	52.44											2761	
													Elected													
																										
Burpengary East                                                																										
	FIRST			484	35.59		15	1.10		51	3.75		678	49.85		30	2.21		1	0.07		101	7.43		1360	
	SECOND			0	0.00		0	0.00		0	0.00		0	0.00		0	0.00			Excluded		1	100.00		1	
		TOTAL		484	35.59		15	1.10		51	3.75		678	49.85		30	2.21					102	7.50		1360	
	THIRD			4	13.33		1	3.33		3	10.00		5	16.67			Excluded					17	56.67		30	
		TOTAL		488	35.88		16	1.18		54	3.97		683	50.22								119	8.75		1360	
	FOURTH			7	43.75			Excluded		7	43.75		2	12.50								0	0.00		16	
		TOTAL		495	36.40					61	4.49		685	50.37								119	8.75		1360	
	FIFTH			41	67.21						Excluded		13	21.31								7	11.48		61	
		TOTAL		536	39.41								698	51.32								126	9.26		1360	
	SIXTH			66	52.38								60	47.62									Excluded		126	
		TOTAL		602	44.26								758	55.74											1360	
													Elected													
																										
Burpengary South                                               																										
	FIRST			527	31.80		40	2.41		83	5.01		840	50.69		38	2.29		3	0.18		126	7.60		1657	
	SECOND			0	0.00		0	0.00		0	0.00		1	33.33		2	66.67			Excluded		0	0.00		3	
		TOTAL		527	31.80		40	2.41		83	5.01		841	50.75		40	2.41					126	7.60		1657	
	THIRD			6	15.00		2	5.00		5	12.50		12	30.00			Excluded					15	37.50		40	
		TOTAL		533	32.17		42	2.53		88	5.31		853	51.48								141	8.51		1657	
	FOURTH			16	38.10			Excluded		15	35.71		5	11.90								6	14.29		42	
		TOTAL		549	33.13					103	6.22		858	51.78								147	8.87		1657	
	FIFTH			66	64.08						Excluded		24	23.30								13	12.62		103	
		TOTAL		615	37.12								882	53.23								160	9.66		1657	
	SIXTH			84	52.50								76	47.50									Excluded		160	
		TOTAL		699	42.18								958	57.82											1657	
													Elected													
																										
Burpengary West                                                																										
	FIRST			1069	37.33		83	2.90		138	4.82		1293	45.15		72	2.51		5	0.17		204	7.12		2864	
	SECOND			0	0.00		1	20.00		1	20.00		1	20.00		2	40.00			Excluded		0	0.00		5	
		TOTAL		1069	37.33		84	2.93		139	4.85		1294	45.18		74	2.58					204	7.12		2864	
	THIRD			10	13.51		16	21.62		15	20.27		18	24.32			Excluded					15	20.27		74	
		TOTAL		1079	37.67		100	3.49		154	5.38		1312	45.81								219	7.65		2864	
	FOURTH			21	21.00			Excluded		42	42.00		27	27.00								10	10.00		100	
		TOTAL		1100	38.41					196	6.84		1339	46.75								229	8.00		2864	
	FIFTH			113	57.65						Excluded		53	27.04								30	15.31		196	
		TOTAL		1213	42.35								1392	48.60								259	9.04		2864	
	SIXTH			145	55.98								114	44.02									Excluded		259	
		TOTAL		1358	47.42								1506	52.58											2864	
													Elected													
																										
Caboolture                                                     																										
	FIRST			1909	40.33		129	2.72		210	4.44		1973	41.68		109	2.30		11	0.23		393	8.30		4734	
	SECOND			1	9.09		2	18.18		1	9.09		1	9.09		4	36.36			Excluded		2	18.18		11	
		TOTAL		1910	40.35		131	2.77		211	4.46		1974	41.70		113	2.39					395	8.34		4734	
	THIRD			20	17.70		14	12.39		14	12.39		26	23.01			Excluded					39	34.51		113	
		TOTAL		1930	40.77		145	3.06		225	4.75		2000	42.25								434	9.17		4734	
	FOURTH			46	31.72			Excluded		59	40.69		22	15.17								18	12.41		145	
		TOTAL		1976	41.74					284	6.00		2022	42.71								452	9.55		4734	
	FIFTH			160	56.34						Excluded		81	28.52								43	15.14		284	
		TOTAL		2136	45.12								2103	44.42								495	10.46		4734	
	SIXTH			278	56.16								217	43.84									Excluded		495	
		TOTAL		2414	50.99								2320	49.01											4734	
													Elected													
																										
Caboolture East                                                																										
	FIRST			953	42.49		86	3.83		84	3.74		853	38.03		57	2.54		6	0.27		204	9.09		2243	
	SECOND			1	16.67		1	16.67		0	0.00		0	0.00		2	33.33			Excluded		2	33.33		6	
		TOTAL		954	42.53		87	3.88		84	3.74		853	38.03		59	2.63					206	9.18		2243	
	THIRD			14	23.73		2	3.39		7	11.86		10	16.95			Excluded					26	44.07		59	
		TOTAL		968	43.16		89	3.97		91	4.06		863	38.48								232	10.34		2243	
	FOURTH			32	35.96			Excluded		35	39.33		13	14.61								9	10.11		89	
		TOTAL		1000	44.58					126	5.62		876	39.05								241	10.74		2243	
	FIFTH			73	57.94						Excluded		33	26.19								20	15.87		126	
		TOTAL		1073	47.84								909	40.53								261	11.64		2243	
	SIXTH			153	58.62								108	41.38									Excluded		261	
		TOTAL		1226	54.66								1017	45.34											2243	
													Elected													
																										
Caboolture West                                                																										
	FIRST			952	37.30		73	2.86		112	4.39		1156	45.30		47	1.84		2	0.08		210	8.23		2552	
	SECOND			0	0.00		2	100.00		0	0.00		0	0.00		0	0.00			Excluded		0	0.00		2	
		TOTAL		952	37.30		75	2.94		112	4.39		1156	45.30		47	1.84					210	8.23		2552	
	THIRD			6	12.77		12	25.53		7	14.89		10	21.28			Excluded					12	25.53		47	
		TOTAL		958	37.54		87	3.41		119	4.66		1166	45.69								222	8.70		2552	
	FOURTH			25	28.74			Excluded		39	44.83		13	14.94								10	11.49		87	
		TOTAL		983	38.52					158	6.19		1179	46.20								232	9.09		2552	
	FIFTH			105	66.46						Excluded		26	16.46								27	17.09		158	
		TOTAL		1088	42.63								1205	47.22								259	10.15		2552	
	SIXTH			146	56.37								113	43.63									Excluded		259	
		TOTAL		1234	48.35								1318	51.65											2552	
													Elected													
																										
Conondale                                                      																										
	FIRST			93	24.35		71	18.59		27	7.07		134	35.08		19	4.97		4	1.05		34	8.90		382	
	SECOND			0	0.00		1	25.00		0	0.00		1	25.00		0	0.00			Excluded		2	50.00		4	
		TOTAL		93	24.35		72	18.85		27	7.07		135	35.34		19	4.97					36	9.42		382	
	THIRD			4	21.05		3	15.79		4	21.05		1	5.26			Excluded					7	36.84		19	
		TOTAL		97	25.39		75	19.63		31	8.12		136	35.60								43	11.26		382	
	FOURTH			25	33.33			Excluded		39	52.00		3	4.00								8	10.67		75	
		TOTAL		122	31.94					70	18.32		139	36.39								51	13.35		382	
	FIFTH			53	75.71						Excluded		9	12.86								8	11.43		70	
		TOTAL		175	45.81								148	38.74								59	15.45		382	
	SIXTH			25	42.37								34	57.63									Excluded		59	
		TOTAL		200	52.36								182	47.64											382	
													Elected													
																										
Deception Bay                                                  																										
	FIRST			544	50.98		31	2.91		31	2.91		333	31.21		20	1.87		2	0.19		106	9.93		1067	
	SECOND			0	0.00		0	0.00		1	50.00		1	50.00		0	0.00			Excluded		0	0.00		2	
		TOTAL		544	50.98		31	2.91		32	3.00		334	31.30		20	1.87					106	9.93		1067	
	THIRD			4	20.00		1	5.00		0	0.00		9	45.00			Excluded					6	30.00		20	
		TOTAL		548	51.36		32	3.00		32	3.00		343	32.15								112	10.50		1067	
	FOURTH			7	21.88			Excluded		15	46.88		5	15.63								5	15.63		32	
		TOTAL		555	52.01					47	4.40		348	32.61								117	10.97		1067	
	FIFTH			30	63.83						Excluded		10	21.28								7	14.89		47	
		TOTAL		585	54.83								358	33.55								124	11.62		1067	
	SIXTH			76	61.29								48	38.71									Excluded		124	
		TOTAL		661	61.95								406	38.05											1067	
													Elected													
																										
Deception Bay North                                            																										
	FIRST			1454	47.02		67	2.17		118	3.82		1103	35.67		56	1.81		4	0.13		290	9.38		3092	
	SECOND			0	0.00		2	50.00		1	25.00		0	0.00		1	25.00			Excluded		0	0.00		4	
		TOTAL		1454	47.02		69	2.23		119	3.85		1103	35.67		57	1.84					290	9.38		3092	
	THIRD			12	21.05		10	17.54		6	10.53		11	19.30			Excluded					18	31.58		57	
		TOTAL		1466	47.41		79	2.55		125	4.04		1114	36.03								308	9.96		3092	
	FOURTH			27	34.18			Excluded		23	29.11		13	16.46								16	20.25		79	
		TOTAL		1493	48.29					148	4.79		1127	36.45								324	10.48		3092	
	FIFTH			89	60.14						Excluded		29	19.59								30	20.27		148	
		TOTAL		1582	51.16								1156	37.39								354	11.45		3092	
	SIXTH			202	57.06								152	42.94									Excluded		354	
		TOTAL		1784	57.70								1308	42.30											3092	
													Elected													
																										
Deception Bay South (Longman)                                  																										
	FIRST			399	48.25		9	1.09		35	4.23		303	36.64		23	2.78		1	0.12		57	6.89		827	
	SECOND			0	0.00		0	0.00		0	0.00		0	0.00		0	0.00			Excluded		1	100.00		1	
		TOTAL		399	48.25		9	1.09		35	4.23		303	36.64		23	2.78					58	7.01		827	
	THIRD			4	17.39		2	8.70		5	21.74		2	8.70			Excluded					10	43.48		23	
		TOTAL		403	48.73		11	1.33		40	4.84		305	36.88								68	8.22		827	
	FOURTH			2	18.18			Excluded		6	54.55		3	27.27								0	0.00		11	
		TOTAL		405	48.97					46	5.56		308	37.24								68	8.22		827	
	FIFTH			26	56.52						Excluded		14	30.43								6	13.04		46	
		TOTAL		431	52.12								322	38.94								74	8.95		827	
	SIXTH			36	48.65								38	51.35									Excluded		74	
		TOTAL		467	56.47								360	43.53											827	
													Elected													
																										
Donnybrook                                                     																										
	FIRST			169	41.32		7	1.71		11	2.69		154	37.65		13	3.18		1	0.24		54	13.20		409	
	SECOND			0	0.00		0	0.00		0	0.00		0	0.00		1	100.00			Excluded		0	0.00		1	
		TOTAL		169	41.32		7	1.71		11	2.69		154	37.65		14	3.42					54	13.20		409	
	THIRD			3	21.43		2	14.29		1	7.14		0	0.00			Excluded					8	57.14		14	
		TOTAL		172	42.05		9	2.20		12	2.93		154	37.65								62	15.16		409	
	FOURTH			3	33.33			Excluded		5	55.56		0	0.00								1	11.11		9	
		TOTAL		175	42.79					17	4.16		154	37.65								63	15.40		409	
	FIFTH			8	47.06						Excluded		8	47.06								1	5.88		17	
		TOTAL		183	44.74								162	39.61								64	15.65		409	
	SIXTH			39	60.94								25	39.06									Excluded		64	
		TOTAL		222	54.28								187	45.72											409	
													Elected													
																										
Elimbah                                                        																										
	FIRST			451	33.02		34	2.49		51	3.73		643	47.07		51	3.73		1	0.07		135	9.88		1366	
	SECOND			0	0.00		1	100.00		0	0.00		0	0.00		0	0.00			Excluded		0	0.00		1	
		TOTAL		451	33.02		35	2.56		51	3.73		643	47.07		51	3.73					135	9.88		1366	
	THIRD			8	15.69		5	9.80		5	9.80		10	19.61			Excluded					23	45.10		51	
		TOTAL		459	33.60		40	2.93		56	4.10		653	47.80								158	11.57		1366	
	FOURTH			10	25.00			Excluded		12	30.00		8	20.00								10	25.00		40	
		TOTAL		469	34.33					68	4.98		661	48.39								168	12.30		1366	
	FIFTH			31	45.59						Excluded		28	41.18								9	13.24		68	
		TOTAL		500	36.60								689	50.44								177	12.96		1366	
	SIXTH			101	57.06								76	42.94									Excluded		177	
		TOTAL		601	44.00								765	56.00											1366	
													Elected													
																										
Glass House Mountains                                          																										
	FIRST			557	30.55		65	3.57		60	3.29		973	53.37		30	1.65		3	0.16		135	7.41		1823	
	SECOND			1	33.33		0	0.00		0	0.00		0	0.00		0	0.00			Excluded		2	66.67		3	
		TOTAL		558	30.61		65	3.57		60	3.29		973	53.37		30	1.65					137	7.52		1823	
	THIRD			7	23.33		4	13.33		0	0.00		8	26.67			Excluded					11	36.67		30	
		TOTAL		565	30.99		69	3.78		60	3.29		981	53.81								148	8.12		1823	
	FOURTH			25	36.23			Excluded		27	39.13		11	15.94								6	8.70		69	
		TOTAL		590	32.36					87	4.77		992	54.42								154	8.45		1823	
	FIFTH			49	56.32						Excluded		28	32.18								10	11.49		87	
		TOTAL		639	35.05								1020	55.95								164	9.00		1823	
	SIXTH			83	50.61								81	49.39									Excluded		164	
		TOTAL		722	39.61								1101	60.39											1823	
													Elected													
																										
Landsborough                                                   																										
	FIRST			618	35.76		117	6.77		45	2.60		736	42.59		42	2.43		3	0.17		167	9.66		1728	
	SECOND			0	0.00		0	0.00		0	0.00		0	0.00		1	33.33			Excluded		2	66.67		3	
		TOTAL		618	35.76		117	6.77		45	2.60		736	42.59		43	2.49					169	9.78		1728	
	THIRD			7	16.28		7	16.28		2	4.65		10	23.26			Excluded					17	39.53		43	
		TOTAL		625	36.17		124	7.18		47	2.72		746	43.17								186	10.76		1728	
	FOURTH			39	31.45			Excluded		48	38.71		20	16.13								17	13.71		124	
		TOTAL		664	38.43					95	5.50		766	44.33								203	11.75		1728	
	FIFTH			55	57.89						Excluded		18	18.95								22	23.16		95	
		TOTAL		719	41.61								784	45.37								225	13.02		1728	
	SIXTH			119	52.89								106	47.11									Excluded		225	
		TOTAL		838	48.50								890	51.50											1728	
													Elected													
																										
Maleny                                                         																										
	FIRST			781	26.09		327	10.93		158	5.28		1494	49.92		83	2.77		5	0.17		145	4.84		2993	
	SECOND			0	0.00		1	20.00		0	0.00		0	0.00		2	40.00			Excluded		2	40.00		5	
		TOTAL		781	26.09		328	10.96		158	5.28		1494	49.92		85	2.84					147	4.91		2993	
	THIRD			11	12.94		20	23.53		8	9.41		17	20.00			Excluded					29	34.12		85	
		TOTAL		792	26.46		348	11.63		166	5.55		1511	50.48								176	5.88		2993	
	FOURTH			131	37.64			Excluded		169	48.56		29	8.33								19	5.46		348	
		TOTAL		923	30.84					335	11.19		1540	51.45								195	6.52		2993	
	FIFTH			246	73.43						Excluded		58	17.31								31	9.25		335	
		TOTAL		1169	39.06								1598	53.39								226	7.55		2993	
	SIXTH			103	45.58								123	54.42									Excluded		226	
		TOTAL		1272	42.50								1721	57.50											2993	
													Elected													
																										
Morayfield                                                     																										
	FIRST			1611	39.06		142	3.44		179	4.34		1772	42.97		95	2.30		7	0.17		318	7.71		4124	
	SECOND			1	14.29		1	14.29		0	0.00		1	14.29		3	42.86			Excluded		1	14.29		7	
		TOTAL		1612	39.09		143	3.47		179	4.34		1773	42.99		98	2.38					319	7.74		4124	
	THIRD			11	11.22		17	17.35		9	9.18		19	19.39			Excluded					42	42.86		98	
		TOTAL		1623	39.35		160	3.88		188	4.56		1792	43.45								361	8.75		4124	
	FOURTH			52	32.50			Excluded		65	40.63		18	11.25								25	15.63		160	
		TOTAL		1675	40.62					253	6.13		1810	43.89								386	9.36		4124	
	FIFTH			141	55.73						Excluded		76	30.04								36	14.23		253	
		TOTAL		1816	44.03								1886	45.73								422	10.23		4124	
	SIXTH			228	54.03								194	45.97									Excluded		422	
		TOTAL		2044	49.56								2080	50.44											4124	
													Elected													
																										
Morayfield East                                                																										
	FIRST			746	37.04		56	2.78		98	4.87		936	46.47		41	2.04		2	0.10		135	6.70		2014	
	SECOND			0	0.00		0	0.00		0	0.00		1	50.00		0	0.00			Excluded		1	50.00		2	
		TOTAL		746	37.04		56	2.78		98	4.87		937	46.52		41	2.04					136	6.75		2014	
	THIRD			11	26.83		3	7.32		4	9.76		6	14.63			Excluded					17	41.46		41	
		TOTAL		757	37.59		59	2.93		102	5.06		943	46.82								153	7.60		2014	
	FOURTH			21	35.59			Excluded		19	32.20		9	15.25								10	16.95		59	
		TOTAL		778	38.63					121	6.01		952	47.27								163	8.09		2014	
	FIFTH			71	58.68						Excluded		26	21.49								24	19.83		121	
		TOTAL		849	42.15								978	48.56								187	9.29		2014	
	SIXTH			91	48.66								96	51.34									Excluded		187	
		TOTAL		940	46.67								1074	53.33											2014	
													Elected													
																										
Morayfield West                                                																										
	FIRST			1001	37.75		59	2.22		127	4.79		1175	44.31		70	2.64		4	0.15		216	8.14		2652	
	SECOND			0	0.00		0	0.00		0	0.00		0	0.00		0	0.00			Excluded		4	100.00		4	
		TOTAL		1001	37.75		59	2.22		127	4.79		1175	44.31		70	2.64					220	8.30		2652	
	THIRD			10	14.29		5	7.14		11	15.71		16	22.86			Excluded					28	40.00		70	
		TOTAL		1011	38.12		64	2.41		138	5.20		1191	44.91								248	9.35		2652	
	FOURTH			24	37.50			Excluded		25	39.06		9	14.06								6	9.38		64	
		TOTAL		1035	39.03					163	6.15		1200	45.25								254	9.58		2652	
	FIFTH			113	69.33						Excluded		34	20.86								16	9.82		163	
		TOTAL		1148	43.29								1234	46.53								270	10.18		2652	
	SIXTH			156	57.78								114	42.22									Excluded		270	
		TOTAL		1304	49.17								1348	50.83											2652	
													Elected													
																										
Mount Mee                                                      																										
	FIRST			56	24.89		7	3.11		10	4.44		116	51.56		5	2.22		7	3.11		24	10.67		225	
	SECOND			0	0.00		0	0.00		0	0.00		1	14.29		4	57.14			Excluded		2	28.57		7	
		TOTAL		56	24.89		7	3.11		10	4.44		117	52.00		9	4.00					26	11.56		225	
	THIRD			0	0.00		0	0.00		0	0.00		3	33.33			Excluded					6	66.67		9	
		TOTAL		56	24.89		7	3.11		10	4.44		120	53.33								32	14.22		225	
	FOURTH			2	28.57			Excluded		5	71.43		0	0.00								0	0.00		7	
		TOTAL		58	25.78					15	6.67		120	53.33								32	14.22		225	
	FIFTH			11	73.33						Excluded		2	13.33								2	13.33		15	
		TOTAL		69	30.67								122	54.22								34	15.11		225	
	SIXTH			14	41.18								20	58.82									Excluded		34	
		TOTAL		83	36.89								142	63.11											225	
													Elected													
																										
Narangba                                                       																										
	FIRST			1090	34.75		133	4.24		185	5.90		1464	46.67		63	2.01		3	0.10		199	6.34		3137	
	SECOND			0	0.00		1	33.33		0	0.00		0	0.00		2	66.67			Excluded		0	0.00		3	
		TOTAL		1090	34.75		134	4.27		185	5.90		1464	46.67		65	2.07					199	6.34		3137	
	THIRD			7	10.77		8	12.31		10	15.38		19	29.23			Excluded					21	32.31		65	
		TOTAL		1097	34.97		142	4.53		195	6.22		1483	47.27								220	7.01		3137	
	FOURTH			45	31.69			Excluded		63	44.37		21	14.79								13	9.15		142	
		TOTAL		1142	36.40					258	8.22		1504	47.94								233	7.43		3137	
	FIFTH			158	61.24						Excluded		69	26.74								31	12.02		258	
		TOTAL		1300	41.44								1573	50.14								264	8.42		3137	
	SIXTH			138	52.27								126	47.73									Excluded		264	
		TOTAL		1438	45.84								1699	54.16											3137	
													Elected													
																										
Narangba North                                                 																										
	FIRST			160	38.55		20	4.82		12	2.89		192	46.27		12	2.89		2	0.48		17	4.10		415	
	SECOND			1	50.00		1	50.00		0	0.00		0	0.00		0	0.00			Excluded		0	0.00		2	
		TOTAL		161	38.80		21	5.06		12	2.89		192	46.27		12	2.89					17	4.10		415	
	THIRD			1	8.33		2	16.67		1	8.33		1	8.33			Excluded					7	58.33		12	
		TOTAL		162	39.04		23	5.54		13	3.13		193	46.51								24	5.78		415	
	FOURTH			7	30.43			Excluded		15	65.22		1	4.35								0	0.00		23	
		TOTAL		169	40.72					28	6.75		194	46.75								24	5.78		415	
	FIFTH			12	42.86						Excluded		10	35.71								6	21.43		28	
		TOTAL		181	43.61								204	49.16								30	7.23		415	
	SIXTH			21	70.00								9	30.00									Excluded		30	
		TOTAL		202	48.67								213	51.33											415	
													Elected													
																										
Ningi                                                          																										
	FIRST			893	39.69		38	1.69		60	2.67		1021	45.38		32	1.42		0	0.00		206	9.16		2250	
	SECOND			0	0.00		0	0.00		0	0.00		0	0.00		0	0.00			Excluded		0	0.00		0	
		TOTAL		893	39.69		38	1.69		60	2.67		1021	45.38		32	1.42					206	9.16		2250	
	THIRD			3	9.38		5	15.63		2	6.25		8	25.00			Excluded					14	43.75		32	
		TOTAL		896	39.82		43	1.91		62	2.76		1029	45.73								220	9.78		2250	
	FOURTH			15	34.88			Excluded		16	37.21		8	18.60								4	9.30		43	
		TOTAL		911	40.49					78	3.47		1037	46.09								224	9.96		2250	
	FIFTH			46	58.97						Excluded		21	26.92								11	14.10		78	
		TOTAL		957	42.53								1058	47.02								235	10.44		2250	
	SIXTH			137	58.30								98	41.70									Excluded		235	
		TOTAL		1094	48.62								1156	51.38											2250	
													Elected													
																										
Peachester                                                     																										
	FIRST			172	28.57		29	4.82		23	3.82		296	49.17		14	2.33		0	0.00		68	11.30		602	
	SECOND			0	0.00		0	0.00		0	0.00		0	0.00		0	0.00			Excluded		0	0.00		0	
		TOTAL		172	28.57		29	4.82		23	3.82		296	49.17		14	2.33					68	11.30		602	
	THIRD			4	28.57		1	7.14		2	14.29		3	21.43			Excluded					4	28.57		14	
		TOTAL		176	29.24		30	4.98		25	4.15		299	49.67								72	11.96		602	
	FOURTH			12	40.00			Excluded		13	43.33		1	3.33								4	13.33		30	
		TOTAL		188	31.23					38	6.31		300	49.83								76	12.62		602	
	FIFTH			23	60.53						Excluded		4	10.53								11	28.95		38	
		TOTAL		211	35.05								304	50.50								87	14.45		602	
	SIXTH			46	52.87								41	47.13									Excluded		87	
		TOTAL		257	42.69								345	57.31											602	
													Elected													
																										
Toorbul                                                        																										
	FIRST			192	36.85		4	0.77		11	2.11		218	41.84		9	1.73		0	0.00		87	16.70		521	
	SECOND			0	0.00		0	0.00		0	0.00		0	0.00		0	0.00			Excluded		0	0.00		0	
		TOTAL		192	36.85		4	0.77		11	2.11		218	41.84		9	1.73					87	16.70		521	
	THIRD			0	0.00		0	0.00		0	0.00		3	33.33			Excluded					6	66.67		9	
		TOTAL		192	36.85		4	0.77		11	2.11		221	42.42								93	17.85		521	
	FOURTH			2	50.00			Excluded		2	50.00		0	0.00								0	0.00		4	
		TOTAL		194	37.24					13	2.50		221	42.42								93	17.85		521	
	FIFTH			9	69.23						Excluded		2	15.38								2	15.38		13	
		TOTAL		203	38.96								223	42.80								95	18.23		521	
	SIXTH			64	67.37								31	32.63									Excluded		95	
		TOTAL		267	51.25								254	48.75											521	
													Elected													
																										
Wamuran                                                        																										
	FIRST			360	29.65		33	2.72		43	3.54		608	50.08		32	2.64		5	0.41		133	10.96		1214	
	SECOND			1	20.00		0	0.00		0	0.00		0	0.00		1	20.00			Excluded		3	60.00		5	
		TOTAL		361	29.74		33	2.72		43	3.54		608	50.08		33	2.72					136	11.20		1214	
	THIRD			3	9.09		5	15.15		3	9.09		6	18.18			Excluded					16	48.48		33	
		TOTAL		364	29.98		38	3.13		46	3.79		614	50.58								152	12.52		1214	
	FOURTH			9	23.68			Excluded		19	50.00		6	15.79								4	10.53		38	
		TOTAL		373	30.72					65	5.35		620	51.07								156	12.85		1214	
	FIFTH			38	58.46						Excluded		18	27.69								9	13.85		65	
		TOTAL		411	33.86								638	52.55								165	13.59		1214	
	SIXTH			96	58.18								69	41.82									Excluded		165	
		TOTAL		507	41.76								707	58.24											1214	
													Elected													
																										
Woodford                                                       																										
	FIRST			633	32.75		65	3.36		74	3.83		849	43.92		65	3.36		15	0.78		232	12.00		1933	
	SECOND			1	6.67		1	6.67		0	0.00		1	6.67		5	33.33			Excluded		7	46.67		15	
		TOTAL		634	32.80		66	3.41		74	3.83		850	43.97		70	3.62					239	12.36		1933	
	THIRD			8	11.43		8	11.43		6	8.57		16	22.86			Excluded					32	45.71		70	
		TOTAL		642	33.21		74	3.83		80	4.14		866	44.80								271	14.02		1933	
	FOURTH			23	31.08			Excluded		26	35.14		9	12.16								16	21.62		74	
		TOTAL		665	34.40					106	5.48		875	45.27								287	14.85		1933	
	FIFTH			64	60.38						Excluded		24	22.64								18	16.98		106	
		TOTAL		729	37.71								899	46.51								305	15.78		1933	
	SIXTH			158	51.80								147	48.20									Excluded		305	
		TOTAL		887	45.89								1046	54.11											1933	
													Elected													
																										
Woorim                                                         																										
	FIRST			454	41.73		25	2.30		25	2.30		516	47.43		13	1.19		2	0.18		53	4.87		1088	
	SECOND			0	0.00		0	0.00		0	0.00		0	0.00		2	100.00			Excluded		0	0.00		2	
		TOTAL		454	41.73		25	2.30		25	2.30		516	47.43		15	1.38					53	4.87		1088	
	THIRD			2	13.33		1	6.67		3	20.00		2	13.33			Excluded					7	46.67		15	
		TOTAL		456	41.91		26	2.39		28	2.57		518	47.61								60	5.51		1088	
	FOURTH			6	23.08			Excluded		13	50.00		6	23.08								1	3.85		26	
		TOTAL		462	42.46					41	3.77		524	48.16								61	5.61		1088	
	FIFTH			29	70.73						Excluded		7	17.07								5	12.20		41	
		TOTAL		491	45.13								531	48.81								66	6.07		1088	
	SIXTH			30	45.45								36	54.55									Excluded		66	
		TOTAL		521	47.89								567	52.11											1088	
													Elected													
																										
Special Hospital Team 1                                        																										
	FIRST			127	37.69		3	0.89		7	2.08		179	53.12		5	1.48		0	0.00		16	4.75		337	
	SECOND			0	0.00		0	0.00		0	0.00		0	0.00		0	0.00			Excluded		0	0.00		0	
		TOTAL		127	37.69		3	0.89		7	2.08		179	53.12		5	1.48					16	4.75		337	
	THIRD			0	0.00		1	20.00		0	0.00		2	40.00			Excluded					2	40.00		5	
		TOTAL		127	37.69		4	1.19		7	2.08		181	53.71								18	5.34		337	
	FOURTH			1	25.00			Excluded		0	0.00		0	0.00								3	75.00		4	
		TOTAL		128	37.98					7	2.08		181	53.71								21	6.23		337	
	FIFTH			4	57.14						Excluded		3	42.86								0	0.00		7	
		TOTAL		132	39.17								184	54.60								21	6.23		337	
	SIXTH			11	52.38								10	47.62									Excluded		21	
		TOTAL		143	42.43								194	57.57											337	
													Elected													
																										
Special Hospital Team 2                                        																										
	FIRST			74	43.79		3	1.78		0	0.00		84	49.70		1	0.59		0	0.00		7	4.14		169	
	SECOND			0	0.00		0	0.00		0	0.00		0	0.00		0	0.00			Excluded		0	0.00		0	
		TOTAL		74	43.79		3	1.78		0	0.00		84	49.70		1	0.59					7	4.14		169	
	THIRD			1	100.00		0	0.00		0	0.00		0	0.00			Excluded					0	0.00		1	
		TOTAL		75	44.38		3	1.78		0	0.00		84	49.70								7	4.14		169	
	FOURTH			1	33.33			Excluded		1	33.33		1	33.33								0	0.00		3	
		TOTAL		76	44.97					1	0.59		85	50.30								7	4.14		169	
	FIFTH			0	0.00						Excluded		1	100.00								0	0.00		1	
		TOTAL		76	44.97								86	50.89								7	4.14		169	
	SIXTH			3	42.86								4	57.14									Excluded		7	
		TOTAL		79	46.75								90	53.25											169	
													Elected													
																										
ABSENT																										
	FIRST			1396	33.39		257	6.15		242	5.79		1769	42.31		107	2.56		20	0.48		390	9.33		4181	
	SECOND			1	5.00		1	5.00		0	0.00		1	5.00		9	45.00			Excluded		8	40.00		20	
		TOTAL		1397	33.41		258	6.17		242	5.79		1770	42.33		116	2.77					398	9.52		4181	
	THIRD			15	12.93		31	26.72		16	13.79		25	21.55			Excluded					29	25.00		116	
		TOTAL		1412	33.77		289	6.91		258	6.17		1795	42.93								427	10.21		4181	
	FOURTH			82	28.37			Excluded		135	46.71		38	13.15								34	11.76		289	
		TOTAL		1494	35.73					393	9.40		1833	43.84								461	11.03		4181	
	FIFTH			203	51.65						Excluded		132	33.59								58	14.76		393	
		TOTAL		1697	40.59								1965	47.00								519	12.41		4181	
	SIXTH			235	45.28								284	54.72									Excluded		519	
		TOTAL		1932	46.21								2249	53.79											4181	
													Elected													
																										
POSTAL																										
	FIRST			1145	32.09		71	1.99		106	2.97		1899	53.22		47	1.32		8	0.22		292	8.18		3568	
	SECOND			0	0.00		1	12.50		1	12.50		0	0.00		4	50.00			Excluded		2	25.00		8	
		TOTAL		1145	32.09		72	2.02		107	3.00		1899	53.22		51	1.43					294	8.24		3568	
	THIRD			9	17.65		5	9.80		9	17.65		15	29.41			Excluded					13	25.49		51	
		TOTAL		1154	32.34		77	2.16		116	3.25		1914	53.64								307	8.60		3568	
	FOURTH			20	25.97			Excluded		40	51.95		10	12.99								7	9.09		77	
		TOTAL		1174	32.90					156	4.37		1924	53.92								314	8.80		3568	
	FIFTH			88	56.41						Excluded		41	26.28								27	17.31		156	
		TOTAL		1262	35.37								1965	55.07								341	9.56		3568	
	SIXTH			159	46.63								182	53.37									Excluded		341	
		TOTAL		1421	39.83								2147	60.17											3568	
													Elected													
																										
PRE POLL																										
	FIRST			934	33.93		93	3.38		110	4.00		1289	46.82		49	1.78		9	0.33		269	9.77		2753	
	SECOND			1	11.11		0	0.00		1	11.11		2	22.22		0	0.00			Excluded		5	55.56		9	
		TOTAL		935	33.96		93	3.38		111	4.03		1291	46.89		49	1.78					274	9.95		2753	
	THIRD			14	28.57		10	20.41		5	10.20		9	18.37			Excluded					11	22.45		49	
		TOTAL		949	34.47		103	3.74		116	4.21		1300	47.22								285	10.35		2753	
	FOURTH			30	29.13			Excluded		45	43.69		12	11.65								16	15.53		103	
		TOTAL		979	35.56					161	5.85		1312	47.66								301	10.93		2753	
	FIFTH			100	62.11						Excluded		45	27.95								16	9.94		161	
		TOTAL		1079	39.19								1357	49.29								317	11.51		2753	
	SIXTH			155	48.90								162	51.10									Excluded		317	
		TOTAL		1234	44.82								1519	55.18											2753	
													Elected													
																										
PROVISIONAL																										
	FIRST			221	41.94		37	7.02		24	4.55		182	34.54		13	2.47		2	0.38		48	9.11		527	
	SECOND			0	0.00		1	50.00		0	0.00		1	50.00		0	0.00			Excluded		0	0.00		2	
		TOTAL		221	41.94		38	7.21		24	4.55		183	34.72		13	2.47					48	9.11		527	
	THIRD			2	15.38		1	7.69		2	15.38		5	38.46			Excluded					3	23.08		13	
		TOTAL		223	42.31		39	7.40		26	4.93		188	35.67								51	9.68		527	
	FOURTH			11	28.21			Excluded		16	41.03		7	17.95								5	12.82		39	
		TOTAL		234	44.40					42	7.97		195	37.00								56	10.63		527	
	FIFTH			22	52.38						Excluded		16	38.10								4	9.52		42	
		TOTAL		256	48.58								211	40.04								60	11.39		527	
	SIXTH			31	51.67								29	48.33									Excluded		60	
		TOTAL		287	54.46								240	45.54											527	
													Elected													
																										
																										
																										
																										
																										
																										
																										
																										
																										
																										
																										
																										
																										
																										
																										
																										
																										
																										
																										
																										
																										
																										
																										
																										
																										
																										
																										
																										
																										
																										
																										
																										
																										
																										
																										
																										
																										
																										
																										
																										
																										
																										
																										
																										
																										
																										
																										
																										
																										
																										
																										
																										
																										
																										
																										
																										
																										
																										
																										
																										
																										
																										
																										
																										
																										
																										
																										
																										
																										
																										
																										
																										
																										
																										
																										
																										
																										
																										
																										
																										
																										
																										
																										
																										
																										
																										
																										
																										
																										
																										
																										
																										
																										
																										
																										
																										
																										
																										
																										
																										
																										
																										
																										
																										
																										
																										
																										
																										
																										
																										
																										
																										
																										
																										
																										
																										
																										
																										
																										
																										
																										
																										
																										
																										
																										
																										
																										
																										
																										
																										
																										
																										
																										
																										
																										
																										
																										
																										
																										
																										
																										
																										
																										
																										
																										
																										
																										
																										
																										
																										
																										
																										
																										
																										
																										
																										
																										
																										
																										
																										
