House of Representatives - 2001 Election: Queensland																								
Distribution of Preferences 																								
By Polling Place																								
Brisbane																								
				MONSOUR			JANSEN			NIELSEN			LAVELLE			EKERT			DEWAR			BEVIS		
				Seb			P R			Richard			Ashley			Sue			Damian			Arch		
				LP			HAN			GRN						NP			DEM			ALP		
	Count		Votes	%		Votes	%		Votes	%		Votes	%		Votes	%		Votes	%		Votes	%		Total
Alderley                                                       																								
	FIRST		722	37.72		46	2.40		82	4.28		20	1.04		50	2.61		149	7.78		845	44.15		1914
	SECOND		2	10.00		1	5.00		8	40.00			Excluded		2	10.00		3	15.00		4	20.00		20
		TOTAL	724	37.83		47	2.46		90	4.70					52	2.72		152	7.94		849	44.36		1914
	THIRD		44	84.62		0	0.00		1	1.92						Excluded		5	9.62		2	3.85		52
		TOTAL	768	40.13		47	2.46		91	4.75								157	8.20		851	44.46		1914
	FOURTH		15	31.91			Excluded		14	29.79								4	8.51		14	29.79		47
		TOTAL	783	40.91					105	5.49								161	8.41		865	45.19		1914
	FIFTH		10	9.52						Excluded								62	59.05		33	31.43		105
		TOTAL	793	41.43														223	11.65		898	46.92		1914
	SIXTH		70	31.39															Excluded		153	68.61		223
		TOTAL	863	45.09																	1051	54.91		1914
																					Elected			
																								
Ashgrove                                                       																								
	FIRST		1331	42.52		54	1.73		214	6.84		34	1.09		76	2.43		305	9.74		1116	35.65		3130
	SECOND		5	14.71		3	8.82		22	64.71			Excluded		1	2.94		0	0.00		3	8.82		34
		TOTAL	1336	42.68		57	1.82		236	7.54					77	2.46		305	9.74		1119	35.75		3130
	THIRD		65	84.42		0	0.00		4	5.19						Excluded		6	7.79		2	2.60		77
		TOTAL	1401	44.76		57	1.82		240	7.67								311	9.94		1121	35.81		3130
	FOURTH		24	42.11			Excluded		15	26.32								9	15.79		9	15.79		57
		TOTAL	1425	45.53					255	8.15								320	10.22		1130	36.10		3130
	FIFTH		32	12.55						Excluded								143	56.08		80	31.37		255
		TOTAL	1457	46.55														463	14.79		1210	38.66		3130
	SIXTH		125	27.00															Excluded		338	73.00		463
		TOTAL	1582	50.54																	1548	49.46		3130
																					Elected			
																								
Ashgrove West                                                  																								
	FIRST		984	45.81		32	1.49		122	5.68		24	1.12		60	2.79		178	8.29		748	34.82		2148
	SECOND		2	8.33		0	0.00		14	58.33			Excluded		1	4.17		5	20.83		2	8.33		24
		TOTAL	986	45.90		32	1.49		136	6.33					61	2.84		183	8.52		750	34.92		2148
	THIRD		51	83.61		3	4.92		1	1.64						Excluded		3	4.92		3	4.92		61
		TOTAL	1037	48.28		35	1.63		137	6.38								186	8.66		753	35.06		2148
	FOURTH		8	22.86			Excluded		9	25.71								3	8.57		15	42.86		35
		TOTAL	1045	48.65					146	6.80								189	8.80		768	35.75		2148
	FIFTH		15	10.27						Excluded								87	59.59		44	30.14		146
		TOTAL	1060	49.35														276	12.85		812	37.80		2148
	SIXTH		71	25.72															Excluded		205	74.28		276
		TOTAL	1131	52.65																	1017	47.35		2148
																					Elected			
																								
Auchenflower                                                   																								
	FIRST		685	42.28		25	1.54		126	7.78		24	1.48		62	3.83		185	11.42		513	31.67		1620
	SECOND		2	8.33		2	8.33		14	58.33			Excluded		1	4.17		4	16.67		1	4.17		24
		TOTAL	687	42.41		27	1.67		140	8.64					63	3.89		189	11.67		514	31.73		1620
	THIRD		53	84.13		2	3.17		1	1.59						Excluded		5	7.94		2	3.17		63
		TOTAL	740	45.68		29	1.79		141	8.70								194	11.98		516	31.85		1620
	FOURTH		11	37.93			Excluded		9	31.03								3	10.34		6	20.69		29
		TOTAL	751	46.36					150	9.26								197	12.16		522	32.22		1620
	FIFTH		18	12.00						Excluded								84	56.00		48	32.00		150
		TOTAL	769	47.47														281	17.35		570	35.19		1620
	SIXTH		81	28.83															Excluded		200	71.17		281
		TOTAL	850	52.47																	770	47.53		1620
																					Elected			
																								
Ballymore                                                      																								
	FIRST		217	39.82		12	2.20		36	6.61		5	0.92		14	2.57		30	5.50		231	42.39		545
	SECOND		0	0.00		0	0.00		2	40.00			Excluded		0	0.00		1	20.00		2	40.00		5
		TOTAL	217	39.82		12	2.20		38	6.97					14	2.57		31	5.69		233	42.75		545
	THIRD		11	78.57		0	0.00		2	14.29						Excluded		0	0.00		1	7.14		14
		TOTAL	228	41.83		12	2.20		40	7.34								31	5.69		234	42.94		545
	FOURTH		6	50.00			Excluded		4	33.33								0	0.00		2	16.67		12
		TOTAL	234	42.94					44	8.07								31	5.69		236	43.30		545
	FIFTH		11	25.00						Excluded								23	52.27		10	22.73		44
		TOTAL	245	44.95														54	9.91		246	45.14		545
	SIXTH		20	37.04															Excluded		34	62.96		54
		TOTAL	265	48.62																	280	51.38		545
																					Elected			
																								
Bardon                                                         																								
	FIRST		560	42.55		19	1.44		110	8.36		9	0.68		32	2.43		119	9.04		467	35.49		1316
	SECOND		0	0.00		0	0.00		7	77.78			Excluded		0	0.00		2	22.22		0	0.00		9
		TOTAL	560	42.55		19	1.44		117	8.89					32	2.43		121	9.19		467	35.49		1316
	THIRD		24	75.00		1	3.13		1	3.13						Excluded		3	9.38		3	9.38		32
		TOTAL	584	44.38		20	1.52		118	8.97								124	9.42		470	35.71		1316
	FOURTH		6	30.00			Excluded		7	35.00								1	5.00		6	30.00		20
		TOTAL	590	44.83					125	9.50								125	9.50		476	36.17		1316
	FIFTH		13	10.40						Excluded								80	64.00		32	25.60		125
		TOTAL	603	45.82														205	15.58		508	38.60		1316
	SIXTH		43	20.98															Excluded		162	79.02		205
		TOTAL	646	49.09																	670	50.91		1316
																					Elected			
																								
Brisbane City (Brisbane)                                       																								
	FIRST		806	37.33		37	1.71		203	9.40		27	1.25		50	2.32		310	14.36		726	33.63		2159
	SECOND		0	0.00		0	0.00		19	70.37			Excluded		0	0.00		4	14.81		4	14.81		27
		TOTAL	806	37.33		37	1.71		222	10.28					50	2.32		314	14.54		730	33.81		2159
	THIRD		40	80.00		2	4.00		1	2.00						Excluded		5	10.00		2	4.00		50
		TOTAL	846	39.18		39	1.81		223	10.33								319	14.78		732	33.90		2159
	FOURTH		21	53.85			Excluded		9	23.08								1	2.56		8	20.51		39
		TOTAL	867	40.16					232	10.75								320	14.82		740	34.28		2159
	FIFTH		15	6.47						Excluded								153	65.95		64	27.59		232
		TOTAL	882	40.85														473	21.91		804	37.24		2159
	SIXTH		121	25.58															Excluded		352	74.42		473
		TOTAL	1003	46.46																	1156	53.54		2159
																					Elected			
																								
Buranda                                                        																								
	FIRST		172	28.76		35	5.85		54	9.03		8	1.34		20	3.34		51	8.53		258	43.14		598
	SECOND		0	0.00		1	12.50		5	62.50			Excluded		0	0.00		1	12.50		1	12.50		8
		TOTAL	172	28.76		36	6.02		59	9.87					20	3.34		52	8.70		259	43.31		598
	THIRD		16	80.00		2	10.00		1	5.00						Excluded		0	0.00		1	5.00		20
		TOTAL	188	31.44		38	6.35		60	10.03								52	8.70		260	43.48		598
	FOURTH		21	55.26			Excluded		5	13.16								6	15.79		6	15.79		38
		TOTAL	209	34.95					65	10.87								58	9.70		266	44.48		598
	FIFTH		8	12.31						Excluded								40	61.54		17	26.15		65
		TOTAL	217	36.29														98	16.39		283	47.32		598
	SIXTH		30	30.61															Excluded		68	69.39		98
		TOTAL	247	41.30																	351	58.70		598
																					Elected			
																								
Dorrington                                                     																								
	FIRST		515	43.35		31	2.61		57	4.80		13	1.09		16	1.35		94	7.91		462	38.89		1188
	SECOND		1	7.69		0	0.00		7	53.85			Excluded		1	7.69		0	0.00		4	30.77		13
		TOTAL	516	43.43		31	2.61		64	5.39					17	1.43		94	7.91		466	39.23		1188
	THIRD		14	82.35		0	0.00		0	0.00						Excluded		2	11.76		1	5.88		17
		TOTAL	530	44.61		31	2.61		64	5.39								96	8.08		467	39.31		1188
	FOURTH		18	58.06			Excluded		5	16.13								1	3.23		7	22.58		31
		TOTAL	548	46.13					69	5.81								97	8.16		474	39.90		1188
	FIFTH		6	8.70						Excluded								37	53.62		26	37.68		69
		TOTAL	554	46.63														134	11.28		500	42.09		1188
	SIXTH		43	32.09															Excluded		91	67.91		134
		TOTAL	597	50.25																	591	49.75		1188
																					Elected			
																								
Dutton Park                                                    																								
	FIRST		281	27.99		11	1.10		111	11.06		23	2.29		18	1.79		74	7.37		486	48.41		1004
	SECOND		3	13.04		0	0.00		18	78.26			Excluded		0	0.00		2	8.70		0	0.00		23
		TOTAL	284	28.29		11	1.10		129	12.85					18	1.79		76	7.57		486	48.41		1004
	THIRD		16	88.89		0	0.00		0	0.00						Excluded		0	0.00		2	11.11		18
		TOTAL	300	29.88		11	1.10		129	12.85								76	7.57		488	48.61		1004
	FOURTH		6	54.55			Excluded		1	9.09								1	9.09		3	27.27		11
		TOTAL	306	30.48					130	12.95								77	7.67		491	48.90		1004
	FIFTH		8	6.15						Excluded								83	63.85		39	30.00		130
		TOTAL	314	31.27														160	15.94		530	52.79		1004
	SIXTH		30	18.75															Excluded		130	81.25		160
		TOTAL	344	34.26																	660	65.74		1004
																					Elected			
																								
East Brisbane                                                  																								
	FIRST		956	38.83		56	2.27		170	6.90		37	1.50		72	2.92		211	8.57		960	38.99		2462
	SECOND		0	0.00		5	13.51		23	62.16			Excluded		1	2.70		4	10.81		4	10.81		37
		TOTAL	956	38.83		61	2.48		193	7.84					73	2.97		215	8.73		964	39.16		2462
	THIRD		56	76.71		1	1.37		6	8.22						Excluded		5	6.85		5	6.85		73
		TOTAL	1012	41.10		62	2.52		199	8.08								220	8.94		969	39.36		2462
	FOURTH		25	40.32			Excluded		17	27.42								10	16.13		10	16.13		62
		TOTAL	1037	42.12					216	8.77								230	9.34		979	39.76		2462
	FIFTH		31	14.35						Excluded								127	58.80		58	26.85		216
		TOTAL	1068	43.38														357	14.50		1037	42.12		2462
	SIXTH		93	26.05															Excluded		264	73.95		357
		TOTAL	1161	47.16																	1301	52.84		2462
																					Elected			
																								
Enoggera                                                       																								
	FIRST		488	41.96		42	3.61		65	5.59		6	0.52		21	1.81		104	8.94		437	37.58		1163
	SECOND		0	0.00		0	0.00		4	66.67			Excluded		0	0.00		2	33.33		0	0.00		6
		TOTAL	488	41.96		42	3.61		69	5.93					21	1.81		106	9.11		437	37.58		1163
	THIRD		20	95.24		0	0.00		0	0.00						Excluded		1	4.76		0	0.00		21
		TOTAL	508	43.68		42	3.61		69	5.93								107	9.20		437	37.58		1163
	FOURTH		16	38.10			Excluded		9	21.43								5	11.90		12	28.57		42
		TOTAL	524	45.06					78	6.71								112	9.63		449	38.61		1163
	FIFTH		15	19.23						Excluded								38	48.72		25	32.05		78
		TOTAL	539	46.35														150	12.90		474	40.76		1163
	SIXTH		49	32.67															Excluded		101	67.33		150
		TOTAL	588	50.56																	575	49.44		1163
																					Elected			
																								
Ferny Grove (Brisbane)                                         																								
	FIRST		100	42.19		10	4.22		10	4.22		1	0.42		10	4.22		9	3.80		97	40.93		237
	SECOND		0	0.00		0	0.00		1	100.00			Excluded		0	0.00		0	0.00		0	0.00		1
		TOTAL	100	42.19		10	4.22		11	4.64					10	4.22		9	3.80		97	40.93		237
	THIRD		6	60.00		1	10.00		0	0.00						Excluded		2	20.00		1	10.00		10
		TOTAL	106	44.73		11	4.64		11	4.64								11	4.64		98	41.35		237
	FOURTH		4	36.36			Excluded		2	18.18								4	36.36		1	9.09		11
		TOTAL	110	46.41					13	5.49								15	6.33		99	41.77		237
	FIFTH		4	30.77						Excluded								7	53.85		2	15.38		13
		TOTAL	114	48.10														22	9.28		101	42.62		237
	SIXTH		9	40.91															Excluded		13	59.09		22
		TOTAL	123	51.90																	114	48.10		237
																					Elected			
																								
Fortitude Valley                                               																								
	FIRST		213	37.43		16	2.81		42	7.38		6	1.05		14	2.46		57	10.02		221	38.84		569
	SECOND		0	0.00		0	0.00		5	83.33			Excluded		0	0.00		1	16.67		0	0.00		6
		TOTAL	213	37.43		16	2.81		47	8.26					14	2.46		58	10.19		221	38.84		569
	THIRD		10	71.43		0	0.00		1	7.14						Excluded		0	0.00		3	21.43		14
		TOTAL	223	39.19		16	2.81		48	8.44								58	10.19		224	39.37		569
	FOURTH		6	37.50			Excluded		4	25.00								3	18.75		3	18.75		16
		TOTAL	229	40.25					52	9.14								61	10.72		227	39.89		569
	FIFTH		7	13.46						Excluded								27	51.92		18	34.62		52
		TOTAL	236	41.48														88	15.47		245	43.06		569
	SIXTH		23	26.14															Excluded		65	73.86		88
		TOTAL	259	45.52																	310	54.48		569
																					Elected			
																								
Gaythorne                                                      																								
	FIRST		426	34.95		22	1.80		45	3.69		5	0.41		27	2.21		88	7.22		606	49.71		1219
	SECOND		0	0.00		2	40.00		2	40.00			Excluded		0	0.00		0	0.00		1	20.00		5
		TOTAL	426	34.95		24	1.97		47	3.86					27	2.21		88	7.22		607	49.79		1219
	THIRD		25	92.59		0	0.00		1	3.70						Excluded		1	3.70		0	0.00		27
		TOTAL	451	37.00		24	1.97		48	3.94								89	7.30		607	49.79		1219
	FOURTH		11	45.83			Excluded		4	16.67								3	12.50		6	25.00		24
		TOTAL	462	37.90					52	4.27								92	7.55		613	50.29		1219
	FIFTH		8	15.38						Excluded								27	51.92		17	32.69		52
		TOTAL	470	38.56														119	9.76		630	51.68		1219
	SIXTH		40	33.61															Excluded		79	66.39		119
		TOTAL	510	41.84																	709	58.16		1219
																					Elected			
																								
Grange                                                         																								
	FIRST		346	39.59		24	2.75		39	4.46		2	0.23		19	2.17		66	7.55		378	43.25		874
	SECOND		1	50.00		0	0.00		0	0.00			Excluded		1	50.00		0	0.00		0	0.00		2
		TOTAL	347	39.70		24	2.75		39	4.46					20	2.29		66	7.55		378	43.25		874
	THIRD		17	85.00		0	0.00		1	5.00						Excluded		1	5.00		1	5.00		20
		TOTAL	364	41.65		24	2.75		40	4.58								67	7.67		379	43.36		874
	FOURTH		13	54.17			Excluded		5	20.83								3	12.50		3	12.50		24
		TOTAL	377	43.14					45	5.15								70	8.01		382	43.71		874
	FIFTH		5	11.11						Excluded								27	60.00		13	28.89		45
		TOTAL	382	43.71														97	11.10		395	45.19		874
	SIXTH		23	23.71															Excluded		74	76.29		97
		TOTAL	405	46.34																	469	53.66		874
																					Elected			
																								
Grange West                                                    																								
	FIRST		304	40.59		14	1.87		46	6.14		8	1.07		14	1.87		50	6.68		313	41.79		749
	SECOND		2	25.00		1	12.50		3	37.50			Excluded		2	25.00		0	0.00		0	0.00		8
		TOTAL	306	40.85		15	2.00		49	6.54					16	2.14		50	6.68		313	41.79		749
	THIRD		15	93.75		0	0.00		0	0.00						Excluded		1	6.25		0	0.00		16
		TOTAL	321	42.86		15	2.00		49	6.54								51	6.81		313	41.79		749
	FOURTH		7	46.67			Excluded		3	20.00								0	0.00		5	33.33		15
		TOTAL	328	43.79					52	6.94								51	6.81		318	42.46		749
	FIFTH		6	11.54						Excluded								27	51.92		19	36.54		52
		TOTAL	334	44.59														78	10.41		337	44.99		749
	SIXTH		19	24.36															Excluded		59	75.64		78
		TOTAL	353	47.13																	396	52.87		749
																					Elected			
																								
Grovely (Brisbane)                                             																								
	FIRST		106	25.98		25	6.13		18	4.41		3	0.74		6	1.47		39	9.56		211	51.72		408
	SECOND		0	0.00		1	33.33		1	33.33			Excluded		0	0.00		1	33.33		0	0.00		3
		TOTAL	106	25.98		26	6.37		19	4.66					6	1.47		40	9.80		211	51.72		408
	THIRD		5	83.33		0	0.00		0	0.00						Excluded		0	0.00		1	16.67		6
		TOTAL	111	27.21		26	6.37		19	4.66								40	9.80		212	51.96		408
	FOURTH		8	30.77			Excluded		9	34.62								3	11.54		6	23.08		26
		TOTAL	119	29.17					28	6.86								43	10.54		218	53.43		408
	FIFTH		5	17.86						Excluded								14	50.00		9	32.14		28
		TOTAL	124	30.39														57	13.97		227	55.64		408
	SIXTH		19	33.33															Excluded		38	66.67		57
		TOTAL	143	35.05																	265	64.95		408
																					Elected			
																								
Hill End                                                       																								
	FIRST		427	28.24		24	1.59		229	15.15		44	2.91		25	1.65		155	10.25		608	40.21		1512
	SECOND		0	0.00		1	2.27		38	86.36			Excluded		1	2.27		3	6.82		1	2.27		44
		TOTAL	427	28.24		25	1.65		267	17.66					26	1.72		158	10.45		609	40.28		1512
	THIRD		25	96.15		0	0.00		0	0.00						Excluded		1	3.85		0	0.00		26
		TOTAL	452	29.89		25	1.65		267	17.66								159	10.52		609	40.28		1512
	FOURTH		15	60.00			Excluded		1	4.00								7	28.00		2	8.00		25
		TOTAL	467	30.89					268	17.72								166	10.98		611	40.41		1512
	FIFTH		12	4.48						Excluded								158	58.96		98	36.57		268
		TOTAL	479	31.68														324	21.43		709	46.89		1512
	SIXTH		45	13.89															Excluded		279	86.11		324
		TOTAL	524	34.66																	988	65.34		1512
																					Elected			
																								
Holy Spirit                                                    																								
	FIRST		839	39.73		48	2.27		166	7.86		9	0.43		29	1.37		243	11.51		778	36.84		2112
	SECOND		0	0.00		0	0.00		8	88.89			Excluded		0	0.00		0	0.00		1	11.11		9
		TOTAL	839	39.73		48	2.27		174	8.24					29	1.37		243	11.51		779	36.88		2112
	THIRD		25	86.21		1	3.45		2	6.90						Excluded		0	0.00		1	3.45		29
		TOTAL	864	40.91		49	2.32		176	8.33								243	11.51		780	36.93		2112
	FOURTH		27	55.10			Excluded		8	16.33								5	10.20		9	18.37		49
		TOTAL	891	42.19					184	8.71								248	11.74		789	37.36		2112
	FIFTH		16	8.70						Excluded								123	66.85		45	24.46		184
		TOTAL	907	42.95														371	17.57		834	39.49		2112
	SIXTH		80	21.56															Excluded		291	78.44		371
		TOTAL	987	46.73																	1125	53.27		2112
																					Elected			
																								
Ithaca Creek                                                   																								
	FIRST		520	39.33		21	1.59		105	7.94		7	0.53		26	1.97		102	7.72		541	40.92		1322
	SECOND		0	0.00		0	0.00		4	57.14			Excluded		0	0.00		0	0.00		3	42.86		7
		TOTAL	520	39.33		21	1.59		109	8.25					26	1.97		102	7.72		544	41.15		1322
	THIRD		22	84.62		2	7.69		1	3.85						Excluded		1	3.85		0	0.00		26
		TOTAL	542	41.00		23	1.74		110	8.32								103	7.79		544	41.15		1322
	FOURTH		15	65.22			Excluded		2	8.70								2	8.70		4	17.39		23
		TOTAL	557	42.13					112	8.47								105	7.94		548	41.45		1322
	FIFTH		10	8.93						Excluded								78	69.64		24	21.43		112
		TOTAL	567	42.89														183	13.84		572	43.27		1322
	SIXTH		39	21.31															Excluded		144	78.69		183
		TOTAL	606	45.84																	716	54.16		1322
																					Elected			
																								
Ithaca South                                                   																								
	FIRST		648	42.41		22	1.44		153	10.01		9	0.59		29	1.90		165	10.80		502	32.85		1528
	SECOND		2	22.22		0	0.00		6	66.67			Excluded		0	0.00		1	11.11		0	0.00		9
		TOTAL	650	42.54		22	1.44		159	10.41					29	1.90		166	10.86		502	32.85		1528
	THIRD		24	82.76		2	6.90		0	0.00						Excluded		3	10.34		0	0.00		29
		TOTAL	674	44.11		24	1.57		159	10.41								169	11.06		502	32.85		1528
	FOURTH		12	50.00			Excluded		7	29.17								4	16.67		1	4.17		24
		TOTAL	686	44.90					166	10.86								173	11.32		503	32.92		1528
	FIFTH		11	6.63						Excluded								111	66.87		44	26.51		166
		TOTAL	697	45.62														284	18.59		547	35.80		1528
	SIXTH		59	20.77															Excluded		225	79.23		284
		TOTAL	756	49.48																	772	50.52		1528
																					Elected			
																								
Kangaroo Point                                                 																								
	FIRST		917	51.46		39	2.19		98	5.50		10	0.56		39	2.19		139	7.80		540	30.30		1782
	SECOND		0	0.00		0	0.00		6	60.00			Excluded		2	20.00		0	0.00		2	20.00		10
		TOTAL	917	51.46		39	2.19		104	5.84					41	2.30		139	7.80		542	30.42		1782
	THIRD		32	78.05		1	2.44		2	4.88						Excluded		4	9.76		2	4.88		41
		TOTAL	949	53.25		40	2.24		106	5.95								143	8.02		544	30.53		1782
	FOURTH		20	50.00			Excluded		7	17.50								7	17.50		6	15.00		40
		TOTAL	969	54.38					113	6.34								150	8.42		550	30.86		1782
	FIFTH		13	11.50						Excluded								64	56.64		36	31.86		113
		TOTAL	982	55.11														214	12.01		586	32.88		1782
	SIXTH		62	28.97															Excluded		152	71.03		214
		TOTAL	1044	58.59																	738	41.41		1782
																					Elected			
																								
Kelvin Grove                                                   																								
	FIRST		467	39.71		20	1.70		118	10.03		19	1.62		26	2.21		153	13.01		373	31.72		1176
	SECOND		1	5.26		1	5.26		12	63.16			Excluded		2	10.53		2	10.53		1	5.26		19
		TOTAL	468	39.80		21	1.79		130	11.05					28	2.38		155	13.18		374	31.80		1176
	THIRD		21	75.00		0	0.00		0	0.00						Excluded		5	17.86		2	7.14		28
		TOTAL	489	41.58		21	1.79		130	11.05								160	13.61		376	31.97		1176
	FOURTH		13	61.90			Excluded		3	14.29								1	4.76		4	19.05		21
		TOTAL	502	42.69					133	11.31								161	13.69		380	32.31		1176
	FIFTH		8	6.02						Excluded								92	69.17		33	24.81		133
		TOTAL	510	43.37														253	21.51		413	35.12		1176
	SIXTH		62	24.51															Excluded		191	75.49		253
		TOTAL	572	48.64																	604	51.36		1176
																					Elected			
																								
Keperra (Brisbane)                                             																								
	FIRST		955	41.89		65	2.85		78	3.42		9	0.39		74	3.25		104	4.56		995	43.64		2280
	SECOND		2	22.22		1	11.11		2	22.22			Excluded		1	11.11		2	22.22		1	11.11		9
		TOTAL	957	41.97		66	2.89		80	3.51					75	3.29		106	4.65		996	43.68		2280
	THIRD		62	82.67		2	2.67		2	2.67						Excluded		3	4.00		6	8.00		75
		TOTAL	1019	44.69		68	2.98		82	3.60								109	4.78		1002	43.95		2280
	FOURTH		30	44.12			Excluded		14	20.59								9	13.24		15	22.06		68
		TOTAL	1049	46.01					96	4.21								118	5.18		1017	44.61		2280
	FIFTH		20	20.83						Excluded								45	46.88		31	32.29		96
		TOTAL	1069	46.89														163	7.15		1048	45.96		2280
	SIXTH		54	33.13															Excluded		109	66.87		163
		TOTAL	1123	49.25																	1157	50.75		2280
																					Elected			
																								
Mater Hospital                                                 																								
	FIRST		384	38.83		25	2.53		83	8.39		7	0.71		7	0.71		74	7.48		409	41.35		989
	SECOND		0	0.00		0	0.00		5	71.43			Excluded		0	0.00		1	14.29		1	14.29		7
		TOTAL	384	38.83		25	2.53		88	8.90					7	0.71		75	7.58		410	41.46		989
	THIRD		5	71.43		0	0.00		0	0.00						Excluded		0	0.00		2	28.57		7
		TOTAL	389	39.33		25	2.53		88	8.90								75	7.58		412	41.66		989
	FOURTH		8	32.00			Excluded		6	24.00								6	24.00		5	20.00		25
		TOTAL	397	40.14					94	9.50								81	8.19		417	42.16		989
	FIFTH		9	9.57						Excluded								53	56.38		32	34.04		94
		TOTAL	406	41.05														134	13.55		449	45.40		989
	SIXTH		26	19.40															Excluded		108	80.60		134
		TOTAL	432	43.68																	557	56.32		989
																					Elected			
																								
Merthyr                                                        																								
	FIRST		519	41.92		17	1.37		90	7.27		14	1.13		23	1.86		124	10.02		451	36.43		1238
	SECOND		0	0.00		0	0.00		9	64.29			Excluded		1	7.14		2	14.29		2	14.29		14
		TOTAL	519	41.92		17	1.37		99	8.00					24	1.94		126	10.18		453	36.59		1238
	THIRD		17	70.83		0	0.00		3	12.50						Excluded		1	4.17		3	12.50		24
		TOTAL	536	43.30		17	1.37		102	8.24								127	10.26		456	36.83		1238
	FOURTH		6	35.29			Excluded		3	17.65								4	23.53		4	23.53		17
		TOTAL	542	43.78					105	8.48								131	10.58		460	37.16		1238
	FIFTH		12	11.43						Excluded								64	60.95		29	27.62		105
		TOTAL	554	44.75														195	15.75		489	39.50		1238
	SIXTH		41	21.03															Excluded		154	78.97		195
		TOTAL	595	48.06																	643	51.94		1238
																					Elected			
																								
Milton                                                         																								
	FIRST		1297	43.45		44	1.47		281	9.41		29	0.97		70	2.35		349	11.69		915	30.65		2985
	SECOND		4	13.79		0	0.00		16	55.17			Excluded		1	3.45		3	10.34		5	17.24		29
		TOTAL	1301	43.58		44	1.47		297	9.95					71	2.38		352	11.79		920	30.82		2985
	THIRD		54	76.06		1	1.41		1	1.41						Excluded		12	16.90		3	4.23		71
		TOTAL	1355	45.39		45	1.51		298	9.98								364	12.19		923	30.92		2985
	FOURTH		18	40.00			Excluded		7	15.56								7	15.56		13	28.89		45
		TOTAL	1373	46.00					305	10.22								371	12.43		936	31.36		2985
	FIFTH		27	8.85						Excluded								209	68.52		69	22.62		305
		TOTAL	1400	46.90														580	19.43		1005	33.67		2985
	SIXTH		150	25.86															Excluded		430	74.14		580
		TOTAL	1550	51.93																	1435	48.07		2985
																					Elected			
																								
Mitchelton (Brisbane)                                          																								
	FIRST		732	37.54		69	3.54		104	5.33		16	0.82		55	2.82		128	6.56		846	43.38		1950
	SECOND		1	6.25		5	31.25		7	43.75			Excluded		1	6.25		1	6.25		1	6.25		16
		TOTAL	733	37.59		74	3.79		111	5.69					56	2.87		129	6.62		847	43.44		1950
	THIRD		48	85.71		1	1.79		2	3.57						Excluded		2	3.57		3	5.36		56
		TOTAL	781	40.05		75	3.85		113	5.79								131	6.72		850	43.59		1950
	FOURTH		44	58.67			Excluded		14	18.67								5	6.67		12	16.00		75
		TOTAL	825	42.31					127	6.51								136	6.97		862	44.21		1950
	FIFTH		14	11.02						Excluded								76	59.84		37	29.13		127
		TOTAL	839	43.03														212	10.87		899	46.10		1950
	SIXTH		58	27.36															Excluded		154	72.64		212
		TOTAL	897	46.00																	1053	54.00		1950
																					Elected			
																								
New Farm                                                       																								
	FIRST		1290	40.44		42	1.32		255	7.99		36	1.13		61	1.91		391	12.26		1115	34.95		3190
	SECOND		1	2.78		2	5.56		20	55.56			Excluded		2	5.56		3	8.33		8	22.22		36
		TOTAL	1291	40.47		44	1.38		275	8.62					63	1.97		394	12.35		1123	35.20		3190
	THIRD		50	79.37		0	0.00		3	4.76						Excluded		2	3.17		8	12.70		63
		TOTAL	1341	42.04		44	1.38		278	8.71								396	12.41		1131	35.45		3190
	FOURTH		21	47.73			Excluded		11	25.00								3	6.82		9	20.45		44
		TOTAL	1362	42.70					289	9.06								399	12.51		1140	35.74		3190
	FIFTH		23	7.96						Excluded								196	67.82		70	24.22		289
		TOTAL	1385	43.42														595	18.65		1210	37.93		3190
	SIXTH		137	23.03															Excluded		458	76.97		595
		TOTAL	1522	47.71																	1668	52.29		3190
																					Elected			
																								
Newmarket                                                      																								
	FIRST		781	40.70		41	2.14		124	6.46		9	0.47		44	2.29		185	9.64		735	38.30		1919
	SECOND		2	22.22		0	0.00		6	66.67			Excluded		0	0.00		0	0.00		1	11.11		9
		TOTAL	783	40.80		41	2.14		130	6.77					44	2.29		185	9.64		736	38.35		1919
	THIRD		31	70.45		1	2.27		4	9.09						Excluded		5	11.36		3	6.82		44
		TOTAL	814	42.42		42	2.19		134	6.98								190	9.90		739	38.51		1919
	FOURTH		18	42.86			Excluded		7	16.67								8	19.05		9	21.43		42
		TOTAL	832	43.36					141	7.35								198	10.32		748	38.98		1919
	FIFTH		20	14.18						Excluded								79	56.03		42	29.79		141
		TOTAL	852	44.40														277	14.43		790	41.17		1919
	SIXTH		58	20.94															Excluded		219	79.06		277
		TOTAL	910	47.42																	1009	52.58		1919
																					Elected			
																								
Newmarket South                                                																								
	FIRST		283	40.03		27	3.82		29	4.10		6	0.85		16	2.26		55	7.78		291	41.16		707
	SECOND		0	0.00		0	0.00		3	50.00			Excluded		1	16.67		2	33.33		0	0.00		6
		TOTAL	283	40.03		27	3.82		32	4.53					17	2.40		57	8.06		291	41.16		707
	THIRD		16	94.12		1	5.88		0	0.00						Excluded		0	0.00		0	0.00		17
		TOTAL	299	42.29		28	3.96		32	4.53								57	8.06		291	41.16		707
	FOURTH		14	50.00			Excluded		6	21.43								1	3.57		7	25.00		28
		TOTAL	313	44.27					38	5.37								58	8.20		298	42.15		707
	FIFTH		5	13.16						Excluded								21	55.26		12	31.58		38
		TOTAL	318	44.98														79	11.17		310	43.85		707
	SIXTH		21	26.58															Excluded		58	73.42		79
		TOTAL	339	47.95																	368	52.05		707
																					Elected			
																								
Oxford Park (Brisbane)                                         																								
	FIRST		224	36.78		21	3.45		22	3.61		5	0.82		24	3.94		34	5.58		279	45.81		609
	SECOND		0	0.00		1	20.00		2	40.00			Excluded		1	20.00		0	0.00		1	20.00		5
		TOTAL	224	36.78		22	3.61		24	3.94					25	4.11		34	5.58		280	45.98		609
	THIRD		22	88.00		1	4.00		0	0.00						Excluded		0	0.00		2	8.00		25
		TOTAL	246	40.39		23	3.78		24	3.94								34	5.58		282	46.31		609
	FOURTH		7	30.43			Excluded		8	34.78								2	8.70		6	26.09		23
		TOTAL	253	41.54					32	5.25								36	5.91		288	47.29		609
	FIFTH		5	15.63						Excluded								16	50.00		11	34.38		32
		TOTAL	258	42.36														52	8.54		299	49.10		609
	SIXTH		9	17.31															Excluded		43	82.69		52
		TOTAL	267	43.84																	342	56.16		609
																					Elected			
																								
Paddington                                                     																								
	FIRST		631	39.91		15	0.95		166	10.50		22	1.39		25	1.58		168	10.63		554	35.04		1581
	SECOND		2	9.09		1	4.55		13	59.09			Excluded		1	4.55		4	18.18		1	4.55		22
		TOTAL	633	40.04		16	1.01		179	11.32					26	1.64		172	10.88		555	35.10		1581
	THIRD		20	76.92		1	3.85		0	0.00						Excluded		4	15.38		1	3.85		26
		TOTAL	653	41.30		17	1.08		179	11.32								176	11.13		556	35.17		1581
	FOURTH		9	52.94			Excluded		4	23.53								2	11.76		2	11.76		17
		TOTAL	662	41.87					183	11.57								178	11.26		558	35.29		1581
	FIFTH		15	8.20						Excluded								123	67.21		45	24.59		183
		TOTAL	677	42.82														301	19.04		603	38.14		1581
	SIXTH		66	21.93															Excluded		235	78.07		301
		TOTAL	743	47.00																	838	53.00		1581
																					Elected			
																								
Petrie Terrace                                                 																								
	FIRST		318	36.26		19	2.17		86	9.81		6	0.68		14	1.60		106	12.09		328	37.40		877
	SECOND		0	0.00		0	0.00		3	50.00			Excluded		0	0.00		2	33.33		1	16.67		6
		TOTAL	318	36.26		19	2.17		89	10.15					14	1.60		108	12.31		329	37.51		877
	THIRD		9	64.29		1	7.14		2	14.29						Excluded		1	7.14		1	7.14		14
		TOTAL	327	37.29		20	2.28		91	10.38								109	12.43		330	37.63		877
	FOURTH		9	45.00			Excluded		3	15.00								3	15.00		5	25.00		20
		TOTAL	336	38.31					94	10.72								112	12.77		335	38.20		877
	FIFTH		14	14.89						Excluded								47	50.00		33	35.11		94
		TOTAL	350	39.91														159	18.13		368	41.96		877
	SIXTH		40	25.16															Excluded		119	74.84		159
		TOTAL	390	44.47																	487	55.53		877
																					Elected			
																								
Princess Alexandra Hospital                                    																								
	FIRST		92	26.67		14	4.06		26	7.54		8	2.32		5	1.45		25	7.25		175	50.72		345
	SECOND		0	0.00		1	12.50		4	50.00			Excluded		0	0.00		0	0.00		3	37.50		8
		TOTAL	92	26.67		15	4.35		30	8.70					5	1.45		25	7.25		178	51.59		345
	THIRD		2	40.00		0	0.00		0	0.00						Excluded		3	60.00		0	0.00		5
		TOTAL	94	27.25		15	4.35		30	8.70								28	8.12		178	51.59		345
	FOURTH		4	26.67			Excluded		5	33.33								1	6.67		5	33.33		15
		TOTAL	98	28.41					35	10.14								29	8.41		183	53.04		345
	FIFTH		1	2.86						Excluded								26	74.29		8	22.86		35
		TOTAL	99	28.70														55	15.94		191	55.36		345
	SIXTH		6	10.91															Excluded		49	89.09		55
		TOTAL	105	30.43																	240	69.57		345
																					Elected			
																								
Rainworth                                                      																								
	FIRST		898	46.15		25	1.28		196	10.07		10	0.51		59	3.03		138	7.09		620	31.86		1946
	SECOND		0	0.00		1	10.00		6	60.00			Excluded		0	0.00		1	10.00		2	20.00		10
		TOTAL	898	46.15		26	1.34		202	10.38					59	3.03		139	7.14		622	31.96		1946
	THIRD		47	79.66		3	5.08		1	1.69						Excluded		4	6.78		4	6.78		59
		TOTAL	945	48.56		29	1.49		203	10.43								143	7.35		626	32.17		1946
	FOURTH		12	41.38			Excluded		10	34.48								2	6.90		5	17.24		29
		TOTAL	957	49.18					213	10.95								145	7.45		631	32.43		1946
	FIFTH		23	10.80						Excluded								118	55.40		72	33.80		213
		TOTAL	980	50.36														263	13.51		703	36.13		1946
	SIXTH		48	18.25															Excluded		215	81.75		263
		TOTAL	1028	52.83																	918	47.17		1946
																					Elected			
																								
Red Hill                                                       																								
	FIRST		559	35.58		25	1.59		189	12.03		10	0.64		31	1.97		219	13.94		538	34.25		1571
	SECOND		1	10.00		0	0.00		4	40.00			Excluded		0	0.00		3	30.00		2	20.00		10
		TOTAL	560	35.65		25	1.59		193	12.29					31	1.97		222	14.13		540	34.37		1571
	THIRD		28	90.32		0	0.00		1	3.23						Excluded		1	3.23		1	3.23		31
		TOTAL	588	37.43		25	1.59		194	12.35								223	14.19		541	34.44		1571
	FOURTH		11	44.00			Excluded		6	24.00								4	16.00		4	16.00		25
		TOTAL	599	38.13					200	12.73								227	14.45		545	34.69		1571
	FIFTH		16	8.00						Excluded								139	69.50		45	22.50		200
		TOTAL	615	39.15														366	23.30		590	37.56		1571
	SIXTH		78	21.31															Excluded		288	78.69		366
		TOTAL	693	44.11																	878	55.89		1571
																					Elected			
																								
Royal Brisbane Hospital                                        																								
	FIRST		94	33.57		5	1.79		26	9.29		0	0.00		7	2.50		28	10.00		120	42.86		280
	SECOND		0	0.00		0	0.00		0	0.00			Excluded		0	0.00		0	0.00		0	0.00		0
		TOTAL	94	33.57		5	1.79		26	9.29					7	2.50		28	10.00		120	42.86		280
	THIRD		5	71.43		1	14.29		0	0.00						Excluded		0	0.00		1	14.29		7
		TOTAL	99	35.36		6	2.14		26	9.29								28	10.00		121	43.21		280
	FOURTH		1	16.67			Excluded		3	50.00								0	0.00		2	33.33		6
		TOTAL	100	35.71					29	10.36								28	10.00		123	43.93		280
	FIFTH		2	6.90						Excluded								20	68.97		7	24.14		29
		TOTAL	102	36.43														48	17.14		130	46.43		280
	SIXTH		12	25.00															Excluded		36	75.00		48
		TOTAL	114	40.71																	166	59.29		280
																					Elected			
																								
South Brisbane                                                 																								
	FIRST		479	30.13		24	1.51		197	12.39		26	1.64		17	1.07		171	10.75		676	42.52		1590
	SECOND		0	0.00		1	3.85		19	73.08			Excluded		0	0.00		2	7.69		4	15.38		26
		TOTAL	479	30.13		25	1.57		216	13.58					17	1.07		173	10.88		680	42.77		1590
	THIRD		12	70.59		0	0.00		3	17.65						Excluded		0	0.00		2	11.76		17
		TOTAL	491	30.88		25	1.57		219	13.77								173	10.88		682	42.89		1590
	FOURTH		14	56.00			Excluded		7	28.00								2	8.00		2	8.00		25
		TOTAL	505	31.76					226	14.21								175	11.01		684	43.02		1590
	FIFTH		13	5.75						Excluded								134	59.29		79	34.96		226
		TOTAL	518	32.58														309	19.43		763	47.99		1590
	SIXTH		49	15.86															Excluded		260	84.14		309
		TOTAL	567	35.66																	1023	64.34		1590
																					Elected			
																								
Spring Hill                                                    																								
	FIRST		510	43.52		19	1.62		99	8.45		14	1.19		22	1.88		129	11.01		379	32.34		1172
	SECOND		2	14.29		0	0.00		10	71.43			Excluded		1	7.14		0	0.00		1	7.14		14
		TOTAL	512	43.69		19	1.62		109	9.30					23	1.96		129	11.01		380	32.42		1172
	THIRD		19	82.61		2	8.70		1	4.35						Excluded		0	0.00		1	4.35		23
		TOTAL	531	45.31		21	1.79		110	9.39								129	11.01		381	32.51		1172
	FOURTH		14	66.67			Excluded		3	14.29								0	0.00		4	19.05		21
		TOTAL	545	46.50					113	9.64								129	11.01		385	32.85		1172
	FIFTH		12	10.62						Excluded								67	59.29		34	30.09		113
		TOTAL	557	47.53														196	16.72		419	35.75		1172
	SIXTH		54	27.55															Excluded		142	72.45		196
		TOTAL	611	52.13																	561	47.87		1172
																					Elected			
																								
Stafford (Brisbane)                                            																								
	FIRST		179	38.66		18	3.89		30	6.48		2	0.43		5	1.08		43	9.29		186	40.17		463
	SECOND		0	0.00		0	0.00		2	100.00			Excluded		0	0.00		0	0.00		0	0.00		2
		TOTAL	179	38.66		18	3.89		32	6.91					5	1.08		43	9.29		186	40.17		463
	THIRD		3	60.00		1	20.00		0	0.00						Excluded		1	20.00		0	0.00		5
		TOTAL	182	39.31		19	4.10		32	6.91								44	9.50		186	40.17		463
	FOURTH		5	26.32			Excluded		7	36.84								2	10.53		5	26.32		19
		TOTAL	187	40.39					39	8.42								46	9.94		191	41.25		463
	FIFTH		4	10.26						Excluded								21	53.85		14	35.90		39
		TOTAL	191	41.25														67	14.47		205	44.28		463
	SIXTH		19	28.36															Excluded		48	71.64		67
		TOTAL	210	45.36																	253	54.64		463
																					Elected			
																								
Stafford West (Brisbane)                                       																								
	FIRST		120	39.74		13	4.30		15	4.97		3	0.99		4	1.32		26	8.61		121	40.07		302
	SECOND		0	0.00		3	100.00		0	0.00			Excluded		0	0.00		0	0.00		0	0.00		3
		TOTAL	120	39.74		16	5.30		15	4.97					4	1.32		26	8.61		121	40.07		302
	THIRD		3	75.00		1	25.00		0	0.00						Excluded		0	0.00		0	0.00		4
		TOTAL	123	40.73		17	5.63		15	4.97								26	8.61		121	40.07		302
	FOURTH		7	41.18			Excluded		4	23.53								2	11.76		4	23.53		17
		TOTAL	130	43.05					19	6.29								28	9.27		125	41.39		302
	FIFTH		3	15.79						Excluded								14	73.68		2	10.53		19
		TOTAL	133	44.04														42	13.91		127	42.05		302
	SIXTH		15	35.71															Excluded		27	64.29		42
		TOTAL	148	49.01																	154	50.99		302
																					Elected			
																								
Toowong (Brisbane)                                             																								
	FIRST		172	40.28		14	3.28		31	7.26		2	0.47		8	1.87		51	11.94		149	34.89		427
	SECOND		0	0.00		1	50.00		0	0.00			Excluded		0	0.00		1	50.00		0	0.00		2
		TOTAL	172	40.28		15	3.51		31	7.26					8	1.87		52	12.18		149	34.89		427
	THIRD		5	62.50		0	0.00		0	0.00						Excluded		0	0.00		3	37.50		8
		TOTAL	177	41.45		15	3.51		31	7.26								52	12.18		152	35.60		427
	FOURTH		6	40.00			Excluded		4	26.67								4	26.67		1	6.67		15
		TOTAL	183	42.86					35	8.20								56	13.11		153	35.83		427
	FIFTH		4	11.43						Excluded								20	57.14		11	31.43		35
		TOTAL	187	43.79														76	17.80		164	38.41		427
	SIXTH		16	21.05															Excluded		60	78.95		76
		TOTAL	203	47.54																	224	52.46		427
																					Elected			
																								
West End                                                       																								
	FIRST		530	20.66		38	1.48		395	15.40		68	2.65		19	0.74		280	10.92		1235	48.15		2565
	SECOND		0	0.00		1	1.47		48	70.59			Excluded		3	4.41		5	7.35		11	16.18		68
		TOTAL	530	20.66		39	1.52		443	17.27					22	0.86		285	11.11		1246	48.58		2565
	THIRD		12	54.55		2	9.09		1	4.55						Excluded		6	27.27		1	4.55		22
		TOTAL	542	21.13		41	1.60		444	17.31								291	11.35		1247	48.62		2565
	FOURTH		15	36.59			Excluded		17	41.46								2	4.88		7	17.07		41
		TOTAL	557	21.72					461	17.97								293	11.42		1254	48.89		2565
	FIFTH		27	5.86						Excluded								280	60.74		154	33.41		461
		TOTAL	584	22.77														573	22.34		1408	54.89		2565
	SIXTH		65	11.34															Excluded		508	88.66		573
		TOTAL	649	25.30																	1916	74.70		2565
																					Elected			
																								
Wilston School                                                 																								
	FIRST		1271	41.36		53	1.72		162	5.27		24	0.78		67	2.18		261	8.49		1235	40.19		3073
	SECOND		3	12.50		2	8.33		14	58.33			Excluded		1	4.17		0	0.00		4	16.67		24
		TOTAL	1274	41.46		55	1.79		176	5.73					68	2.21		261	8.49		1239	40.32		3073
	THIRD		59	86.76		2	2.94		2	2.94						Excluded		3	4.41		2	2.94		68
		TOTAL	1333	43.38		57	1.85		178	5.79								264	8.59		1241	40.38		3073
	FOURTH		31	54.39			Excluded		12	21.05								7	12.28		7	12.28		57
		TOTAL	1364	44.39					190	6.18								271	8.82		1248	40.61		3073
	FIFTH		29	15.26						Excluded								110	57.89		51	26.84		190
		TOTAL	1393	45.33														381	12.40		1299	42.27		3073
	SIXTH		106	27.82															Excluded		275	72.18		381
		TOTAL	1499	48.78																	1574	51.22		3073
																					Elected			
																								
Windsor                                                        																								
	FIRST		539	37.22		43	2.97		101	6.98		15	1.04		30	2.07		145	10.01		575	39.71		1448
	SECOND		1	6.67		1	6.67		11	73.33			Excluded		2	13.33		0	0.00		0	0.00		15
		TOTAL	540	37.29		44	3.04		112	7.73					32	2.21		145	10.01		575	39.71		1448
	THIRD		28	87.50		2	6.25		0	0.00						Excluded		1	3.13		1	3.13		32
		TOTAL	568	39.23		46	3.18		112	7.73								146	10.08		576	39.78		1448
	FOURTH		16	34.78			Excluded		18	39.13								3	6.52		9	19.57		46
		TOTAL	584	40.33					130	8.98								149	10.29		585	40.40		1448
	FIFTH		14	10.77						Excluded								81	62.31		35	26.92		130
		TOTAL	598	41.30														230	15.88		620	42.82		1448
	SIXTH		65	28.26															Excluded		165	71.74		230
		TOTAL	663	45.79																	785	54.21		1448
																					Elected			
																								
Windsor School                                                 																								
	FIRST		545	39.12		28	2.01		96	6.89		6	0.43		8	0.57		120	8.61		590	42.35		1393
	SECOND		1	16.67		1	16.67		3	50.00			Excluded		0	0.00		1	16.67		0	0.00		6
		TOTAL	546	39.20		29	2.08		99	7.11					8	0.57		121	8.69		590	42.35		1393
	THIRD		6	75.00		1	12.50		1	12.50						Excluded		0	0.00		0	0.00		8
		TOTAL	552	39.63		30	2.15		100	7.18								121	8.69		590	42.35		1393
	FOURTH		13	43.33			Excluded		12	40.00								1	3.33		4	13.33		30
		TOTAL	565	40.56					112	8.04								122	8.76		594	42.64		1393
	FIFTH		18	16.07						Excluded								74	66.07		20	17.86		112
		TOTAL	583	41.85														196	14.07		614	44.08		1393
	SIXTH		40	20.41															Excluded		156	79.59		196
		TOTAL	623	44.72																	770	55.28		1393
																					Elected			
																								
Special Hospital Team 1                                        																								
	FIRST		109	50.23		3	1.38		0	0.00		1	0.46		10	4.61		2	0.92		92	42.40		217
	SECOND		1	100.00		0	0.00		0	0.00			Excluded		0	0.00		0	0.00		0	0.00		1
		TOTAL	110	50.69		3	1.38		0	0.00					10	4.61		2	0.92		92	42.40		217
	THIRD		9	90.00		1	10.00		0	0.00						Excluded		0	0.00		0	0.00		10
		TOTAL	119	54.84		4	1.84		0	0.00								2	0.92		92	42.40		217
	FOURTH		2	50.00			Excluded		1	25.00								1	25.00		0	0.00		4
		TOTAL	121	55.76					1	0.46								3	1.38		92	42.40		217
	FIFTH		1	100.00						Excluded								0	0.00		0	0.00		1
		TOTAL	122	56.22														3	1.38		92	42.40		217
	SIXTH		0	0.00															Excluded		3	100.00		3
		TOTAL	122	56.22																	95	43.78		217
																					Elected			
																								
Special Hospital Team 2                                        																								
	FIRST		39	45.88		2	2.35		0	0.00		0	0.00		0	0.00		0	0.00		44	51.76		85
	SECOND		0	0.00		0	0.00		0	0.00			Excluded		0	0.00		0	0.00		0	0.00		0
		TOTAL	39	45.88		2	2.35		0	0.00					0	0.00		0	0.00		44	51.76		85
	THIRD		0	0.00		0	0.00		0	0.00						Excluded		0	0.00		0	0.00		0
		TOTAL	39	45.88		2	2.35		0	0.00								0	0.00		44	51.76		85
	FOURTH		0	0.00			Excluded		2	100.00								0	0.00		0	0.00		2
		TOTAL	39	45.88					2	2.35								0	0.00		44	51.76		85
	FIFTH		2	100.00						Excluded								0	0.00		0	0.00		2
		TOTAL	41	48.24														0	0.00		44	51.76		85
	SIXTH		0	0.00															Excluded		0	0.00		0
		TOTAL	41	48.24																	44	51.76		85
																					Elected			
																								
Special Hospital Team 3                                        																								
	FIRST		52	44.83		3	2.59		1	0.86		1	0.86		6	5.17		2	1.72		51	43.97		116
	SECOND		0	0.00		0	0.00		0	0.00			Excluded		0	0.00		0	0.00		1	100.00		1
		TOTAL	52	44.83		3	2.59		1	0.86					6	5.17		2	1.72		52	44.83		116
	THIRD		4	66.67		0	0.00		0	0.00						Excluded		1	16.67		1	16.67		6
		TOTAL	56	48.28		3	2.59		1	0.86								3	2.59		53	45.69		116
	FOURTH		0	0.00			Excluded		0	0.00								0	0.00		3	100.00		3
		TOTAL	56	48.28					1	0.86								3	2.59		56	48.28		116
	FIFTH		0	0.00						Excluded								0	0.00		1	100.00		1
		TOTAL	56	48.28														3	2.59		57	49.14		116
	SIXTH		2	66.67															Excluded		1	33.33		3
		TOTAL	58	50.00																	58	50.00		116
																					Elected			
																								
Special Hospital Team 4                                        																								
	FIRST		74	44.31		3	1.80		0	0.00		0	0.00		8	4.79		3	1.80		79	47.31		167
	SECOND		0	0.00		0	0.00		0	0.00			Excluded		0	0.00		0	0.00		0	0.00		0
		TOTAL	74	44.31		3	1.80		0	0.00					8	4.79		3	1.80		79	47.31		167
	THIRD		7	87.50		0	0.00		0	0.00						Excluded		0	0.00		1	12.50		8
		TOTAL	81	48.50		3	1.80		0	0.00								3	1.80		80	47.90		167
	FOURTH		3	100.00			Excluded		0	0.00								0	0.00		0	0.00		3
		TOTAL	84	50.30					0	0.00								3	1.80		80	47.90		167
	FIFTH		0	0.00						Excluded								0	0.00		0	0.00		0
		TOTAL	84	50.30														3	1.80		80	47.90		167
	SIXTH		0	0.00															Excluded		3	100.00		3
		TOTAL	84	50.30																	83	49.70		167
																					Elected			
																								
ABSENT																								
	FIRST		3049	39.74		220	2.87		730	9.52		95	1.24		193	2.52		780	10.17		2605	33.95		7672
	SECOND		12	12.63		10	10.53		27	28.42			Excluded		10	10.53		24	25.26		12	12.63		95
		TOTAL	3061	39.90		230	3.00		757	9.87					203	2.65		804	10.48		2617	34.11		7672
	THIRD		127	62.56		13	6.40		21	10.34						Excluded		25	12.32		17	8.37		203
		TOTAL	3188	41.55		243	3.17		778	10.14								829	10.81		2634	34.33		7672
	FOURTH		107	44.03			Excluded		60	24.69								35	14.40		41	16.87		243
		TOTAL	3295	42.95					838	10.92								864	11.26		2675	34.87		7672
	FIFTH		130	15.51						Excluded								485	57.88		223	26.61		838
		TOTAL	3425	44.64														1349	17.58		2898	37.77		7672
	SIXTH		361	26.76															Excluded		988	73.24		1349
		TOTAL	3786	49.35																	3886	50.65		7672
																					Elected			
																								
POSTAL																								
	FIRST		1787	39.40		143	3.15		169	3.73		22	0.49		97	2.14		209	4.61		2108	46.48		4535
	SECOND		2	9.09		2	9.09		7	31.82			Excluded		1	4.55		7	31.82		3	13.64		22
		TOTAL	1789	39.45		145	3.20		176	3.88					98	2.16		216	4.76		2111	46.55		4535
	THIRD		71	72.45		6	6.12		3	3.06						Excluded		9	9.18		9	9.18		98
		TOTAL	1860	41.01		151	3.33		179	3.95								225	4.96		2120	46.75		4535
	FOURTH		67	44.37			Excluded		28	18.54								17	11.26		39	25.83		151
		TOTAL	1927	42.49					207	4.56								242	5.34		2159	47.61		4535
	FIFTH		37	17.87						Excluded								101	48.79		69	33.33		207
		TOTAL	1964	43.31														343	7.56		2228	49.13		4535
	SIXTH		93	27.11															Excluded		250	72.89		343
		TOTAL	2057	45.36																	2478	54.64		4535
																					Elected			
																								
PRE POLL																								
	FIRST		1938	42.84		99	2.19		408	9.02		38	0.84		84	1.86		389	8.60		1568	34.66		4524
	SECOND		2	5.26		3	7.89		16	42.11			Excluded		4	10.53		7	18.42		6	15.79		38
		TOTAL	1940	42.88		102	2.25		424	9.37					88	1.95		396	8.75		1574	34.79		4524
	THIRD		57	64.77		7	7.95		9	10.23						Excluded		8	9.09		7	7.95		88
		TOTAL	1997	44.14		109	2.41		433	9.57								404	8.93		1581	34.95		4524
	FOURTH		53	48.62			Excluded		29	26.61								12	11.01		15	13.76		109
		TOTAL	2050	45.31					462	10.21								416	9.20		1596	35.28		4524
	FIFTH		55	11.90						Excluded								288	62.34		119	25.76		462
		TOTAL	2105	46.53														704	15.56		1715	37.91		4524
	SIXTH		194	27.56															Excluded		510	72.44		704
		TOTAL	2299	50.82																	2225	49.18		4524
																					Elected			
																								
PROVISIONAL																								
	FIRST		224	28.83		16	2.06		94	12.10		7	0.90		15	1.93		132	16.99		289	37.19		777
	SECOND		1	14.29		1	14.29		4	57.14			Excluded		1	14.29		0	0.00		0	0.00		7
		TOTAL	225	28.96		17	2.19		98	12.61					16	2.06		132	16.99		289	37.19		777
	THIRD		9	56.25		2	12.50		2	12.50						Excluded		2	12.50		1	6.25		16
		TOTAL	234	30.12		19	2.45		100	12.87								134	17.25		290	37.32		777
	FOURTH		8	42.11			Excluded		3	15.79								2	10.53		6	31.58		19
		TOTAL	242	31.15					103	13.26								136	17.50		296	38.10		777
	FIFTH		7	6.80						Excluded								66	64.08		30	29.13		103
		TOTAL	249	32.05														202	26.00		326	41.96		777
	SIXTH		44	21.78															Excluded		158	78.22		202
		TOTAL	293	37.71																	484	62.29		777
																					Elected			
																								
																								
																								
																								
																								
																								
																								
																								
																								
																								
																								
																								
																								
																								
																								
																								
																								
																								
																								
																								
																								
																								
																								
																								
																								
																								
																								
																								
																								
																								
																								
																								
																								
																								
																								
																								
																								
																								
																								
																								
																								
																								
																								
																								
																								
																								
																								
																								
																								
																								
																								
																								
																								
																								
																								
																								
																								
																								
																								
																								
																								
																								
																								
																								
																								
																								
																								
																								
																								
																								
																								
																								
																								
																								
																								
																								
																								
																								
																								
																								
																								
																								
																								
																								
																								
																								
																								
																								
																								
																								
																								
																								
																								
																								
																								
																								
																								
																								
																								
																								
																								
																								
																								
																								
																								
																								
																								
																								
																								
																								
																								
																								
																								
																								
																								
																								
																								
																								
																								
																								
																								
																								
																								
																								
																								
																								
																								
																								
																								
																								
																								
																								
																								
																								
																								
																								
																								
																								
																								
																								
																								
																								
																								
																								
																								
																								
																								
																								
																								
																								
																								
																								
																								
																								
																								
																								
																								
																								
																								
																								
																								
																								
																								
																								
																								
																								
																								
																								
																								
																								
																								
																								
																								
																								
																								
																								
																								
																								
																								
																								
																								
																								
																								
																								
																								
																								
																								
																								
																								
																								
																								
																								
																								
																								
																								
																								
																								
																								
																								
																								
																								
																								
																								
																								
																								
																								
																								
																								
																								
																								
																								
																								
																								
																								
																								
																								
																								
																								
																								
																								
