House of Representatives - 2001 Election: Queensland																														
Distribution of Preferences 																														
By Polling Place																														
Capricornia																														
				GILLHAM			CLARKE			LEVER			SCHUBACK			MURPHY			JOHNS			TAYLOR			MUIR			LIVERMORE		
				Ray			Herb			John			Peter			John Joseph			Naomi			Lea			Bob			Kirsten		
				CEC			HAN			NP			IND			IND			DEM			LP			GRN			ALP		
	Count		Votes	%		Votes	%		Votes	%		Votes	%		Votes	%		Votes	%		Votes	%		Votes	%		Votes	%		Total
Allenstown                                                     																														
	FIRST		14	0.63		146	6.57		468	21.07		12	0.54		4	0.18		42	1.89		382	17.20		26	1.17		1127	50.74		2221
	SECOND		0	0.00		0	0.00		1	25.00		1	25.00			Excluded		0	0.00		0	0.00		1	25.00		1	25.00		4
		TOTAL	14	0.63		146	6.57		469	21.12		13	0.59					42	1.89		382	17.20		27	1.22		1128	50.79		2221
	THIRD			Excluded		9	64.29		2	14.29		1	7.14					1	7.14		0	0.00		1	7.14		0	0.00		14
		TOTAL				155	6.98		471	21.21		14	0.63					43	1.94		382	17.20		28	1.26		1128	50.79		2221
	FOURTH					3	21.43		2	14.29			Excluded					3	21.43		2	14.29		1	7.14		3	21.43		14
		TOTAL				158	7.11		473	21.30								46	2.07		384	17.29		29	1.31		1131	50.92		2221
	FIFTH					2	6.90		0	0.00								11	37.93		3	10.34			Excluded		13	44.83		29
		TOTAL				160	7.20		473	21.30								57	2.57		387	17.42					1144	51.51		2221
	SIXTH					3	5.26		10	17.54									Excluded		8	14.04					36	63.16		57
		TOTAL				163	7.34		483	21.75											395	17.78					1180	53.13		2221
	SEVENTH						Excluded		71	43.56											48	29.45					44	26.99		163
		TOTAL							554	24.94											443	19.95					1224	55.11		2221
	EIGHTH								383	86.46												Excluded					60	13.54		443
		TOTAL							937	42.19																	1284	57.81		2221
																											Elected			
																														
Alpha                                                          																														
	FIRST		3	0.92		46	14.11		125	38.34		4	1.23		5	1.53		2	0.61		42	12.88		2	0.61		97	29.75		326
	SECOND		0	0.00		1	20.00		0	0.00		3	60.00			Excluded		1	20.00		0	0.00		0	0.00		0	0.00		5
		TOTAL	3	0.92		47	14.42		125	38.34		7	2.15					3	0.92		42	12.88		2	0.61		97	29.75		326
	THIRD			Excluded		3	100.00		0	0.00		0	0.00					0	0.00		0	0.00		0	0.00		0	0.00		3
		TOTAL				50	15.34		125	38.34		7	2.15					3	0.92		42	12.88		2	0.61		97	29.75		326
	FOURTH					2	28.57		2	28.57			Excluded					1	14.29		0	0.00		0	0.00		2	28.57		7
		TOTAL				52	15.95		127	38.96								4	1.23		42	12.88		2	0.61		99	30.37		326
	FIFTH					0	0.00		0	0.00								1	50.00		0	0.00			Excluded		1	50.00		2
		TOTAL				52	15.95		127	38.96								5	1.53		42	12.88					100	30.67		326
	SIXTH					2	40.00		0	0.00									Excluded		1	20.00					2	40.00		5
		TOTAL				54	16.56		127	38.96											43	13.19					102	31.29		326
	SEVENTH						Excluded		17	31.48											27	50.00					10	18.52		54
		TOTAL							144	44.17											70	21.47					112	34.36		326
	EIGHTH								62	88.57												Excluded					8	11.43		70
		TOTAL							206	63.19																	120	36.81		326
																											Elected			
																														
Alton Downs                                                    																														
	FIRST		2	0.42		46	9.66		163	34.24		3	0.63		0	0.00		7	1.47		83	17.44		1	0.21		171	35.92		476
	SECOND		0	0.00		0	0.00		0	0.00		0	0.00			Excluded		0	0.00		0	0.00		0	0.00		0	0.00		0
		TOTAL	2	0.42		46	9.66		163	34.24		3	0.63					7	1.47		83	17.44		1	0.21		171	35.92		476
	THIRD			Excluded		0	0.00		1	50.00		0	0.00					0	0.00		0	0.00		0	0.00		1	50.00		2
		TOTAL				46	9.66		164	34.45		3	0.63					7	1.47		83	17.44		1	0.21		172	36.13		476
	FOURTH					3	100.00		0	0.00			Excluded					0	0.00		0	0.00		0	0.00		0	0.00		3
		TOTAL				49	10.29		164	34.45								7	1.47		83	17.44		1	0.21		172	36.13		476
	FIFTH					0	0.00		0	0.00								1	100.00		0	0.00			Excluded		0	0.00		1
		TOTAL				49	10.29		164	34.45								8	1.68		83	17.44					172	36.13		476
	SIXTH					0	0.00		2	25.00									Excluded		0	0.00					6	75.00		8
		TOTAL				49	10.29		166	34.87											83	17.44					178	37.39		476
	SEVENTH						Excluded		21	42.86											14	28.57					14	28.57		49
		TOTAL							187	39.29											97	20.38					192	40.34		476
	EIGHTH								89	91.75												Excluded					8	8.25		97
		TOTAL							276	57.98																	200	42.02		476
																											Elected			
																														
Applegarth                                                     																														
	FIRST		0	0.00		11	6.47		37	21.76		1	0.59		0	0.00		0	0.00		27	15.88		2	1.18		92	54.12		170
	SECOND		0	0.00		0	0.00		0	0.00		0	0.00			Excluded		0	0.00		0	0.00		0	0.00		0	0.00		0
		TOTAL	0	0.00		11	6.47		37	21.76		1	0.59					0	0.00		27	15.88		2	1.18		92	54.12		170
	THIRD			Excluded		0	0.00		0	0.00		0	0.00					0	0.00		0	0.00		0	0.00		0	0.00		0
		TOTAL				11	6.47		37	21.76		1	0.59					0	0.00		27	15.88		2	1.18		92	54.12		170
	FOURTH					0	0.00		0	0.00			Excluded					1	100.00		0	0.00		0	0.00		0	0.00		1
		TOTAL				11	6.47		37	21.76								1	0.59		27	15.88		2	1.18		92	54.12		170
	FIFTH					0	0.00		1	50.00								0	0.00		0	0.00			Excluded		1	50.00		2
		TOTAL				11	6.47		38	22.35								1	0.59		27	15.88					93	54.71		170
	SIXTH					0	0.00		0	0.00									Excluded		1	100.00					0	0.00		1
		TOTAL				11	6.47		38	22.35											28	16.47					93	54.71		170
	SEVENTH						Excluded		5	45.45											3	27.27					3	27.27		11
		TOTAL							43	25.29											31	18.24					96	56.47		170
	EIGHTH								23	74.19												Excluded					8	25.81		31
		TOTAL							66	38.82																	104	61.18		170
																											Elected			
																														
Aramac                                                         																														
	FIRST		5	2.03		34	13.82		62	25.20		1	0.41		0	0.00		1	0.41		41	16.67		4	1.63		98	39.84		246
	SECOND		0	0.00		0	0.00		0	0.00		0	0.00			Excluded		0	0.00		0	0.00		0	0.00		0	0.00		0
		TOTAL	5	2.03		34	13.82		62	25.20		1	0.41					1	0.41		41	16.67		4	1.63		98	39.84		246
	THIRD			Excluded		5	100.00		0	0.00		0	0.00					0	0.00		0	0.00		0	0.00		0	0.00		5
		TOTAL				39	15.85		62	25.20		1	0.41					1	0.41		41	16.67		4	1.63		98	39.84		246
	FOURTH					0	0.00		1	100.00			Excluded					0	0.00		0	0.00		0	0.00		0	0.00		1
		TOTAL				39	15.85		63	25.61								1	0.41		41	16.67		4	1.63		98	39.84		246
	FIFTH					0	0.00		1	25.00								2	50.00		1	25.00			Excluded		0	0.00		4
		TOTAL				39	15.85		64	26.02								3	1.22		42	17.07					98	39.84		246
	SIXTH					0	0.00		1	33.33									Excluded		0	0.00					2	66.67		3
		TOTAL				39	15.85		65	26.42											42	17.07					100	40.65		246
	SEVENTH						Excluded		24	61.54											9	23.08					6	15.38		39
		TOTAL							89	36.18											51	20.73					106	43.09		246
	EIGHTH								39	76.47												Excluded					12	23.53		51
		TOTAL							128	52.03																	118	47.97		246
																											Elected			
																														
Archer Park                                                    																														
	FIRST		3	0.45		66	9.92		116	17.44		3	0.45		6	0.90		7	1.05		97	14.59		5	0.75		362	54.44		665
	SECOND		1	16.67		0	0.00		2	33.33		2	33.33			Excluded		0	0.00		1	16.67		0	0.00		0	0.00		6
		TOTAL	4	0.60		66	9.92		118	17.74		5	0.75					7	1.05		98	14.74		5	0.75		362	54.44		665
	THIRD			Excluded		2	50.00		1	25.00		1	25.00					0	0.00		0	0.00		0	0.00		0	0.00		4
		TOTAL				68	10.23		119	17.89		6	0.90					7	1.05		98	14.74		5	0.75		362	54.44		665
	FOURTH					0	0.00		2	33.33			Excluded					1	16.67		1	16.67		2	33.33		0	0.00		6
		TOTAL				68	10.23		121	18.20								8	1.20		99	14.89		7	1.05		362	54.44		665
	FIFTH					0	0.00		1	14.29								2	28.57		3	42.86			Excluded		1	14.29		7
		TOTAL				68	10.23		122	18.35								10	1.50		102	15.34					363	54.59		665
	SIXTH					1	10.00		1	10.00									Excluded		3	30.00					5	50.00		10
		TOTAL				69	10.38		123	18.50											105	15.79					368	55.34		665
	SEVENTH						Excluded		18	26.09											29	42.03					22	31.88		69
		TOTAL							141	21.20											134	20.15					390	58.65		665
	EIGHTH								111	82.84												Excluded					23	17.16		134
		TOTAL							252	37.89																	413	62.11		665
																											Elected			
																														
Barcaldine                                                     																														
	FIRST		4	0.50		54	6.74		130	16.23		3	0.37		5	0.62		7	0.87		117	14.61		10	1.25		471	58.80		801
	SECOND		0	0.00		0	0.00		0	0.00		4	80.00			Excluded		1	20.00		0	0.00		0	0.00		0	0.00		5
		TOTAL	4	0.50		54	6.74		130	16.23		7	0.87					8	1.00		117	14.61		10	1.25		471	58.80		801
	THIRD			Excluded		2	50.00		1	25.00		0	0.00					0	0.00		0	0.00		1	25.00		0	0.00		4
		TOTAL				56	6.99		131	16.35		7	0.87					8	1.00		117	14.61		11	1.37		471	58.80		801
	FOURTH					2	28.57		1	14.29			Excluded					0	0.00		4	57.14		0	0.00		0	0.00		7
		TOTAL				58	7.24		132	16.48								8	1.00		121	15.11		11	1.37		471	58.80		801
	FIFTH					1	9.09		0	0.00								2	18.18		2	18.18			Excluded		6	54.55		11
		TOTAL				59	7.37		132	16.48								10	1.25		123	15.36					477	59.55		801
	SIXTH					2	20.00		1	10.00									Excluded		2	20.00					5	50.00		10
		TOTAL				61	7.62		133	16.60											125	15.61					482	60.17		801
	SEVENTH						Excluded		31	50.82											16	26.23					14	22.95		61
		TOTAL							164	20.47											141	17.60					496	61.92		801
	EIGHTH								115	81.56												Excluded					26	18.44		141
		TOTAL							279	34.83																	522	65.17		801
																											Elected			
																														
Berserker                                                      																														
	FIRST		10	0.45		153	6.89		306	13.79		25	1.13		10	0.45		34	1.53		319	14.38		34	1.53		1328	59.85		2219
	SECOND		3	30.00		1	10.00		0	0.00		2	20.00			Excluded		0	0.00		1	10.00		1	10.00		2	20.00		10
		TOTAL	13	0.59		154	6.94		306	13.79		27	1.22					34	1.53		320	14.42		35	1.58		1330	59.94		2219
	THIRD			Excluded		10	76.92		2	15.38		0	0.00					0	0.00		0	0.00		1	7.69		0	0.00		13
		TOTAL				164	7.39		308	13.88		27	1.22					34	1.53		320	14.42		36	1.62		1330	59.94		2219
	FOURTH					10	37.04		3	11.11			Excluded					2	7.41		2	7.41		2	7.41		8	29.63		27
		TOTAL				174	7.84		311	14.02								36	1.62		322	14.51		38	1.71		1338	60.30		2219
	FIFTH					10	26.32		4	10.53								10	26.32		2	5.26			Excluded		12	31.58		38
		TOTAL				184	8.29		315	14.20								46	2.07		324	14.60					1350	60.84		2219
	SIXTH					6	13.04		8	17.39									Excluded		2	4.35					30	65.22		46
		TOTAL				190	8.56		323	14.56											326	14.69					1380	62.19		2219
	SEVENTH						Excluded		69	36.32											52	27.37					69	36.32		190
		TOTAL							392	17.67											378	17.03					1449	65.30		2219
	EIGHTH								319	84.39												Excluded					59	15.61		378
		TOTAL							711	32.04																	1508	67.96		2219
																											Elected			
																														
Bouldercombe                                                   																														
	FIRST		5	1.07		60	12.82		98	20.94		15	3.21		6	1.28		7	1.50		69	14.74		7	1.50		201	42.95		468
	SECOND		0	0.00		1	16.67		4	66.67		1	16.67			Excluded		0	0.00		0	0.00		0	0.00		0	0.00		6
		TOTAL	5	1.07		61	13.03		102	21.79		16	3.42					7	1.50		69	14.74		7	1.50		201	42.95		468
	THIRD			Excluded		2	40.00		1	20.00		0	0.00					0	0.00		1	20.00		0	0.00		1	20.00		5
		TOTAL				63	13.46		103	22.01		16	3.42					7	1.50		70	14.96		7	1.50		202	43.16		468
	FOURTH					5	31.25		5	31.25			Excluded					3	18.75		1	6.25		0	0.00		2	12.50		16
		TOTAL				68	14.53		108	23.08								10	2.14		71	15.17		7	1.50		204	43.59		468
	FIFTH					0	0.00		1	14.29								1	14.29		1	14.29			Excluded		4	57.14		7
		TOTAL				68	14.53		109	23.29								11	2.35		72	15.38					208	44.44		468
	SIXTH					2	18.18		2	18.18									Excluded		1	9.09					6	54.55		11
		TOTAL				70	14.96		111	23.72											73	15.60					214	45.73		468
	SEVENTH						Excluded		25	35.71											21	30.00					24	34.29		70
		TOTAL							136	29.06											94	20.09					238	50.85		468
	EIGHTH								77	81.91												Excluded					17	18.09		94
		TOTAL							213	45.51																	255	54.49		468
																											Elected			
																														
Brisbane City (Capricornia)                                    																														
	FIRST		0	0.00		4	3.33		22	18.33		2	1.67		0	0.00		5	4.17		42	35.00		2	1.67		43	35.83		120
	SECOND		0	0.00		0	0.00		0	0.00		0	0.00			Excluded		0	0.00		0	0.00		0	0.00		0	0.00		0
		TOTAL	0	0.00		4	3.33		22	18.33		2	1.67					5	4.17		42	35.00		2	1.67		43	35.83		120
	THIRD			Excluded		0	0.00		0	0.00		0	0.00					0	0.00		0	0.00		0	0.00		0	0.00		0
		TOTAL				4	3.33		22	18.33		2	1.67					5	4.17		42	35.00		2	1.67		43	35.83		120
	FOURTH					0	0.00		0	0.00			Excluded					0	0.00		1	50.00		0	0.00		1	50.00		2
		TOTAL				4	3.33		22	18.33								5	4.17		43	35.83		2	1.67		44	36.67		120
	FIFTH					0	0.00		0	0.00								1	50.00		0	0.00			Excluded		1	50.00		2
		TOTAL				4	3.33		22	18.33								6	5.00		43	35.83					45	37.50		120
	SIXTH					1	16.67		0	0.00									Excluded		1	16.67					4	66.67		6
		TOTAL				5	4.17		22	18.33											44	36.67					49	40.83		120
	SEVENTH						Excluded		2	40.00											0	0.00					3	60.00		5
		TOTAL							24	20.00											44	36.67					52	43.33		120
	EIGHTH								41	93.18												Excluded					3	6.82		44
		TOTAL							65	54.17																	55	45.83		120
																											Elected			
																														
Burnett Street                                                 																														
	FIRST		1	0.17		36	5.94		123	20.30		5	0.83		4	0.66		8	1.32		69	11.39		2	0.33		358	59.08		606
	SECOND		0	0.00		0	0.00		0	0.00		2	50.00			Excluded		0	0.00		1	25.00		0	0.00		1	25.00		4
		TOTAL	1	0.17		36	5.94		123	20.30		7	1.16					8	1.32		70	11.55		2	0.33		359	59.24		606
	THIRD			Excluded		1	100.00		0	0.00		0	0.00					0	0.00		0	0.00		0	0.00		0	0.00		1
		TOTAL				37	6.11		123	20.30		7	1.16					8	1.32		70	11.55		2	0.33		359	59.24		606
	FOURTH					1	14.29		3	42.86			Excluded					2	28.57		0	0.00		0	0.00		1	14.29		7
		TOTAL				38	6.27		126	20.79								10	1.65		70	11.55		2	0.33		360	59.41		606
	FIFTH					1	50.00		0	0.00								0	0.00		0	0.00			Excluded		1	50.00		2
		TOTAL				39	6.44		126	20.79								10	1.65		70	11.55					361	59.57		606
	SIXTH					1	10.00		1	10.00									Excluded		1	10.00					7	70.00		10
		TOTAL				40	6.60		127	20.96											71	11.72					368	60.73		606
	SEVENTH						Excluded		23	57.50											3	7.50					14	35.00		40
		TOTAL							150	24.75											74	12.21					382	63.04		606
	EIGHTH								68	91.89												Excluded					6	8.11		74
		TOTAL							218	35.97																	388	64.03		606
																											Elected			
																														
Capella                                                        																														
	FIRST		2	0.34		62	10.54		229	38.95		7	1.19		0	0.00		8	1.36		132	22.45		3	0.51		145	24.66		588
	SECOND		0	0.00		0	0.00		0	0.00		0	0.00			Excluded		0	0.00		0	0.00		0	0.00		0	0.00		0
		TOTAL	2	0.34		62	10.54		229	38.95		7	1.19					8	1.36		132	22.45		3	0.51		145	24.66		588
	THIRD			Excluded		2	100.00		0	0.00		0	0.00					0	0.00		0	0.00		0	0.00		0	0.00		2
		TOTAL				64	10.88		229	38.95		7	1.19					8	1.36		132	22.45		3	0.51		145	24.66		588
	FOURTH					3	42.86		2	28.57			Excluded					2	28.57		0	0.00		0	0.00		0	0.00		7
		TOTAL				67	11.39		231	39.29								10	1.70		132	22.45		3	0.51		145	24.66		588
	FIFTH					0	0.00		0	0.00								1	33.33		1	33.33			Excluded		1	33.33		3
		TOTAL				67	11.39		231	39.29								11	1.87		133	22.62					146	24.83		588
	SIXTH					0	0.00		3	27.27									Excluded		2	18.18					6	54.55		11
		TOTAL				67	11.39		234	39.80											135	22.96					152	25.85		588
	SEVENTH						Excluded		42	62.69											11	16.42					14	20.90		67
		TOTAL							276	46.94											146	24.83					166	28.23		588
	EIGHTH								126	86.30												Excluded					20	13.70		146
		TOTAL							402	68.37																	186	31.63		588
																											Elected			
																														
Cawarral                                                       																														
	FIRST		3	0.47		76	11.88		175	27.34		3	0.47		4	0.63		6	0.94		89	13.91		16	2.50		268	41.88		640
	SECOND		0	0.00		0	0.00		1	25.00		2	50.00			Excluded		1	25.00		0	0.00		0	0.00		0	0.00		4
		TOTAL	3	0.47		76	11.88		176	27.50		5	0.78					7	1.09		89	13.91		16	2.50		268	41.88		640
	THIRD			Excluded		2	66.67		1	33.33		0	0.00					0	0.00		0	0.00		0	0.00		0	0.00		3
		TOTAL				78	12.19		177	27.66		5	0.78					7	1.09		89	13.91		16	2.50		268	41.88		640
	FOURTH					0	0.00		1	20.00			Excluded					1	20.00		0	0.00		0	0.00		3	60.00		5
		TOTAL				78	12.19		178	27.81								8	1.25		89	13.91		16	2.50		271	42.34		640
	FIFTH					1	6.25		0	0.00								7	43.75		0	0.00			Excluded		8	50.00		16
		TOTAL				79	12.34		178	27.81								15	2.34		89	13.91					279	43.59		640
	SIXTH					2	13.33		4	26.67									Excluded		0	0.00					9	60.00		15
		TOTAL				81	12.66		182	28.44											89	13.91					288	45.00		640
	SEVENTH						Excluded		33	40.74											21	25.93					27	33.33		81
		TOTAL							215	33.59											110	17.19					315	49.22		640
	EIGHTH								95	86.36												Excluded					15	13.64		110
		TOTAL							310	48.44																	330	51.56		640
																											Elected			
																														
Clermont                                                       																														
	FIRST		10	0.75		119	8.97		312	23.53		10	0.75		8	0.60		13	0.98		276	20.81		8	0.60		570	42.99		1326
	SECOND		0	0.00		0	0.00		1	12.50		4	50.00			Excluded		0	0.00		1	12.50		1	12.50		1	12.50		8
		TOTAL	10	0.75		119	8.97		313	23.60		14	1.06					13	0.98		277	20.89		9	0.68		571	43.06		1326
	THIRD			Excluded		7	70.00		1	10.00		0	0.00					0	0.00		1	10.00		0	0.00		1	10.00		10
		TOTAL				126	9.50		314	23.68		14	1.06					13	0.98		278	20.97		9	0.68		572	43.14		1326
	FOURTH					3	21.43		4	28.57			Excluded					3	21.43		0	0.00		1	7.14		3	21.43		14
		TOTAL				129	9.73		318	23.98								16	1.21		278	20.97		10	0.75		575	43.36		1326
	FIFTH					2	20.00		3	30.00								2	20.00		1	10.00			Excluded		2	20.00		10
		TOTAL				131	9.88		321	24.21								18	1.36		279	21.04					577	43.51		1326
	SIXTH					0	0.00		5	27.78									Excluded		1	5.56					12	66.67		18
		TOTAL				131	9.88		326	24.59											280	21.12					589	44.42		1326
	SEVENTH						Excluded		70	53.44											23	17.56					38	29.01		131
		TOTAL							396	29.86											303	22.85					627	47.29		1326
	EIGHTH								270	89.11												Excluded					33	10.89		303
		TOTAL							666	50.23																	660	49.77		1326
																											Elected			
																														
Collinsville                                                   																														
	FIRST		19	1.75		64	5.90		51	4.70		4	0.37		6	0.55		23	2.12		155	14.30		2	0.18		760	70.11		1084
	SECOND		1	16.67		0	0.00		1	16.67		3	50.00			Excluded		1	16.67		0	0.00		0	0.00		0	0.00		6
		TOTAL	20	1.85		64	5.90		52	4.80		7	0.65					24	2.21		155	14.30		2	0.18		760	70.11		1084
	THIRD			Excluded		13	65.00		3	15.00		1	5.00					0	0.00		0	0.00		0	0.00		3	15.00		20
		TOTAL				77	7.10		55	5.07		8	0.74					24	2.21		155	14.30		2	0.18		763	70.39		1084
	FOURTH					5	62.50		1	12.50			Excluded					0	0.00		0	0.00		1	12.50		1	12.50		8
		TOTAL				82	7.56		56	5.17								24	2.21		155	14.30		3	0.28		764	70.48		1084
	FIFTH					2	66.67		0	0.00								0	0.00		0	0.00			Excluded		1	33.33		3
		TOTAL				84	7.75		56	5.17								24	2.21		155	14.30					765	70.57		1084
	SIXTH					1	4.17		5	20.83									Excluded		5	20.83					13	54.17		24
		TOTAL				85	7.84		61	5.63											160	14.76					778	71.77		1084
	SEVENTH						Excluded		45	52.94											15	17.65					25	29.41		85
		TOTAL							106	9.78											175	16.14					803	74.08		1084
	EIGHTH								147	84.00												Excluded					28	16.00		175
		TOTAL							253	23.34																	831	76.66		1084
																											Elected			
																														
Coppabella                                                     																														
	FIRST		3	2.40		5	4.00		23	18.40		0	0.00		2	1.60		2	1.60		10	8.00		0	0.00		80	64.00		125
	SECOND		0	0.00		0	0.00		1	50.00		1	50.00			Excluded		0	0.00		0	0.00		0	0.00		0	0.00		2
		TOTAL	3	2.40		5	4.00		24	19.20		1	0.80					2	1.60		10	8.00		0	0.00		80	64.00		125
	THIRD			Excluded		1	33.33		1	33.33		1	33.33					0	0.00		0	0.00		0	0.00		0	0.00		3
		TOTAL				6	4.80		25	20.00		2	1.60					2	1.60		10	8.00		0	0.00		80	64.00		125
	FOURTH					0	0.00		0	0.00			Excluded					1	50.00		0	0.00		1	50.00		0	0.00		2
		TOTAL				6	4.80		25	20.00								3	2.40		10	8.00		1	0.80		80	64.00		125
	FIFTH					0	0.00		0	0.00								0	0.00		0	0.00			Excluded		1	100.00		1
		TOTAL				6	4.80		25	20.00								3	2.40		10	8.00					81	64.80		125
	SIXTH					0	0.00		0	0.00									Excluded		2	66.67					1	33.33		3
		TOTAL				6	4.80		25	20.00											12	9.60					82	65.60		125
	SEVENTH						Excluded		1	16.67											1	16.67					4	66.67		6
		TOTAL							26	20.80											13	10.40					86	68.80		125
	EIGHTH								10	76.92												Excluded					3	23.08		13
		TOTAL							36	28.80																	89	71.20		125
																											Elected			
																														
Crescent Lagoon                                                																														
	FIRST		5	0.45		74	6.60		185	16.50		3	0.27		2	0.18		31	2.77		181	16.15		13	1.16		627	55.93		1121
	SECOND		0	0.00		0	0.00		2	100.00		0	0.00			Excluded		0	0.00		0	0.00		0	0.00		0	0.00		2
		TOTAL	5	0.45		74	6.60		187	16.68		3	0.27					31	2.77		181	16.15		13	1.16		627	55.93		1121
	THIRD			Excluded		3	60.00		1	20.00		0	0.00					0	0.00		0	0.00		1	20.00		0	0.00		5
		TOTAL				77	6.87		188	16.77		3	0.27					31	2.77		181	16.15		14	1.25		627	55.93		1121
	FOURTH					1	33.33		0	0.00			Excluded					1	33.33		0	0.00		0	0.00		1	33.33		3
		TOTAL				78	6.96		188	16.77								32	2.85		181	16.15		14	1.25		628	56.02		1121
	FIFTH					1	7.14		0	0.00								5	35.71		1	7.14			Excluded		7	50.00		14
		TOTAL				79	7.05		188	16.77								37	3.30		182	16.24					635	56.65		1121
	SIXTH					7	18.92		4	10.81									Excluded		3	8.11					23	62.16		37
		TOTAL				86	7.67		192	17.13											185	16.50					658	58.70		1121
	SEVENTH						Excluded		29	33.72											31	36.05					26	30.23		86
		TOTAL							221	19.71											216	19.27					684	61.02		1121
	EIGHTH								174	80.56												Excluded					42	19.44		216
		TOTAL							395	35.24																	726	64.76		1121
																											Elected			
																														
Depot Hill                                                     																														
	FIRST		5	0.90		63	11.37		50	9.03		2	0.36		2	0.36		5	0.90		47	8.48		6	1.08		374	67.51		554
	SECOND		0	0.00		0	0.00		0	0.00		1	50.00			Excluded		0	0.00		0	0.00		0	0.00		1	50.00		2
		TOTAL	5	0.90		63	11.37		50	9.03		3	0.54					5	0.90		47	8.48		6	1.08		375	67.69		554
	THIRD			Excluded		3	60.00		1	20.00		1	20.00					0	0.00		0	0.00		0	0.00		0	0.00		5
		TOTAL				66	11.91		51	9.21		4	0.72					5	0.90		47	8.48		6	1.08		375	67.69		554
	FOURTH					0	0.00		3	75.00			Excluded					0	0.00		0	0.00		1	25.00		0	0.00		4
		TOTAL				66	11.91		54	9.75								5	0.90		47	8.48		7	1.26		375	67.69		554
	FIFTH					0	0.00		2	28.57								2	28.57		0	0.00			Excluded		3	42.86		7
		TOTAL				66	11.91		56	10.11								7	1.26		47	8.48					378	68.23		554
	SIXTH					0	0.00		2	28.57									Excluded		2	28.57					3	42.86		7
		TOTAL				66	11.91		58	10.47											49	8.84					381	68.77		554
	SEVENTH						Excluded		15	22.73											29	43.94					22	33.33		66
		TOTAL							73	13.18											78	14.08					403	72.74		554
	EIGHTH								59	75.64												Excluded					19	24.36		78
		TOTAL							132	23.83																	422	76.17		554
																											Elected			
																														
Dysart                                                         																														
	FIRST		12	1.13		77	7.28		116	10.96		4	0.38		4	0.38		15	1.42		92	8.70		4	0.38		734	69.38		1058
	SECOND		0	0.00		0	0.00		2	50.00		2	50.00			Excluded		0	0.00		0	0.00		0	0.00		0	0.00		4
		TOTAL	12	1.13		77	7.28		118	11.15		6	0.57					15	1.42		92	8.70		4	0.38		734	69.38		1058
	THIRD			Excluded		6	50.00		3	25.00		2	16.67					1	8.33		0	0.00		0	0.00		0	0.00		12
		TOTAL				83	7.84		121	11.44		8	0.76					16	1.51		92	8.70		4	0.38		734	69.38		1058
	FOURTH					2	25.00		2	25.00			Excluded					3	37.50		0	0.00		0	0.00		1	12.50		8
		TOTAL				85	8.03		123	11.63								19	1.80		92	8.70		4	0.38		735	69.47		1058
	FIFTH					1	25.00		0	0.00								1	25.00		0	0.00			Excluded		2	50.00		4
		TOTAL				86	8.13		123	11.63								20	1.89		92	8.70					737	69.66		1058
	SIXTH					3	15.00		3	15.00									Excluded		6	30.00					8	40.00		20
		TOTAL				89	8.41		126	11.91											98	9.26					745	70.42		1058
	SEVENTH						Excluded		45	50.56											16	17.98					28	31.46		89
		TOTAL							171	16.16											114	10.78					773	73.06		1058
	EIGHTH								95	83.33												Excluded					19	16.67		114
		TOTAL							266	25.14																	792	74.86		1058
																											Elected			
																														
Emmaus College                                                 																														
	FIRST		3	0.31		46	4.68		215	21.87		4	0.41		3	0.31		14	1.42		158	16.07		5	0.51		535	54.43		983
	SECOND		0	0.00		0	0.00		0	0.00		3	100.00			Excluded		0	0.00		0	0.00		0	0.00		0	0.00		3
		TOTAL	3	0.31		46	4.68		215	21.87		7	0.71					14	1.42		158	16.07		5	0.51		535	54.43		983
	THIRD			Excluded		0	0.00		0	0.00		1	33.33					1	33.33		1	33.33		0	0.00		0	0.00		3
		TOTAL				46	4.68		215	21.87		8	0.81					15	1.53		159	16.17		5	0.51		535	54.43		983
	FOURTH					1	12.50		0	0.00			Excluded					1	12.50		0	0.00		3	37.50		3	37.50		8
		TOTAL				47	4.78		215	21.87								16	1.63		159	16.17		8	0.81		538	54.73		983
	FIFTH					1	12.50		1	12.50								2	25.00		3	37.50			Excluded		1	12.50		8
		TOTAL				48	4.88		216	21.97								18	1.83		162	16.48					539	54.83		983
	SIXTH					4	22.22		5	27.78									Excluded		1	5.56					8	44.44		18
		TOTAL				52	5.29		221	22.48											163	16.58					547	55.65		983
	SEVENTH						Excluded		18	34.62											24	46.15					10	19.23		52
		TOTAL							239	24.31											187	19.02					557	56.66		983
	EIGHTH								166	88.77												Excluded					21	11.23		187
		TOTAL							405	41.20																	578	58.80		983
																											Elected			
																														
Emu Park                                                       																														
	FIRST		14	0.69		155	7.68		395	19.57		9	0.45		11	0.55		32	1.59		327	16.20		43	2.13		1032	51.14		2018
	SECOND		0	0.00		0	0.00		2	18.18		3	27.27			Excluded		2	18.18		2	18.18		0	0.00		2	18.18		11
		TOTAL	14	0.69		155	7.68		397	19.67		12	0.59					34	1.68		329	16.30		43	2.13		1034	51.24		2018
	THIRD			Excluded		10	71.43		1	7.14		1	7.14					0	0.00		1	7.14		0	0.00		1	7.14		14
		TOTAL				165	8.18		398	19.72		13	0.64					34	1.68		330	16.35		43	2.13		1035	51.29		2018
	FOURTH					5	38.46		2	15.38			Excluded					2	15.38		1	7.69		0	0.00		3	23.08		13
		TOTAL				170	8.42		400	19.82								36	1.78		331	16.40		43	2.13		1038	51.44		2018
	FIFTH					2	4.65		2	4.65								10	23.26		3	6.98			Excluded		26	60.47		43
		TOTAL				172	8.52		402	19.92								46	2.28		334	16.55					1064	52.73		2018
	SIXTH					4	8.70		5	10.87									Excluded		3	6.52					34	73.91		46
		TOTAL				176	8.72		407	20.17											337	16.70					1098	54.41		2018
	SEVENTH						Excluded		62	35.23											50	28.41					64	36.36		176
		TOTAL							469	23.24											387	19.18					1162	57.58		2018
	EIGHTH								343	88.63												Excluded					44	11.37		387
		TOTAL							812	40.24																	1206	59.76		2018
																											Elected			
																														
Farnborough                                                    																														
	FIRST		3	0.29		93	9.03		257	24.95		9	0.87		1	0.10		17	1.65		181	17.57		62	6.02		407	39.51		1030
	SECOND		0	0.00		0	0.00		0	0.00		0	0.00			Excluded		0	0.00		0	0.00		1	100.00		0	0.00		1
		TOTAL	3	0.29		93	9.03		257	24.95		9	0.87					17	1.65		181	17.57		63	6.12		407	39.51		1030
	THIRD			Excluded		2	66.67		1	33.33		0	0.00					0	0.00		0	0.00		0	0.00		0	0.00		3
		TOTAL				95	9.22		258	25.05		9	0.87					17	1.65		181	17.57		63	6.12		407	39.51		1030
	FOURTH					2	22.22		4	44.44			Excluded					2	22.22		0	0.00		1	11.11		0	0.00		9
		TOTAL				97	9.42		262	25.44								19	1.84		181	17.57		64	6.21		407	39.51		1030
	FIFTH					6	9.38		4	6.25								22	34.38		1	1.56			Excluded		31	48.44		64
		TOTAL				103	10.00		266	25.83								41	3.98		182	17.67					438	42.52		1030
	SIXTH					5	12.20		6	14.63									Excluded		1	2.44					29	70.73		41
		TOTAL				108	10.49		272	26.41											183	17.77					467	45.34		1030
	SEVENTH						Excluded		37	34.26											36	33.33					35	32.41		108
		TOTAL							309	30.00											219	21.26					502	48.74		1030
	EIGHTH								188	85.84												Excluded					31	14.16		219
		TOTAL							497	48.25																	533	51.75		1030
																											Elected			
																														
Frenchville                                                    																														
	FIRST		2	0.12		81	4.70		441	25.61		7	0.41		11	0.64		25	1.45		415	24.10		19	1.10		721	41.87		1722
	SECOND		0	0.00		1	9.09		0	0.00		1	9.09			Excluded		2	18.18		0	0.00		1	9.09		6	54.55		11
		TOTAL	2	0.12		82	4.76		441	25.61		8	0.46					27	1.57		415	24.10		20	1.16		727	42.22		1722
	THIRD			Excluded		1	50.00		1	50.00		0	0.00					0	0.00		0	0.00		0	0.00		0	0.00		2
		TOTAL				83	4.82		442	25.67		8	0.46					27	1.57		415	24.10		20	1.16		727	42.22		1722
	FOURTH					3	37.50		0	0.00			Excluded					2	25.00		1	12.50		1	12.50		1	12.50		8
		TOTAL				86	4.99		442	25.67								29	1.68		416	24.16		21	1.22		728	42.28		1722
	FIFTH					0	0.00		3	14.29								9	42.86		3	14.29			Excluded		6	28.57		21
		TOTAL				86	4.99		445	25.84								38	2.21		419	24.33					734	42.62		1722
	SIXTH					2	5.26		8	21.05									Excluded		3	7.89					25	65.79		38
		TOTAL				88	5.11		453	26.31											422	24.51					759	44.08		1722
	SEVENTH						Excluded		33	37.50											33	37.50					22	25.00		88
		TOTAL							486	28.22											455	26.42					781	45.35		1722
	EIGHTH								406	89.23												Excluded					49	10.77		455
		TOTAL							892	51.80																	830	48.20		1722
																											Elected			
																														
Glenden                                                        																														
	FIRST		30	8.43		20	5.62		48	13.48		5	1.40		3	0.84		4	1.12		59	16.57		3	0.84		184	51.69		356
	SECOND		0	0.00		0	0.00		1	33.33		0	0.00			Excluded		1	33.33		0	0.00		0	0.00		1	33.33		3
		TOTAL	30	8.43		20	5.62		49	13.76		5	1.40					5	1.40		59	16.57		3	0.84		185	51.97		356
	THIRD			Excluded		18	60.00		1	3.33		0	0.00					1	3.33		1	3.33		1	3.33		8	26.67		30
		TOTAL				38	10.67		50	14.04		5	1.40					6	1.69		60	16.85		4	1.12		193	54.21		356
	FOURTH					0	0.00		0	0.00			Excluded					2	40.00		0	0.00		1	20.00		2	40.00		5
		TOTAL				38	10.67		50	14.04								8	2.25		60	16.85		5	1.40		195	54.78		356
	FIFTH					0	0.00		2	40.00								1	20.00		0	0.00			Excluded		2	40.00		5
		TOTAL				38	10.67		52	14.61								9	2.53		60	16.85					197	55.34		356
	SIXTH					1	11.11		3	33.33									Excluded		1	11.11					4	44.44		9
		TOTAL				39	10.96		55	15.45											61	17.13					201	56.46		356
	SEVENTH						Excluded		16	41.03											13	33.33					10	25.64		39
		TOTAL							71	19.94											74	20.79					211	59.27		356
	EIGHTH								56	75.68												Excluded					18	24.32		74
		TOTAL							127	35.67																	229	64.33		356
																											Elected			
																														
Glenmore                                                       																														
	FIRST		12	0.37		204	6.28		601	18.50		14	0.43		11	0.34		63	1.94		588	18.10		48	1.48		1707	52.56		3248
	SECOND		1	9.09		1	9.09		3	27.27		2	18.18			Excluded		0	0.00		1	9.09		2	18.18		1	9.09		11
		TOTAL	13	0.40		205	6.31		604	18.60		16	0.49					63	1.94		589	18.13		50	1.54		1708	52.59		3248
	THIRD			Excluded		10	76.92		0	0.00		2	15.38					0	0.00		0	0.00		0	0.00		1	7.69		13
		TOTAL				215	6.62		604	18.60		18	0.55					63	1.94		589	18.13		50	1.54		1709	52.62		3248
	FOURTH					1	5.56		3	16.67			Excluded					3	16.67		3	16.67		4	22.22		4	22.22		18
		TOTAL				216	6.65		607	18.69								66	2.03		592	18.23		54	1.66		1713	52.74		3248
	FIFTH					5	9.26		4	7.41								24	44.44		3	5.56			Excluded		18	33.33		54
		TOTAL				221	6.80		611	18.81								90	2.77		595	18.32					1731	53.29		3248
	SIXTH					15	16.67		17	18.89									Excluded		11	12.22					47	52.22		90
		TOTAL				236	7.27		628	19.33											606	18.66					1778	54.74		3248
	SEVENTH						Excluded		79	33.47											98	41.53					59	25.00		236
		TOTAL							707	21.77											704	21.67					1837	56.56		3248
	EIGHTH								604	85.80												Excluded					100	14.20		704
		TOTAL							1311	40.36																	1937	59.64		3248
																											Elected			
																														
Gracemere                                                      																														
	FIRST		11	0.43		264	10.28		567	22.08		26	1.01		15	0.58		37	1.44		443	17.25		14	0.55		1191	46.38		2568
	SECOND		0	0.00		2	13.33		1	6.67		5	33.33			Excluded		3	20.00		1	6.67		0	0.00		3	20.00		15
		TOTAL	11	0.43		266	10.36		568	22.12		31	1.21					40	1.56		444	17.29		14	0.55		1194	46.50		2568
	THIRD			Excluded		7	63.64		0	0.00		1	9.09					0	0.00		0	0.00		0	0.00		3	27.27		11
		TOTAL				273	10.63		568	22.12		32	1.25					40	1.56		444	17.29		14	0.55		1197	46.61		2568
	FOURTH					8	25.00		7	21.88			Excluded					8	25.00		2	6.25		3	9.38		4	12.50		32
		TOTAL				281	10.94		575	22.39								48	1.87		446	17.37		17	0.66		1201	46.77		2568
	FIFTH					3	17.65		1	5.88								6	35.29		4	23.53			Excluded		3	17.65		17
		TOTAL				284	11.06		576	22.43								54	2.10		450	17.52					1204	46.88		2568
	SIXTH					13	24.07		11	20.37									Excluded		5	9.26					25	46.30		54
		TOTAL				297	11.57		587	22.86											455	17.72					1229	47.86		2568
	SEVENTH						Excluded		105	35.35											96	32.32					96	32.32		297
		TOTAL							692	26.95											551	21.46					1325	51.60		2568
	EIGHTH								462	83.85												Excluded					89	16.15		551
		TOTAL							1154	44.94																	1414	55.06		2568
																											Elected			
																														
Ilfracombe                                                     																														
	FIRST		0	0.00		11	9.57		46	40.00		0	0.00		0	0.00		2	1.74		27	23.48		0	0.00		29	25.22		115
	SECOND		0	0.00		0	0.00		0	0.00		0	0.00			Excluded		0	0.00		0	0.00		0	0.00		0	0.00		0
		TOTAL	0	0.00		11	9.57		46	40.00		0	0.00					2	1.74		27	23.48		0	0.00		29	25.22		115
	THIRD			Excluded		0	0.00		0	0.00		0	0.00					0	0.00		0	0.00		0	0.00		0	0.00		0
		TOTAL				11	9.57		46	40.00		0	0.00					2	1.74		27	23.48		0	0.00		29	25.22		115
	FOURTH					0	0.00		0	0.00			Excluded					0	0.00		0	0.00		0	0.00		0	0.00		0
		TOTAL				11	9.57		46	40.00								2	1.74		27	23.48		0	0.00		29	25.22		115
	FIFTH					0	0.00		0	0.00								0	0.00		0	0.00			Excluded		0	0.00		0
		TOTAL				11	9.57		46	40.00								2	1.74		27	23.48					29	25.22		115
	SIXTH					0	0.00		0	0.00									Excluded		1	50.00					1	50.00		2
		TOTAL				11	9.57		46	40.00											28	24.35					30	26.09		115
	SEVENTH						Excluded		6	54.55											2	18.18					3	27.27		11
		TOTAL							52	45.22											30	26.09					33	28.70		115
	EIGHTH								26	86.67												Excluded					4	13.33		30
		TOTAL							78	67.83																	37	32.17		115
																											Elected			
																														
Jericho                                                        																														
	FIRST		0	0.00		17	15.45		37	33.64		1	0.91		0	0.00		0	0.00		22	20.00		0	0.00		33	30.00		110
	SECOND		0	0.00		0	0.00		0	0.00		0	0.00			Excluded		0	0.00		0	0.00		0	0.00		0	0.00		0
		TOTAL	0	0.00		17	15.45		37	33.64		1	0.91					0	0.00		22	20.00		0	0.00		33	30.00		110
	THIRD			Excluded		0	0.00		0	0.00		0	0.00					0	0.00		0	0.00		0	0.00		0	0.00		0
		TOTAL				17	15.45		37	33.64		1	0.91					0	0.00		22	20.00		0	0.00		33	30.00		110
	FOURTH					1	100.00		0	0.00			Excluded					0	0.00		0	0.00		0	0.00		0	0.00		1
		TOTAL				18	16.36		37	33.64								0	0.00		22	20.00		0	0.00		33	30.00		110
	FIFTH					0	0.00		0	0.00								0	0.00		0	0.00			Excluded		0	0.00		0
		TOTAL				18	16.36		37	33.64								0	0.00		22	20.00					33	30.00		110
	SIXTH					0	0.00		0	0.00									Excluded		0	0.00					0	0.00		0
		TOTAL				18	16.36		37	33.64											22	20.00					33	30.00		110
	SEVENTH						Excluded		11	61.11											2	11.11					5	27.78		18
		TOTAL							48	43.64											24	21.82					38	34.55		110
	EIGHTH								24	100.00												Excluded					0	0.00		24
		TOTAL							72	65.45																	38	34.55		110
																											Elected			
																														
Keppel Sands                                                   																														
	FIRST		5	1.63		40	13.03		79	25.73		1	0.33		0	0.00		2	0.65		26	8.47		5	1.63		149	48.53		307
	SECOND		0	0.00		0	0.00		0	0.00		0	0.00			Excluded		0	0.00		0	0.00		0	0.00		0	0.00		0
		TOTAL	5	1.63		40	13.03		79	25.73		1	0.33					2	0.65		26	8.47		5	1.63		149	48.53		307
	THIRD			Excluded		3	60.00		1	20.00		1	20.00					0	0.00		0	0.00		0	0.00		0	0.00		5
		TOTAL				43	14.01		80	26.06		2	0.65					2	0.65		26	8.47		5	1.63		149	48.53		307
	FOURTH					1	50.00		1	50.00			Excluded					0	0.00		0	0.00		0	0.00		0	0.00		2
		TOTAL				44	14.33		81	26.38								2	0.65		26	8.47		5	1.63		149	48.53		307
	FIFTH					0	0.00		1	20.00								1	20.00		0	0.00			Excluded		3	60.00		5
		TOTAL				44	14.33		82	26.71								3	0.98		26	8.47					152	49.51		307
	SIXTH					0	0.00		0	0.00									Excluded		0	0.00					3	100.00		3
		TOTAL				44	14.33		82	26.71											26	8.47					155	50.49		307
	SEVENTH						Excluded		19	43.18											9	20.45					16	36.36		44
		TOTAL							101	32.90											35	11.40					171	55.70		307
	EIGHTH								29	82.86												Excluded					6	17.14		35
		TOTAL							130	42.35																	177	57.65		307
																											Elected			
																														
Kilcummin                                                      																														
	FIRST		0	0.00		7	9.86		42	59.15		1	1.41		0	0.00		1	1.41		14	19.72		0	0.00		6	8.45		71
	SECOND		0	0.00		0	0.00		0	0.00		0	0.00			Excluded		0	0.00		0	0.00		0	0.00		0	0.00		0
		TOTAL	0	0.00		7	9.86		42	59.15		1	1.41					1	1.41		14	19.72		0	0.00		6	8.45		71
	THIRD			Excluded		0	0.00		0	0.00		0	0.00					0	0.00		0	0.00		0	0.00		0	0.00		0
		TOTAL				7	9.86		42	59.15		1	1.41					1	1.41		14	19.72		0	0.00		6	8.45		71
	FOURTH					0	0.00		0	0.00			Excluded					0	0.00		0	0.00		0	0.00		1	100.00		1
		TOTAL				7	9.86		42	59.15								1	1.41		14	19.72		0	0.00		7	9.86		71
	FIFTH					0	0.00		0	0.00								0	0.00		0	0.00			Excluded		0	0.00		0
		TOTAL				7	9.86		42	59.15								1	1.41		14	19.72					7	9.86		71
	SIXTH					0	0.00		0	0.00									Excluded		0	0.00					1	100.00		1
		TOTAL				7	9.86		42	59.15											14	19.72					8	11.27		71
	SEVENTH						Excluded		4	57.14											2	28.57					1	14.29		7
		TOTAL							46	64.79											16	22.54					9	12.68		71
	EIGHTH								15	93.75												Excluded					1	6.25		16
		TOTAL							61	85.92																	10	14.08		71
																											Elected			
																														
Koongal                                                        																														
	FIRST		2	0.29		43	6.16		97	13.90		2	0.29		3	0.43		11	1.58		108	15.47		15	2.15		417	59.74		698
	SECOND		0	0.00		0	0.00		0	0.00		1	33.33			Excluded		1	33.33		0	0.00		1	33.33		0	0.00		3
		TOTAL	2	0.29		43	6.16		97	13.90		3	0.43					12	1.72		108	15.47		16	2.29		417	59.74		698
	THIRD			Excluded		0	0.00		1	50.00		1	50.00					0	0.00		0	0.00		0	0.00		0	0.00		2
		TOTAL				43	6.16		98	14.04		4	0.57					12	1.72		108	15.47		16	2.29		417	59.74		698
	FOURTH					1	25.00		2	50.00			Excluded					1	25.00		0	0.00		0	0.00		0	0.00		4
		TOTAL				44	6.30		100	14.33								13	1.86		108	15.47		16	2.29		417	59.74		698
	FIFTH					1	6.25		3	18.75								4	25.00		1	6.25			Excluded		7	43.75		16
		TOTAL				45	6.45		103	14.76								17	2.44		109	15.62					424	60.74		698
	SIXTH					1	5.88		5	29.41									Excluded		1	5.88					10	58.82		17
		TOTAL				46	6.59		108	15.47											110	15.76					434	62.18		698
	SEVENTH						Excluded		17	36.96											16	34.78					13	28.26		46
		TOTAL							125	17.91											126	18.05					447	64.04		698
	EIGHTH								102	80.95												Excluded					24	19.05		126
		TOTAL							227	32.52																	471	67.48		698
																											Elected			
																														
Lakes Creek                                                    																														
	FIRST		3	0.35		81	9.53		173	20.35		7	0.82		2	0.24		9	1.06		100	11.76		17	2.00		458	53.88		850
	SECOND		0	0.00		0	0.00		0	0.00		1	50.00			Excluded		0	0.00		0	0.00		1	50.00		0	0.00		2
		TOTAL	3	0.35		81	9.53		173	20.35		8	0.94					9	1.06		100	11.76		18	2.12		458	53.88		850
	THIRD			Excluded		2	66.67		1	33.33		0	0.00					0	0.00		0	0.00		0	0.00		0	0.00		3
		TOTAL				83	9.76		174	20.47		8	0.94					9	1.06		100	11.76		18	2.12		458	53.88		850
	FOURTH					3	37.50		2	25.00			Excluded					0	0.00		0	0.00		1	12.50		2	25.00		8
		TOTAL				86	10.12		176	20.71								9	1.06		100	11.76		19	2.24		460	54.12		850
	FIFTH					2	10.53		3	15.79								5	26.32		0	0.00			Excluded		9	47.37		19
		TOTAL				88	10.35		179	21.06								14	1.65		100	11.76					469	55.18		850
	SIXTH					4	28.57		2	14.29									Excluded		2	14.29					6	42.86		14
		TOTAL				92	10.82		181	21.29											102	12.00					475	55.88		850
	SEVENTH						Excluded		34	36.96											29	31.52					29	31.52		92
		TOTAL							215	25.29											131	15.41					504	59.29		850
	EIGHTH								107	81.68												Excluded					24	18.32		131
		TOTAL							322	37.88																	528	62.12		850
																											Elected			
																														
Longreach                                                      																														
	FIRST		27	1.54		128	7.31		480	27.41		12	0.69		8	0.46		17	0.97		368	21.02		10	0.57		701	40.03		1751
	SECOND		0	0.00		2	25.00		0	0.00		4	50.00			Excluded		2	25.00		0	0.00		0	0.00		0	0.00		8
		TOTAL	27	1.54		130	7.42		480	27.41		16	0.91					19	1.09		368	21.02		10	0.57		701	40.03		1751
	THIRD			Excluded		19	70.37		3	11.11		1	3.70					1	3.70		1	3.70		1	3.70		1	3.70		27
		TOTAL				149	8.51		483	27.58		17	0.97					20	1.14		369	21.07		11	0.63		702	40.09		1751
	FOURTH					5	29.41		4	23.53			Excluded					2	11.76		1	5.88		4	23.53		1	5.88		17
		TOTAL				154	8.79		487	27.81								22	1.26		370	21.13		15	0.86		703	40.15		1751
	FIFTH					1	6.67		1	6.67								6	40.00		2	13.33			Excluded		5	33.33		15
		TOTAL				155	8.85		488	27.87								28	1.60		372	21.25					708	40.43		1751
	SIXTH					3	10.71		5	17.86									Excluded		9	32.14					11	39.29		28
		TOTAL				158	9.02		493	28.16											381	21.76					719	41.06		1751
	SEVENTH						Excluded		68	43.04											56	35.44					34	21.52		158
		TOTAL							561	32.04											437	24.96					753	43.00		1751
	EIGHTH								357	81.69												Excluded					80	18.31		437
		TOTAL							918	52.43																	833	47.57		1751
																											Elected			
																														
Marlborough                                                    																														
	FIRST		0	0.00		11	7.64		66	45.83		2	1.39		0	0.00		0	0.00		31	21.53		3	2.08		31	21.53		144
	SECOND		0	0.00		0	0.00		0	0.00		0	0.00			Excluded		0	0.00		0	0.00		0	0.00		0	0.00		0
		TOTAL	0	0.00		11	7.64		66	45.83		2	1.39					0	0.00		31	21.53		3	2.08		31	21.53		144
	THIRD			Excluded		0	0.00		0	0.00		0	0.00					0	0.00		0	0.00		0	0.00		0	0.00		0
		TOTAL				11	7.64		66	45.83		2	1.39					0	0.00		31	21.53		3	2.08		31	21.53		144
	FOURTH					1	50.00		1	50.00			Excluded					0	0.00		0	0.00		0	0.00		0	0.00		2
		TOTAL				12	8.33		67	46.53								0	0.00		31	21.53		3	2.08		31	21.53		144
	FIFTH					0	0.00		0	0.00								2	66.67		0	0.00			Excluded		1	33.33		3
		TOTAL				12	8.33		67	46.53								2	1.39		31	21.53					32	22.22		144
	SIXTH					0	0.00		0	0.00									Excluded		0	0.00					2	100.00		2
		TOTAL				12	8.33		67	46.53											31	21.53					34	23.61		144
	SEVENTH						Excluded		5	41.67											3	25.00					4	33.33		12
		TOTAL							72	50.00											34	23.61					38	26.39		144
	EIGHTH								30	88.24												Excluded					4	11.76		34
		TOTAL							102	70.83																	42	29.17		144
																											Elected			
																														
Middlemount                                                    																														
	FIRST		2	0.26		47	6.16		88	11.53		4	0.52		1	0.13		11	1.44		73	9.57		9	1.18		528	69.20		763
	SECOND		0	0.00		0	0.00		0	0.00		1	100.00			Excluded		0	0.00		0	0.00		0	0.00		0	0.00		1
		TOTAL	2	0.26		47	6.16		88	11.53		5	0.66					11	1.44		73	9.57		9	1.18		528	69.20		763
	THIRD			Excluded		2	100.00		0	0.00		0	0.00					0	0.00		0	0.00		0	0.00		0	0.00		2
		TOTAL				49	6.42		88	11.53		5	0.66					11	1.44		73	9.57		9	1.18		528	69.20		763
	FOURTH					0	0.00		1	20.00			Excluded					1	20.00		1	20.00		0	0.00		2	40.00		5
		TOTAL				49	6.42		89	11.66								12	1.57		74	9.70		9	1.18		530	69.46		763
	FIFTH					1	11.11		1	11.11								3	33.33		2	22.22			Excluded		2	22.22		9
		TOTAL				50	6.55		90	11.80								15	1.97		76	9.96					532	69.72		763
	SIXTH					2	13.33		1	6.67									Excluded		5	33.33					7	46.67		15
		TOTAL				52	6.82		91	11.93											81	10.62					539	70.64		763
	SEVENTH						Excluded		19	36.54											9	17.31					24	46.15		52
		TOTAL							110	14.42											90	11.80					563	73.79		763
	EIGHTH								72	80.00												Excluded					18	20.00		90
		TOTAL							182	23.85																	581	76.15		763
																											Elected			
																														
Moranbah                                                       																														
	FIRST		8	0.64		74	5.92		62	4.96		5	0.40		1	0.08		28	2.24		136	10.89		12	0.96		923	73.90		1249
	SECOND		0	0.00		0	0.00		0	0.00		1	100.00			Excluded		0	0.00		0	0.00		0	0.00		0	0.00		1
		TOTAL	8	0.64		74	5.92		62	4.96		6	0.48					28	2.24		136	10.89		12	0.96		923	73.90		1249
	THIRD			Excluded		4	50.00		2	25.00		1	12.50					0	0.00		0	0.00		0	0.00		1	12.50		8
		TOTAL				78	6.24		64	5.12		7	0.56					28	2.24		136	10.89		12	0.96		924	73.98		1249
	FOURTH					2	28.57		3	42.86			Excluded					0	0.00		0	0.00		1	14.29		1	14.29		7
		TOTAL				80	6.41		67	5.36								28	2.24		136	10.89		13	1.04		925	74.06		1249
	FIFTH					0	0.00		2	15.38								4	30.77		2	15.38			Excluded		5	38.46		13
		TOTAL				80	6.41		69	5.52								32	2.56		138	11.05					930	74.46		1249
	SIXTH					5	15.63		6	18.75									Excluded		9	28.13					12	37.50		32
		TOTAL				85	6.81		75	6.00											147	11.77					942	75.42		1249
	SEVENTH						Excluded		23	27.06											33	38.82					29	34.12		85
		TOTAL							98	7.85											180	14.41					971	77.74		1249
	EIGHTH								149	82.78												Excluded					31	17.22		180
		TOTAL							247	19.78																	1002	80.22		1249
																											Elected			
																														
Moranbah West                                                  																														
	FIRST		8	0.55		96	6.60		156	10.72		7	0.48		10	0.69		22	1.51		230	15.81		17	1.17		909	62.47		1455
	SECOND		0	0.00		0	0.00		0	0.00		8	80.00			Excluded		1	10.00		1	10.00		0	0.00		0	0.00		10
		TOTAL	8	0.55		96	6.60		156	10.72		15	1.03					23	1.58		231	15.88		17	1.17		909	62.47		1455
	THIRD			Excluded		3	37.50		2	25.00		0	0.00					0	0.00		0	0.00		0	0.00		3	37.50		8
		TOTAL				99	6.80		158	10.86		15	1.03					23	1.58		231	15.88		17	1.17		912	62.68		1455
	FOURTH					2	13.33		5	33.33			Excluded					3	20.00		1	6.67		4	26.67		0	0.00		15
		TOTAL				101	6.94		163	11.20								26	1.79		232	15.95		21	1.44		912	62.68		1455
	FIFTH					3	14.29		2	9.52								6	28.57		3	14.29			Excluded		7	33.33		21
		TOTAL				104	7.15		165	11.34								32	2.20		235	16.15					919	63.16		1455
	SIXTH					2	6.25		11	34.38									Excluded		7	21.88					12	37.50		32
		TOTAL				106	7.29		176	12.10											242	16.63					931	63.99		1455
	SEVENTH						Excluded		29	27.36											49	46.23					28	26.42		106
		TOTAL							205	14.09											291	20.00					959	65.91		1455
	EIGHTH								240	82.47												Excluded					51	17.53		291
		TOTAL							445	30.58																	1010	69.42		1455
																											Elected			
																														
Mount Archer                                                   																														
	FIRST		6	0.29		123	5.87		423	20.19		18	0.86		8	0.38		30	1.43		357	17.04		21	1.00		1109	52.94		2095
	SECOND		1	12.50		1	12.50		2	25.00		2	25.00			Excluded		1	12.50		0	0.00		0	0.00		1	12.50		8
		TOTAL	7	0.33		124	5.92		425	20.29		20	0.95					31	1.48		357	17.04		21	1.00		1110	52.98		2095
	THIRD			Excluded		5	71.43		2	28.57		0	0.00					0	0.00		0	0.00		0	0.00		0	0.00		7
		TOTAL				129	6.16		427	20.38		20	0.95					31	1.48		357	17.04		21	1.00		1110	52.98		2095
	FOURTH					4	20.00		5	25.00			Excluded					5	25.00		1	5.00		1	5.00		4	20.00		20
		TOTAL				133	6.35		432	20.62								36	1.72		358	17.09		22	1.05		1114	53.17		2095
	FIFTH					2	9.09		5	22.73								6	27.27		1	4.55			Excluded		8	36.36		22
		TOTAL				135	6.44		437	20.86								42	2.00		359	17.14					1122	53.56		2095
	SIXTH					5	11.90		5	11.90									Excluded		10	23.81					22	52.38		42
		TOTAL				140	6.68		442	21.10											369	17.61					1144	54.61		2095
	SEVENTH						Excluded		46	32.86											53	37.86					41	29.29		140
		TOTAL							488	23.29											422	20.14					1185	56.56		2095
	EIGHTH								354	83.89												Excluded					68	16.11		422
		TOTAL							842	40.19																	1253	59.81		2095
																											Elected			
																														
Muttaburra                                                     																														
	FIRST		0	0.00		7	8.75		30	37.50		0	0.00		0	0.00		0	0.00		7	8.75		0	0.00		36	45.00		80
	SECOND		0	0.00		0	0.00		0	0.00		0	0.00			Excluded		0	0.00		0	0.00		0	0.00		0	0.00		0
		TOTAL	0	0.00		7	8.75		30	37.50		0	0.00					0	0.00		7	8.75		0	0.00		36	45.00		80
	THIRD			Excluded		0	0.00		0	0.00		0	0.00					0	0.00		0	0.00		0	0.00		0	0.00		0
		TOTAL				7	8.75		30	37.50		0	0.00					0	0.00		7	8.75		0	0.00		36	45.00		80
	FOURTH					0	0.00		0	0.00			Excluded					0	0.00		0	0.00		0	0.00		0	0.00		0
		TOTAL				7	8.75		30	37.50								0	0.00		7	8.75		0	0.00		36	45.00		80
	FIFTH					0	0.00		0	0.00								0	0.00		0	0.00			Excluded		0	0.00		0
		TOTAL				7	8.75		30	37.50								0	0.00		7	8.75					36	45.00		80
	SIXTH					0	0.00		0	0.00									Excluded		0	0.00					0	0.00		0
		TOTAL				7	8.75		30	37.50											7	8.75					36	45.00		80
	SEVENTH						Excluded		4	57.14											2	28.57					1	14.29		7
		TOTAL							34	42.50											9	11.25					37	46.25		80
	EIGHTH								6	66.67												Excluded					3	33.33		9
		TOTAL							40	50.00																	40	50.00		80
																											Elected			
																														
Nebo                                                           																														
	FIRST		13	5.46		18	7.56		88	36.97		2	0.84		2	0.84		4	1.68		33	13.87		0	0.00		78	32.77		238
	SECOND		0	0.00		0	0.00		1	50.00		0	0.00			Excluded		1	50.00		0	0.00		0	0.00		0	0.00		2
		TOTAL	13	5.46		18	7.56		89	37.39		2	0.84					5	2.10		33	13.87		0	0.00		78	32.77		238
	THIRD			Excluded		9	69.23		3	23.08		0	0.00					0	0.00		0	0.00		0	0.00		1	7.69		13
		TOTAL				27	11.34		92	38.66		2	0.84					5	2.10		33	13.87		0	0.00		79	33.19		238
	FOURTH					2	100.00		0	0.00			Excluded					0	0.00		0	0.00		0	0.00		0	0.00		2
		TOTAL				29	12.18		92	38.66								5	2.10		33	13.87		0	0.00		79	33.19		238
	FIFTH					0	0.00		0	0.00								0	0.00		0	0.00			Excluded		0	0.00		0
		TOTAL				29	12.18		92	38.66								5	2.10		33	13.87					79	33.19		238
	SIXTH					2	40.00		2	40.00									Excluded		1	20.00					0	0.00		5
		TOTAL				31	13.03		94	39.50											34	14.29					79	33.19		238
	SEVENTH						Excluded		14	45.16											9	29.03					8	25.81		31
		TOTAL							108	45.38											43	18.07					87	36.55		238
	EIGHTH								37	86.05												Excluded					6	13.95		43
		TOTAL							145	60.92																	93	39.08		238
																											Elected			
																														
Norman Road                                                    																														
	FIRST		5	0.26		92	4.75		425	21.95		8	0.41		11	0.57		39	2.01		360	18.60		24	1.24		972	50.21		1936
	SECOND		0	0.00		1	9.09		1	9.09		4	36.36			Excluded		2	18.18		2	18.18		1	9.09		0	0.00		11
		TOTAL	5	0.26		93	4.80		426	22.00		12	0.62					41	2.12		362	18.70		25	1.29		972	50.21		1936
	THIRD			Excluded		2	40.00		2	40.00		0	0.00					0	0.00		0	0.00		0	0.00		1	20.00		5
		TOTAL				95	4.91		428	22.11		12	0.62					41	2.12		362	18.70		25	1.29		973	50.26		1936
	FOURTH					4	33.33		3	25.00			Excluded					0	0.00		2	16.67		1	8.33		2	16.67		12
		TOTAL				99	5.11		431	22.26								41	2.12		364	18.80		26	1.34		975	50.36		1936
	FIFTH					1	3.85		3	11.54								2	7.69		7	26.92			Excluded		13	50.00		26
		TOTAL				100	5.17		434	22.42								43	2.22		371	19.16					988	51.03		1936
	SIXTH					3	6.98		6	13.95									Excluded		6	13.95					28	65.12		43
		TOTAL				103	5.32		440	22.73											377	19.47					1016	52.48		1936
	SEVENTH						Excluded		32	31.07											44	42.72					27	26.21		103
		TOTAL							472	24.38											421	21.75					1043	53.87		1936
	EIGHTH								365	86.70												Excluded					56	13.30		421
		TOTAL							837	43.23																	1099	56.77		1936
																											Elected			
																														
North Rockhampton                                              																														
	FIRST		7	0.21		178	5.31		684	20.41		16	0.48		21	0.63		72	2.15		616	18.38		33	0.98		1724	51.45		3351
	SECOND		3	14.29		0	0.00		4	19.05		1	4.76			Excluded		5	23.81		2	9.52		0	0.00		6	28.57		21
		TOTAL	10	0.30		178	5.31		688	20.53		17	0.51					77	2.30		618	18.44		33	0.98		1730	51.63		3351
	THIRD			Excluded		4	40.00		1	10.00		1	10.00					0	0.00		1	10.00		1	10.00		2	20.00		10
		TOTAL				182	5.43		689	20.56		18	0.54					77	2.30		619	18.47		34	1.01		1732	51.69		3351
	FOURTH					8	44.44		4	22.22			Excluded					2	11.11		1	5.56		1	5.56		2	11.11		18
		TOTAL				190	5.67		693	20.68								79	2.36		620	18.50		35	1.04		1734	51.75		3351
	FIFTH					3	8.57		5	14.29								11	31.43		3	8.57			Excluded		13	37.14		35
		TOTAL				193	5.76		698	20.83								90	2.69		623	18.59					1747	52.13		3351
	SIXTH					8	8.89		14	15.56									Excluded		11	12.22					57	63.33		90
		TOTAL				201	6.00		712	21.25											634	18.92					1804	53.83		3351
	SEVENTH						Excluded		66	32.84											80	39.80					55	27.36		201
		TOTAL							778	23.22											714	21.31					1859	55.48		3351
	EIGHTH								591	82.77												Excluded					123	17.23		714
		TOTAL							1369	40.85																	1982	59.15		3351
																											Elected			
																														
Park Avenue                                                    																														
	FIRST		15	0.61		188	7.67		396	16.16		15	0.61		8	0.33		49	2.00		353	14.40		28	1.14		1399	57.08		2451
	SECOND		2	25.00		1	12.50		1	12.50		0	0.00			Excluded		0	0.00		2	25.00		1	12.50		1	12.50		8
		TOTAL	17	0.69		189	7.71		397	16.20		15	0.61					49	2.00		355	14.48		29	1.18		1400	57.12		2451
	THIRD			Excluded		7	41.18		1	5.88		5	29.41					1	5.88		0	0.00		2	11.76		1	5.88		17
		TOTAL				196	8.00		398	16.24		20	0.82					50	2.04		355	14.48		31	1.26		1401	57.16		2451
	FOURTH					4	20.00		4	20.00			Excluded					3	15.00		3	15.00		2	10.00		4	20.00		20
		TOTAL				200	8.16		402	16.40								53	2.16		358	14.61		33	1.35		1405	57.32		2451
	FIFTH					3	9.09		1	3.03								11	33.33		4	12.12			Excluded		14	42.42		33
		TOTAL				203	8.28		403	16.44								64	2.61		362	14.77					1419	57.89		2451
	SIXTH					7	10.94		21	32.81									Excluded		7	10.94					29	45.31		64
		TOTAL				210	8.57		424	17.30											369	15.06					1448	59.08		2451
	SEVENTH						Excluded		85	40.48											79	37.62					46	21.90		210
		TOTAL							509	20.77											448	18.28					1494	60.95		2451
	EIGHTH								364	81.25												Excluded					84	18.75		448
		TOTAL							873	35.62																	1578	64.38		2451
																											Elected			
																														
Parkhurst                                                      																														
	FIRST		1	0.06		114	7.05		452	27.95		9	0.56		6	0.37		22	1.36		332	20.53		13	0.80		668	41.31		1617
	SECOND		0	0.00		1	16.67		1	16.67		2	33.33			Excluded		0	0.00		2	33.33		0	0.00		0	0.00		6
		TOTAL	1	0.06		115	7.11		453	28.01		11	0.68					22	1.36		334	20.66		13	0.80		668	41.31		1617
	THIRD			Excluded		0	0.00		1	100.00		0	0.00					0	0.00		0	0.00		0	0.00		0	0.00		1
		TOTAL				115	7.11		454	28.08		11	0.68					22	1.36		334	20.66		13	0.80		668	41.31		1617
	FOURTH					3	27.27		3	27.27			Excluded					0	0.00		1	9.09		2	18.18		2	18.18		11
		TOTAL				118	7.30		457	28.26								22	1.36		335	20.72		15	0.93		670	41.43		1617
	FIFTH					2	13.33		2	13.33								2	13.33		1	6.67			Excluded		8	53.33		15
		TOTAL				120	7.42		459	28.39								24	1.48		336	20.78					678	41.93		1617
	SIXTH					5	20.83		4	16.67									Excluded		4	16.67					11	45.83		24
		TOTAL				125	7.73		463	28.63											340	21.03					689	42.61		1617
	SEVENTH						Excluded		45	36.00											45	36.00					35	28.00		125
		TOTAL							508	31.42											385	23.81					724	44.77		1617
	EIGHTH								334	86.75												Excluded					51	13.25		385
		TOTAL							842	52.07																	775	47.93		1617
																											Elected			
																														
Port Curtis                                                    																														
	FIRST		2	0.90		31	14.03		39	17.65		1	0.45		1	0.45		1	0.45		28	12.67		4	1.81		114	51.58		221
	SECOND		0	0.00		0	0.00		1	100.00		0	0.00			Excluded		0	0.00		0	0.00		0	0.00		0	0.00		1
		TOTAL	2	0.90		31	14.03		40	18.10		1	0.45					1	0.45		28	12.67		4	1.81		114	51.58		221
	THIRD			Excluded		2	100.00		0	0.00		0	0.00					0	0.00		0	0.00		0	0.00		0	0.00		2
		TOTAL				33	14.93		40	18.10		1	0.45					1	0.45		28	12.67		4	1.81		114	51.58		221
	FOURTH					0	0.00		0	0.00			Excluded					0	0.00		0	0.00		1	100.00		0	0.00		1
		TOTAL				33	14.93		40	18.10								1	0.45		28	12.67		5	2.26		114	51.58		221
	FIFTH					0	0.00		0	0.00								3	60.00		0	0.00			Excluded		2	40.00		5
		TOTAL				33	14.93		40	18.10								4	1.81		28	12.67					116	52.49		221
	SIXTH					0	0.00		1	25.00									Excluded		0	0.00					3	75.00		4
		TOTAL				33	14.93		41	18.55											28	12.67					119	53.85		221
	SEVENTH						Excluded		9	27.27											14	42.42					10	30.30		33
		TOTAL							50	22.62											42	19.00					129	58.37		221
	EIGHTH								35	83.33												Excluded					7	16.67		42
		TOTAL							85	38.46																	136	61.54		221
																											Elected			
																														
Ridgelands                                                     																														
	FIRST		1	0.59		27	15.98		72	42.60		1	0.59		2	1.18		0	0.00		39	23.08		2	1.18		25	14.79		169
	SECOND		0	0.00		0	0.00		0	0.00		0	0.00			Excluded		0	0.00		0	0.00		1	50.00		1	50.00		2
		TOTAL	1	0.59		27	15.98		72	42.60		1	0.59					0	0.00		39	23.08		3	1.78		26	15.38		169
	THIRD			Excluded		1	100.00		0	0.00		0	0.00					0	0.00		0	0.00		0	0.00		0	0.00		1
		TOTAL				28	16.57		72	42.60		1	0.59					0	0.00		39	23.08		3	1.78		26	15.38		169
	FOURTH					1	100.00		0	0.00			Excluded					0	0.00		0	0.00		0	0.00		0	0.00		1
		TOTAL				29	17.16		72	42.60								0	0.00		39	23.08		3	1.78		26	15.38		169
	FIFTH					0	0.00		1	33.33								0	0.00		0	0.00			Excluded		2	66.67		3
		TOTAL				29	17.16		73	43.20								0	0.00		39	23.08					28	16.57		169
	SIXTH					0	0.00		0	0.00									Excluded		0	0.00					0	0.00		0
		TOTAL				29	17.16		73	43.20											39	23.08					28	16.57		169
	SEVENTH						Excluded		11	37.93											13	44.83					5	17.24		29
		TOTAL							84	49.70											52	30.77					33	19.53		169
	EIGHTH								46	88.46												Excluded					6	11.54		52
		TOTAL							130	76.92																	39	23.08		169
																											Elected			
																														
Rockhampton                                                    																														
	FIRST		3	0.46		32	4.94		105	16.20		2	0.31		3	0.46		27	4.17		109	16.82		9	1.39		358	55.25		648
	SECOND		0	0.00		2	66.67		1	33.33		0	0.00			Excluded		0	0.00		0	0.00		0	0.00		0	0.00		3
		TOTAL	3	0.46		34	5.25		106	16.36		2	0.31					27	4.17		109	16.82		9	1.39		358	55.25		648
	THIRD			Excluded		2	66.67		0	0.00		0	0.00					0	0.00		0	0.00		0	0.00		1	33.33		3
		TOTAL				36	5.56		106	16.36		2	0.31					27	4.17		109	16.82		9	1.39		359	55.40		648
	FOURTH					1	50.00		1	50.00			Excluded					0	0.00		0	0.00		0	0.00		0	0.00		2
		TOTAL				37	5.71		107	16.51								27	4.17		109	16.82		9	1.39		359	55.40		648
	FIFTH					1	11.11		0	0.00								3	33.33		2	22.22			Excluded		3	33.33		9
		TOTAL				38	5.86		107	16.51								30	4.63		111	17.13					362	55.86		648
	SIXTH					5	16.67		2	6.67									Excluded		3	10.00					20	66.67		30
		TOTAL				43	6.64		109	16.82											114	17.59					382	58.95		648
	SEVENTH						Excluded		22	51.16											8	18.60					13	30.23		43
		TOTAL							131	20.22											122	18.83					395	60.96		648
	EIGHTH								87	71.31												Excluded					35	28.69		122
		TOTAL							218	33.64																	430	66.36		648
																											Elected			
																														
Rockhampton Central                                            																														
	FIRST		0	0.00		21	9.33		42	18.67		2	0.89		2	0.89		2	0.89		32	14.22		3	1.33		121	53.78		225
	SECOND		0	0.00		1	50.00		1	50.00		0	0.00			Excluded		0	0.00		0	0.00		0	0.00		0	0.00		2
		TOTAL	0	0.00		22	9.78		43	19.11		2	0.89					2	0.89		32	14.22		3	1.33		121	53.78		225
	THIRD			Excluded		0	0.00		0	0.00		0	0.00					0	0.00		0	0.00		0	0.00		0	0.00		0
		TOTAL				22	9.78		43	19.11		2	0.89					2	0.89		32	14.22		3	1.33		121	53.78		225
	FOURTH					0	0.00		2	100.00			Excluded					0	0.00		0	0.00		0	0.00		0	0.00		2
		TOTAL				22	9.78		45	20.00								2	0.89		32	14.22		3	1.33		121	53.78		225
	FIFTH					0	0.00		0	0.00								2	66.67		0	0.00			Excluded		1	33.33		3
		TOTAL				22	9.78		45	20.00								4	1.78		32	14.22					122	54.22		225
	SIXTH					0	0.00		1	25.00									Excluded		0	0.00					3	75.00		4
		TOTAL				22	9.78		46	20.44											32	14.22					125	55.56		225
	SEVENTH						Excluded		10	45.45											6	27.27					6	27.27		22
		TOTAL							56	24.89											38	16.89					131	58.22		225
	EIGHTH								34	89.47												Excluded					4	10.53		38
		TOTAL							90	40.00																	135	60.00		225
																											Elected			
																														
Rockhampton High School                                        																														
	FIRST		5	0.26		121	6.37		340	17.89		17	0.89		6	0.32		33	1.74		322	16.95		33	1.74		1023	53.84		1900
	SECOND		0	0.00		1	16.67		1	16.67		2	33.33			Excluded		1	16.67		0	0.00		0	0.00		1	16.67		6
		TOTAL	5	0.26		122	6.42		341	17.95		19	1.00					34	1.79		322	16.95		33	1.74		1024	53.89		1900
	THIRD			Excluded		4	80.00		0	0.00		0	0.00					0	0.00		0	0.00		0	0.00		1	20.00		5
		TOTAL				126	6.63		341	17.95		19	1.00					34	1.79		322	16.95		33	1.74		1025	53.95		1900
	FOURTH					5	26.32		2	10.53			Excluded					4	21.05		3	15.79		2	10.53		3	15.79		19
		TOTAL				131	6.89		343	18.05								38	2.00		325	17.11		35	1.84		1028	54.11		1900
	FIFTH					0	0.00		3	8.57								14	40.00		4	11.43			Excluded		14	40.00		35
		TOTAL				131	6.89		346	18.21								52	2.74		329	17.32					1042	54.84		1900
	SIXTH					6	11.54		8	15.38									Excluded		4	7.69					34	65.38		52
		TOTAL				137	7.21		354	18.63											333	17.53					1076	56.63		1900
	SEVENTH						Excluded		55	40.15											47	34.31					35	25.55		137
		TOTAL							409	21.53											380	20.00					1111	58.47		1900
	EIGHTH								316	83.16												Excluded					64	16.84		380
		TOTAL							725	38.16																	1175	61.84		1900
																											Elected			
																														
Rockhampton South                                              																														
	FIRST		5	0.32		57	3.67		509	32.78		3	0.19		0	0.00		22	1.42		314	20.22		23	1.48		620	39.92		1553
	SECOND		0	0.00		0	0.00		0	0.00		0	0.00			Excluded		0	0.00		0	0.00		0	0.00		0	0.00		0
		TOTAL	5	0.32		57	3.67		509	32.78		3	0.19					22	1.42		314	20.22		23	1.48		620	39.92		1553
	THIRD			Excluded		5	100.00		0	0.00		0	0.00					0	0.00		0	0.00		0	0.00		0	0.00		5
		TOTAL				62	3.99		509	32.78		3	0.19					22	1.42		314	20.22		23	1.48		620	39.92		1553
	FOURTH					1	33.33		0	0.00			Excluded					0	0.00		0	0.00		1	33.33		1	33.33		3
		TOTAL				63	4.06		509	32.78								22	1.42		314	20.22		24	1.55		621	39.99		1553
	FIFTH					1	4.17		3	12.50								7	29.17		1	4.17			Excluded		12	50.00		24
		TOTAL				64	4.12		512	32.97								29	1.87		315	20.28					633	40.76		1553
	SIXTH					0	0.00		2	6.90									Excluded		2	6.90					25	86.21		29
		TOTAL				64	4.12		514	33.10											317	20.41					658	42.37		1553
	SEVENTH						Excluded		29	45.31											22	34.38					13	20.31		64
		TOTAL							543	34.96											339	21.83					671	43.21		1553
	EIGHTH								305	89.97												Excluded					34	10.03		339
		TOTAL							848	54.60																	705	45.40		1553
																											Elected			
																														
St Brendan's College                                           																														
	FIRST		4	0.47		62	7.29		227	26.67		6	0.71		1	0.12		21	2.47		137	16.10		24	2.82		369	43.36		851
	SECOND		0	0.00		0	0.00		1	100.00		0	0.00			Excluded		0	0.00		0	0.00		0	0.00		0	0.00		1
		TOTAL	4	0.47		62	7.29		228	26.79		6	0.71					21	2.47		137	16.10		24	2.82		369	43.36		851
	THIRD			Excluded		3	75.00		0	0.00		0	0.00					0	0.00		0	0.00		0	0.00		1	25.00		4
		TOTAL				65	7.64		228	26.79		6	0.71					21	2.47		137	16.10		24	2.82		370	43.48		851
	FOURTH					3	50.00		1	16.67			Excluded					0	0.00		1	16.67		1	16.67		0	0.00		6
		TOTAL				68	7.99		229	26.91								21	2.47		138	16.22		25	2.94		370	43.48		851
	FIFTH					1	4.00		2	8.00								11	44.00		2	8.00			Excluded		9	36.00		25
		TOTAL				69	8.11		231	27.14								32	3.76		140	16.45					379	44.54		851
	SIXTH					5	15.63		6	18.75									Excluded		6	18.75					15	46.88		32
		TOTAL				74	8.70		237	27.85											146	17.16					394	46.30		851
	SEVENTH						Excluded		28	37.84											27	36.49					19	25.68		74
		TOTAL							265	31.14											173	20.33					413	48.53		851
	EIGHTH								153	88.44												Excluded					20	11.56		173
		TOTAL							418	49.12																	433	50.88		851
																											Elected			
																														
St Lawrence                                                    																														
	FIRST		3	2.31		21	16.15		34	26.15		2	1.54		3	2.31		1	0.77		22	16.92		0	0.00		44	33.85		130
	SECOND		0	0.00		0	0.00		0	0.00		3	100.00			Excluded		0	0.00		0	0.00		0	0.00		0	0.00		3
		TOTAL	3	2.31		21	16.15		34	26.15		5	3.85					1	0.77		22	16.92		0	0.00		44	33.85		130
	THIRD			Excluded		3	100.00		0	0.00		0	0.00					0	0.00		0	0.00		0	0.00		0	0.00		3
		TOTAL				24	18.46		34	26.15		5	3.85					1	0.77		22	16.92		0	0.00		44	33.85		130
	FOURTH					0	0.00		1	20.00			Excluded					1	20.00		0	0.00		0	0.00		3	60.00		5
		TOTAL				24	18.46		35	26.92								2	1.54		22	16.92		0	0.00		47	36.15		130
	FIFTH					0	0.00		0	0.00								0	0.00		0	0.00			Excluded		0	0.00		0
		TOTAL				24	18.46		35	26.92								2	1.54		22	16.92					47	36.15		130
	SIXTH					0	0.00		1	50.00									Excluded		1	50.00					0	0.00		2
		TOTAL				24	18.46		36	27.69											23	17.69					47	36.15		130
	SEVENTH						Excluded		19	79.17											1	4.17					4	16.67		24
		TOTAL							55	42.31											24	18.46					51	39.23		130
	EIGHTH								19	79.17												Excluded					5	20.83		24
		TOTAL							74	56.92																	56	43.08		130
																											Elected			
																														
Stanwell                                                       																														
	FIRST		2	0.84		38	16.03		57	24.05		4	1.69		1	0.42		4	1.69		45	18.99		2	0.84		84	35.44		237
	SECOND		0	0.00		0	0.00		0	0.00		0	0.00			Excluded		1	100.00		0	0.00		0	0.00		0	0.00		1
		TOTAL	2	0.84		38	16.03		57	24.05		4	1.69					5	2.11		45	18.99		2	0.84		84	35.44		237
	THIRD			Excluded		2	100.00		0	0.00		0	0.00					0	0.00		0	0.00		0	0.00		0	0.00		2
		TOTAL				40	16.88		57	24.05		4	1.69					5	2.11		45	18.99		2	0.84		84	35.44		237
	FOURTH					1	25.00		0	0.00			Excluded					0	0.00		1	25.00		1	25.00		1	25.00		4
		TOTAL				41	17.30		57	24.05								5	2.11		46	19.41		3	1.27		85	35.86		237
	FIFTH					2	66.67		0	0.00								0	0.00		0	0.00			Excluded		1	33.33		3
		TOTAL				43	18.14		57	24.05								5	2.11		46	19.41					86	36.29		237
	SIXTH					3	60.00		0	0.00									Excluded		0	0.00					2	40.00		5
		TOTAL				46	19.41		57	24.05											46	19.41					88	37.13		237
	SEVENTH						Excluded		21	45.65											16	34.78					9	19.57		46
		TOTAL							78	32.91											62	26.16					97	40.93		237
	EIGHTH								53	85.48												Excluded					9	14.52		62
		TOTAL							131	55.27																	106	44.73		237
																											Elected			
																														
Taranganba                                                     																														
	FIRST		11	0.52		114	5.39		529	25.02		11	0.52		9	0.43		41	1.94		440	20.81		48	2.27		911	43.09		2114
	SECOND		1	11.11		1	11.11		4	44.44		1	11.11			Excluded		0	0.00		1	11.11		1	11.11		0	0.00		9
		TOTAL	12	0.57		115	5.44		533	25.21		12	0.57					41	1.94		441	20.86		49	2.32		911	43.09		2114
	THIRD			Excluded		8	66.67		1	8.33		1	8.33					0	0.00		1	8.33		0	0.00		1	8.33		12
		TOTAL				123	5.82		534	25.26		13	0.61					41	1.94		442	20.91		49	2.32		912	43.14		2114
	FOURTH					4	30.77		4	30.77			Excluded					2	15.38		0	0.00		2	15.38		1	7.69		13
		TOTAL				127	6.01		538	25.45								43	2.03		442	20.91		51	2.41		913	43.19		2114
	FIFTH					4	7.84		5	9.80								21	41.18		4	7.84			Excluded		17	33.33		51
		TOTAL				131	6.20		543	25.69								64	3.03		446	21.10					930	43.99		2114
	SIXTH					6	9.38		8	12.50									Excluded		8	12.50					42	65.63		64
		TOTAL				137	6.48		551	26.06											454	21.48					972	45.98		2114
	SEVENTH						Excluded		60	43.80											34	24.82					43	31.39		137
		TOTAL							611	28.90											488	23.08					1015	48.01		2114
	EIGHTH								422	86.48												Excluded					66	13.52		488
		TOTAL							1033	48.86																	1081	51.14		2114
																											Elected			
																														
The Caves                                                      																														
	FIRST		2	0.30		83	12.50		242	36.45		4	0.60		4	0.60		9	1.36		104	15.66		7	1.05		209	31.48		664
	SECOND		0	0.00		0	0.00		0	0.00		1	25.00			Excluded		0	0.00		0	0.00		1	25.00		2	50.00		4
		TOTAL	2	0.30		83	12.50		242	36.45		5	0.75					9	1.36		104	15.66		8	1.20		211	31.78		664
	THIRD			Excluded		2	100.00		0	0.00		0	0.00					0	0.00		0	0.00		0	0.00		0	0.00		2
		TOTAL				85	12.80		242	36.45		5	0.75					9	1.36		104	15.66		8	1.20		211	31.78		664
	FOURTH					1	20.00		0	0.00			Excluded					1	20.00		1	20.00		2	40.00		0	0.00		5
		TOTAL				86	12.95		242	36.45								10	1.51		105	15.81		10	1.51		211	31.78		664
	FIFTH					0	0.00		2	20.00								1	10.00		3	30.00			Excluded		4	40.00		10
		TOTAL				86	12.95		244	36.75								11	1.66		108	16.27					215	32.38		664
	SIXTH					2	18.18		6	54.55									Excluded		2	18.18					1	9.09		11
		TOTAL				88	13.25		250	37.65											110	16.57					216	32.53		664
	SEVENTH						Excluded		35	39.77											39	44.32					14	15.91		88
		TOTAL							285	42.92											149	22.44					230	34.64		664
	EIGHTH								129	86.58												Excluded					20	13.42		149
		TOTAL							414	62.35																	250	37.65		664
																											Elected			
																														
Tieri                                                          																														
	FIRST		1	0.17		16	2.73		74	12.63		3	0.51		5	0.85		11	1.88		50	8.53		5	0.85		421	71.84		586
	SECOND		0	0.00		0	0.00		0	0.00		3	60.00			Excluded		0	0.00		1	20.00		0	0.00		1	20.00		5
		TOTAL	1	0.17		16	2.73		74	12.63		6	1.02					11	1.88		51	8.70		5	0.85		422	72.01		586
	THIRD			Excluded		1	100.00		0	0.00		0	0.00					0	0.00		0	0.00		0	0.00		0	0.00		1
		TOTAL				17	2.90		74	12.63		6	1.02					11	1.88		51	8.70		5	0.85		422	72.01		586
	FOURTH					1	16.67		1	16.67			Excluded					4	66.67		0	0.00		0	0.00		0	0.00		6
		TOTAL				18	3.07		75	12.80								15	2.56		51	8.70		5	0.85		422	72.01		586
	FIFTH					1	20.00		0	0.00								1	20.00		1	20.00			Excluded		2	40.00		5
		TOTAL				19	3.24		75	12.80								16	2.73		52	8.87					424	72.35		586
	SIXTH					0	0.00		4	25.00									Excluded		6	37.50					6	37.50		16
		TOTAL				19	3.24		79	13.48											58	9.90					430	73.38		586
	SEVENTH						Excluded		7	36.84											4	21.05					8	42.11		19
		TOTAL							86	14.68											62	10.58					438	74.74		586
	EIGHTH								48	77.42												Excluded					14	22.58		62
		TOTAL							134	22.87																	452	77.13		586
																											Elected			
																														
Wandal                                                         																														
	FIRST		4	0.48		45	5.39		232	27.78		3	0.36		4	0.48		24	2.87		137	16.41		7	0.84		379	45.39		835
	SECOND		0	0.00		0	0.00		1	25.00		1	25.00			Excluded		1	25.00		0	0.00		0	0.00		1	25.00		4
		TOTAL	4	0.48		45	5.39		233	27.90		4	0.48					25	2.99		137	16.41		7	0.84		380	45.51		835
	THIRD			Excluded		3	75.00		1	25.00		0	0.00					0	0.00		0	0.00		0	0.00		0	0.00		4
		TOTAL				48	5.75		234	28.02		4	0.48					25	2.99		137	16.41		7	0.84		380	45.51		835
	FOURTH					2	50.00		1	25.00			Excluded					0	0.00		0	0.00		0	0.00		1	25.00		4
		TOTAL				50	5.99		235	28.14								25	2.99		137	16.41		7	0.84		381	45.63		835
	FIFTH					0	0.00		1	14.29								3	42.86		0	0.00			Excluded		3	42.86		7
		TOTAL				50	5.99		236	28.26								28	3.35		137	16.41					384	45.99		835
	SIXTH					5	17.86		5	17.86									Excluded		4	14.29					14	50.00		28
		TOTAL				55	6.59		241	28.86											141	16.89					398	47.66		835
	SEVENTH						Excluded		26	47.27											17	30.91					12	21.82		55
		TOTAL							267	31.98											158	18.92					410	49.10		835
	EIGHTH								141	89.24												Excluded					17	10.76		158
		TOTAL							408	48.86																	427	51.14		835
																											Elected			
																														
Westwood                                                       																														
	FIRST		0	0.00		15	14.85		40	39.60		0	0.00		1	0.99		1	0.99		9	8.91		0	0.00		35	34.65		101
	SECOND		0	0.00		0	0.00		0	0.00		1	100.00			Excluded		0	0.00		0	0.00		0	0.00		0	0.00		1
		TOTAL	0	0.00		15	14.85		40	39.60		1	0.99					1	0.99		9	8.91		0	0.00		35	34.65		101
	THIRD			Excluded		0	0.00		0	0.00		0	0.00					0	0.00		0	0.00		0	0.00		0	0.00		0
		TOTAL				15	14.85		40	39.60		1	0.99					1	0.99		9	8.91		0	0.00		35	34.65		101
	FOURTH					1	100.00		0	0.00			Excluded					0	0.00		0	0.00		0	0.00		0	0.00		1
		TOTAL				16	15.84		40	39.60								1	0.99		9	8.91		0	0.00		35	34.65		101
	FIFTH					0	0.00		0	0.00								0	0.00		0	0.00			Excluded		0	0.00		0
		TOTAL				16	15.84		40	39.60								1	0.99		9	8.91					35	34.65		101
	SIXTH					0	0.00		1	100.00									Excluded		0	0.00					0	0.00		1
		TOTAL				16	15.84		41	40.59											9	8.91					35	34.65		101
	SEVENTH						Excluded		7	43.75											5	31.25					4	25.00		16
		TOTAL							48	47.52											14	13.86					39	38.61		101
	EIGHTH								10	71.43												Excluded					4	28.57		14
		TOTAL							58	57.43																	43	42.57		101
																											Elected			
																														
Winton                                                         																														
	FIRST		11	1.79		64	10.39		174	28.25		8	1.30		1	0.16		7	1.14		122	19.81		3	0.49		226	36.69		616
	SECOND		0	0.00		0	0.00		0	0.00		0	0.00			Excluded		0	0.00		0	0.00		0	0.00		1	100.00		1
		TOTAL	11	1.79		64	10.39		174	28.25		8	1.30					7	1.14		122	19.81		3	0.49		227	36.85		616
	THIRD			Excluded		11	100.00		0	0.00		0	0.00					0	0.00		0	0.00		0	0.00		0	0.00		11
		TOTAL				75	12.18		174	28.25		8	1.30					7	1.14		122	19.81		3	0.49		227	36.85		616
	FOURTH					1	12.50		2	25.00			Excluded					2	25.00		2	25.00		1	12.50		0	0.00		8
		TOTAL				76	12.34		176	28.57								9	1.46		124	20.13		4	0.65		227	36.85		616
	FIFTH					0	0.00		0	0.00								1	25.00		0	0.00			Excluded		3	75.00		4
		TOTAL				76	12.34		176	28.57								10	1.62		124	20.13					230	37.34		616
	SIXTH					1	10.00		4	40.00									Excluded		2	20.00					3	30.00		10
		TOTAL				77	12.50		180	29.22											126	20.45					233	37.82		616
	SEVENTH						Excluded		36	46.75											28	36.36					13	16.88		77
		TOTAL							216	35.06											154	25.00					246	39.94		616
	EIGHTH								120	77.92												Excluded					34	22.08		154
		TOTAL							336	54.55																	280	45.45		616
																											Elected			
																														
Yaamba                                                         																														
	FIRST		0	0.00		21	14.89		53	37.59		1	0.71		1	0.71		1	0.71		37	26.24		1	0.71		26	18.44		141
	SECOND		0	0.00		0	0.00		0	0.00		0	0.00			Excluded		0	0.00		0	0.00		0	0.00		1	100.00		1
		TOTAL	0	0.00		21	14.89		53	37.59		1	0.71					1	0.71		37	26.24		1	0.71		27	19.15		141
	THIRD			Excluded		0	0.00		0	0.00		0	0.00					0	0.00		0	0.00		0	0.00		0	0.00		0
		TOTAL				21	14.89		53	37.59		1	0.71					1	0.71		37	26.24		1	0.71		27	19.15		141
	FOURTH					0	0.00		0	0.00			Excluded					0	0.00		1	100.00		0	0.00		0	0.00		1
		TOTAL				21	14.89		53	37.59								1	0.71		38	26.95		1	0.71		27	19.15		141
	FIFTH					0	0.00		0	0.00								0	0.00		0	0.00			Excluded		1	100.00		1
		TOTAL				21	14.89		53	37.59								1	0.71		38	26.95					28	19.86		141
	SIXTH					0	0.00		0	0.00									Excluded		0	0.00					1	100.00		1
		TOTAL				21	14.89		53	37.59											38	26.95					29	20.57		141
	SEVENTH						Excluded		9	42.86											9	42.86					3	14.29		21
		TOTAL							62	43.97											47	33.33					32	22.70		141
	EIGHTH								43	91.49												Excluded					4	8.51		47
		TOTAL							105	74.47																	36	25.53		141
																											Elected			
																														
Yeppoon                                                        																														
	FIRST		21	0.61		252	7.27		745	21.48		26	0.75		16	0.46		107	3.09		674	19.43		101	2.91		1526	44.00		3468
	SECOND		0	0.00		1	6.25		2	12.50		8	50.00			Excluded		0	0.00		2	12.50		3	18.75		0	0.00		16
		TOTAL	21	0.61		253	7.30		747	21.54		34	0.98					107	3.09		676	19.49		104	3.00		1526	44.00		3468
	THIRD			Excluded		15	71.43		2	9.52		1	4.76					0	0.00		1	4.76		1	4.76		1	4.76		21
		TOTAL				268	7.73		749	21.60		35	1.01					107	3.09		677	19.52		105	3.03		1527	44.03		3468
	FOURTH					12	34.29		6	17.14			Excluded					6	17.14		1	2.86		5	14.29		5	14.29		35
		TOTAL				280	8.07		755	21.77								113	3.26		678	19.55		110	3.17		1532	44.18		3468
	FIFTH					13	11.82		12	10.91								42	38.18		4	3.64			Excluded		39	35.45		110
		TOTAL				293	8.45		767	22.12								155	4.47		682	19.67					1571	45.30		3468
	SIXTH					15	9.68		26	16.77									Excluded		14	9.03					100	64.52		155
		TOTAL				308	8.88		793	22.87											696	20.07					1671	48.18		3468
	SEVENTH						Excluded		122	39.61											112	36.36					74	24.03		308
		TOTAL							915	26.38											808	23.30					1745	50.32		3468
	EIGHTH								704	87.13												Excluded					104	12.87		808
		TOTAL							1619	46.68																	1849	53.32		3468
																											Elected			
																														
Special Hospital Team 1                                        																														
	FIRST		9	4.97		7	3.87		30	16.57		4	2.21		0	0.00		3	1.66		54	29.83		1	0.55		73	40.33		181
	SECOND		0	0.00		0	0.00		0	0.00		0	0.00			Excluded		0	0.00		0	0.00		0	0.00		0	0.00		0
		TOTAL	9	4.97		7	3.87		30	16.57		4	2.21					3	1.66		54	29.83		1	0.55		73	40.33		181
	THIRD			Excluded		8	88.89		1	11.11		0	0.00					0	0.00		0	0.00		0	0.00		0	0.00		9
		TOTAL				15	8.29		31	17.13		4	2.21					3	1.66		54	29.83		1	0.55		73	40.33		181
	FOURTH					0	0.00		3	75.00			Excluded					1	25.00		0	0.00		0	0.00		0	0.00		4
		TOTAL				15	8.29		34	18.78								4	2.21		54	29.83		1	0.55		73	40.33		181
	FIFTH					0	0.00		1	100.00								0	0.00		0	0.00			Excluded		0	0.00		1
		TOTAL				15	8.29		35	19.34								4	2.21		54	29.83					73	40.33		181
	SIXTH					1	25.00		1	25.00									Excluded		1	25.00					1	25.00		4
		TOTAL				16	8.84		36	19.89											55	30.39					74	40.88		181
	SEVENTH						Excluded		12	75.00											1	6.25					3	18.75		16
		TOTAL							48	26.52											56	30.94					77	42.54		181
	EIGHTH								42	75.00												Excluded					14	25.00		56
		TOTAL							90	49.72																	91	50.28		181
																											Elected			
																														
Special Hospital Team 2                                        																														
	FIRST		2	1.14		7	4.00		42	24.00		3	1.71		1	0.57		0	0.00		32	18.29		0	0.00		88	50.29		175
	SECOND		0	0.00		0	0.00		1	100.00		0	0.00			Excluded		0	0.00		0	0.00		0	0.00		0	0.00		1
		TOTAL	2	1.14		7	4.00		43	24.57		3	1.71					0	0.00		32	18.29		0	0.00		88	50.29		175
	THIRD			Excluded		1	50.00		1	50.00		0	0.00					0	0.00		0	0.00		0	0.00		0	0.00		2
		TOTAL				8	4.57		44	25.14		3	1.71					0	0.00		32	18.29		0	0.00		88	50.29		175
	FOURTH					0	0.00		0	0.00			Excluded					1	33.33		1	33.33		0	0.00		1	33.33		3
		TOTAL				8	4.57		44	25.14								1	0.57		33	18.86		0	0.00		89	50.86		175
	FIFTH					0	0.00		0	0.00								0	0.00		0	0.00			Excluded		0	0.00		0
		TOTAL				8	4.57		44	25.14								1	0.57		33	18.86					89	50.86		175
	SIXTH					0	0.00		1	100.00									Excluded		0	0.00					0	0.00		1
		TOTAL				8	4.57		45	25.71											33	18.86					89	50.86		175
	SEVENTH						Excluded		4	50.00											0	0.00					4	50.00		8
		TOTAL							49	28.00											33	18.86					93	53.14		175
	EIGHTH								26	78.79												Excluded					7	21.21		33
		TOTAL							75	42.86																	100	57.14		175
																											Elected			
																														
Special Hospital Team 3                                        																														
	FIRST		7	5.11		2	1.46		42	30.66		0	0.00		0	0.00		1	0.73		32	23.36		1	0.73		52	37.96		137
	SECOND		0	0.00		0	0.00		0	0.00		0	0.00			Excluded		0	0.00		0	0.00		0	0.00		0	0.00		0
		TOTAL	7	5.11		2	1.46		42	30.66		0	0.00					1	0.73		32	23.36		1	0.73		52	37.96		137
	THIRD			Excluded		7	100.00		0	0.00		0	0.00					0	0.00		0	0.00		0	0.00		0	0.00		7
		TOTAL				9	6.57		42	30.66		0	0.00					1	0.73		32	23.36		1	0.73		52	37.96		137
	FOURTH					0	0.00		0	0.00			Excluded					0	0.00		0	0.00		0	0.00		0	0.00		0
		TOTAL				9	6.57		42	30.66								1	0.73		32	23.36		1	0.73		52	37.96		137
	FIFTH					0	0.00		0	0.00								0	0.00		1	100.00			Excluded		0	0.00		1
		TOTAL				9	6.57		42	30.66								1	0.73		33	24.09					52	37.96		137
	SIXTH					0	0.00		0	0.00									Excluded		1	100.00					0	0.00		1
		TOTAL				9	6.57		42	30.66											34	24.82					52	37.96		137
	SEVENTH						Excluded		7	77.78											2	22.22					0	0.00		9
		TOTAL							49	35.77											36	26.28					52	37.96		137
	EIGHTH								28	77.78												Excluded					8	22.22		36
		TOTAL							77	56.20																	60	43.80		137
																											Elected			
																														
Special Hospital Team 4                                        																														
	FIRST		2	5.13		0	0.00		4	10.26		0	0.00		1	2.56		1	2.56		10	25.64		0	0.00		21	53.85		39
	SECOND		0	0.00		0	0.00		1	100.00		0	0.00			Excluded		0	0.00		0	0.00		0	0.00		0	0.00		1
		TOTAL	2	5.13		0	0.00		5	12.82		0	0.00					1	2.56		10	25.64		0	0.00		21	53.85		39
	THIRD			Excluded		0	0.00		0	0.00		0	0.00					0	0.00		0	0.00		0	0.00		2	100.00		2
		TOTAL				0	0.00		5	12.82		0	0.00					1	2.56		10	25.64		0	0.00		23	58.97		39
	FOURTH					0	0.00		0	0.00			Excluded					0	0.00		0	0.00		0	0.00		0	0.00		0
		TOTAL				0	0.00		5	12.82								1	2.56		10	25.64		0	0.00		23	58.97		39
	FIFTH					0	0.00		0	0.00								0	0.00		0	0.00			Excluded		0	0.00		0
		TOTAL				0	0.00		5	12.82								1	2.56		10	25.64					23	58.97		39
	SIXTH					0	0.00		1	100.00									Excluded		0	0.00					0	0.00		1
		TOTAL				0	0.00		6	15.38											10	25.64					23	58.97		39
	SEVENTH						Excluded		0	0.00											0	0.00					0	0.00		0
		TOTAL							6	15.38											10	25.64					23	58.97		39
	EIGHTH								5	50.00												Excluded					5	50.00		10
		TOTAL							11	28.21																	28	71.79		39
																											Elected			
																														
ABSENT																														
	FIRST		54	1.11		389	8.03		916	18.90		58	1.20		35	0.72		146	3.01		952	19.65		134	2.77		2162	44.61		4846
	SECOND		2	5.71		5	14.29		2	5.71		18	51.43			Excluded		2	5.71		2	5.71		2	5.71		2	5.71		35
		TOTAL	56	1.16		394	8.13		918	18.94		76	1.57					148	3.05		954	19.69		136	2.81		2164	44.66		4846
	THIRD			Excluded		26	46.43		17	30.36		4	7.14					0	0.00		3	5.36		0	0.00		6	10.71		56
		TOTAL				420	8.67		935	19.29		80	1.65					148	3.05		957	19.75		136	2.81		2170	44.78		4846
	FOURTH					21	26.25		19	23.75			Excluded					14	17.50		9	11.25		10	12.50		7	8.75		80
		TOTAL				441	9.10		954	19.69								162	3.34		966	19.93		146	3.01		2177	44.92		4846
	FIFTH					17	11.64		14	9.59								45	30.82		25	17.12			Excluded		45	30.82		146
		TOTAL				458	9.45		968	19.98								207	4.27		991	20.45					2222	45.85		4846
	SIXTH					23	11.11		34	16.43									Excluded		44	21.26					106	51.21		207
		TOTAL				481	9.93		1002	20.68											1035	21.36					2328	48.04		4846
	SEVENTH						Excluded		235	48.86											94	19.54					152	31.60		481
		TOTAL							1237	25.53											1129	23.30					2480	51.18		4846
	EIGHTH								852	75.47												Excluded					277	24.53		1129
		TOTAL							2089	43.11																	2757	56.89		4846
																											Elected			
																														
POSTAL																														
	FIRST		25	0.44		417	7.33		1622	28.51		38	0.67		23	0.40		69	1.21		1181	20.76		47	0.83		2267	39.85		5689
	SECOND		2	8.70		0	0.00		3	13.04		8	34.78			Excluded		1	4.35		4	17.39		2	8.70		3	13.04		23
		TOTAL	27	0.47		417	7.33		1625	28.56		46	0.81					70	1.23		1185	20.83		49	0.86		2270	39.90		5689
	THIRD			Excluded		16	59.26		3	11.11		3	11.11					1	3.70		1	3.70		1	3.70		2	7.41		27
		TOTAL				433	7.61		1628	28.62		49	0.86					71	1.25		1186	20.85		50	0.88		2272	39.94		5689
	FOURTH					19	38.78		10	20.41			Excluded					9	18.37		2	4.08		1	2.04		8	16.33		49
		TOTAL				452	7.95		1638	28.79								80	1.41		1188	20.88		51	0.90		2280	40.08		5689
	FIFTH					5	9.80		5	9.80								17	33.33		7	13.73			Excluded		17	33.33		51
		TOTAL				457	8.03		1643	28.88								97	1.71		1195	21.01					2297	40.38		5689
	SIXTH					10	10.31		18	18.56									Excluded		16	16.49					53	54.64		97
		TOTAL				467	8.21		1661	29.20											1211	21.29					2350	41.31		5689
	SEVENTH						Excluded		239	51.18											78	16.70					150	32.12		467
		TOTAL							1900	33.40											1289	22.66					2500	43.94		5689
	EIGHTH								1131	87.74												Excluded					158	12.26		1289
		TOTAL							3031	53.28																	2658	46.72		5689
																											Elected			
																														
PRE POLL																														
	FIRST		16	0.60		155	5.81		499	18.72		21	0.79		17	0.64		57	2.14		571	21.42		56	2.10		1274	47.79		2666
	SECOND		1	5.88		3	17.65		1	5.88		5	29.41			Excluded		1	5.88		3	17.65		0	0.00		3	17.65		17
		TOTAL	17	0.64		158	5.93		500	18.75		26	0.98					58	2.18		574	21.53		56	2.10		1277	47.90		2666
	THIRD			Excluded		11	64.71		2	11.76		2	11.76					1	5.88		0	0.00		0	0.00		1	5.88		17
		TOTAL				169	6.34		502	18.83		28	1.05					59	2.21		574	21.53		56	2.10		1278	47.94		2666
	FOURTH					7	25.00		5	17.86			Excluded					7	25.00		2	7.14		1	3.57		6	21.43		28
		TOTAL				176	6.60		507	19.02								66	2.48		576	21.61		57	2.14		1284	48.16		2666
	FIFTH					3	5.26		2	3.51								21	36.84		4	7.02			Excluded		27	47.37		57
		TOTAL				179	6.71		509	19.09								87	3.26		580	21.76					1311	49.17		2666
	SIXTH					5	5.75		15	17.24									Excluded		14	16.09					53	60.92		87
		TOTAL				184	6.90		524	19.65											594	22.28					1364	51.16		2666
	SEVENTH						Excluded		86	46.74											38	20.65					60	32.61		184
		TOTAL							610	22.88											632	23.71					1424	53.41		2666
	EIGHTH								513	81.17												Excluded					119	18.83		632
		TOTAL							1123	42.12																	1543	57.88		2666
																											Elected			
																														
PROVISIONAL																														
	FIRST		3	0.58		33	6.43		81	15.79		3	0.58		2	0.39		11	2.14		72	14.04		9	1.75		299	58.28		513
	SECOND		0	0.00		0	0.00		0	0.00		0	0.00			Excluded		2	100.00		0	0.00		0	0.00		0	0.00		2
		TOTAL	3	0.58		33	6.43		81	15.79		3	0.58					13	2.53		72	14.04		9	1.75		299	58.28		513
	THIRD			Excluded		1	33.33		1	33.33		0	0.00					0	0.00		0	0.00		1	33.33		0	0.00		3
		TOTAL				34	6.63		82	15.98		3	0.58					13	2.53		72	14.04		10	1.95		299	58.28		513
	FOURTH					1	33.33		1	33.33			Excluded					0	0.00		0	0.00		0	0.00		1	33.33		3
		TOTAL				35	6.82		83	16.18								13	2.53		72	14.04		10	1.95		300	58.48		513
	FIFTH					1	10.00		3	30.00								2	20.00		1	10.00			Excluded		3	30.00		10
		TOTAL				36	7.02		86	16.76								15	2.92		73	14.23					303	59.06		513
	SIXTH					2	13.33		5	33.33									Excluded		1	6.67					7	46.67		15
		TOTAL				38	7.41		91	17.74											74	14.42					310	60.43		513
	SEVENTH						Excluded		19	50.00											7	18.42					12	31.58		38
		TOTAL							110	21.44											81	15.79					322	62.77		513
	EIGHTH								60	74.07												Excluded					21	25.93		81
		TOTAL							170	33.14																	343	66.86		513
																											Elected			
																														
																														
																														
																														
																														
																														
																														
																														
																														
																														
																														
																														
																														
																														
																														
																														
																														
																														
																														
																														
																														
																														
																														
																														
																														
																														
																														
																														
																														
																														
																														
																														
																														
																														
																														
																														
																														
																														
																														
																														
																														
																														
																														
																														
																														
																														
																														
																														
																														
																														
																														
																														
																														
																														
																														
																														
																														
																														
																														
																														
																														
																														
																														
																														
																														
																														
																														
																														
																														
																														
																														
																														
																														
																														
																														
																														
																														
																														
																														
																														
																														
																														
																														
																														
																														
																														
																														
																														
																														
																														
																														
																														
																														
																														
																														
																														
																														
																														
																														
																														
																														
																														
																														
																														
																														
																														
																														
																														
																														
																														
																														
																														
																														
																														
																														
																														
																														
																														
																														
																														
																														
																														
																														
																														
																														
																														
																														
																														
																														
																														
																														
																														
																														
																														
																														
																														
																														
																														
																														
																														
																														
																														
																														
																														
																														
																														
																														
																														
																														
																														
																														
																														
																														
																														
																														
																														
																														
																														
																														
																														
																														
																														
																														
																														
																														
																														
																														
																														
																														
																														
																														
																														
																														
																														
																														
																														
																														
																														
																														
																														
																														
																														
																														
																														
																														
																														
																														
																														
																														
																														
																														
																														
																														
																														
																														
																														
																														
																														
																														
																														
																														
																														
																														
																														
																														
																														
																														
																														
																														
																														
																														
																														
																														
																														
																														
																														
																														
																														
																														
																														
																														
																														
																														
																														
																														
																														
																														
																														
																														
																														
																														
																														
																														
																														
																														
																														
																														
																														
																														
																														
																														
																														
																														
																														
																														
																														
																														
																														
																														
																														
																														
																														
																														
																														
																														
																														
																														
																														
																														
																														
																														
																														
																														
																														
																														
																														
																														
																														
																														
																														
																														
																														
