Senate - 2001 Election: Queensland																																																
First Preference Votes by Group																																																
By Polling Place																																																
Fadden (86004)																																																
		Group A Total			Group B Total			Group C Total			Group D Total			Group E Total			Group F Total			Group G Total			Group H Total			Group I Total			Group J Total			Group K Total			Group L Total			Ungrouped Total 			FORMAL 			INFORMAL 			TOTAL 	
		Unendorsed			ALP			CEC			NP			CTA			GRN			HMP			RPA			HAN			LP			NGST			DEM			Independent										
Polling Places		Vote	%		Vote	%		Vote	%		Vote	%		Vote	%		Vote	%		Vote	%		Vote	%		Vote	%		Vote	%		Vote	%		Vote	%		Vote	%		Vote	%		Vote	%		Vote	%
Alberton		1	0.21		116	24.47		0	0.00		60	12.66		3	0.63		7	1.48		5	1.05		1	0.21		70	14.77		186	39.24		6	1.27		19	4.01		0	0.00		474	95.37		23	4.63		497	0.61
Biggera Waters		6	0.21		784	27.35		1	0.03		127	4.43		14	0.49		71	2.48		33	1.15		2	0.07		357	12.45		1313	45.80		26	0.91		130	4.53		3	0.10		2867	95.63		131	4.37		2998	3.67
Brisbane City (Fadden)		0	0.00		33	32.04		0	0.00		3	2.91		2	1.94		4	3.88		6	5.83		0	0.00		3	2.91		40	38.83		2	1.94		10	9.71		0	0.00		103	98.10		2	1.90		105	0.13
Canowindra (Fadden)		1	0.12		213	25.45		0	0.00		41	4.90		12	1.43		30	3.58		11	1.31		2	0.24		101	12.07		357	42.65		16	1.91		52	6.21		1	0.12		837	96.88		27	3.13		864	1.06
Capalaba School (Fadden)		0	0.00		149	26.33		2	0.35		33	5.83		9	1.59		19	3.36		3	0.53		0	0.00		40	7.07		258	45.58		5	0.88		46	8.13		2	0.35		566	97.75		13	2.25		579	0.71
Carbrook		7	0.82		234	27.40		0	0.00		47	5.50		17	1.99		20	2.34		8	0.94		0	0.00		100	11.71		369	43.21		6	0.70		45	5.27		1	0.12		854	96.83		28	3.17		882	1.08
Chatswood Hills		7	0.33		631	29.75		1	0.05		83	3.91		19	0.90		51	2.40		31	1.46		4	0.19		136	6.41		1004	47.34		19	0.90		134	6.32		1	0.05		2121	96.54		76	3.46		2197	2.69
Coochiemudlo Island		4	1.36		91	30.95		1	0.34		8	2.72		1	0.34		14	4.76		3	1.02		0	0.00		19	6.46		112	38.10		2	0.68		39	13.27		0	0.00		294	97.67		7	2.33		301	0.37
Coombabah		2	0.10		542	26.02		1	0.05		55	2.64		8	0.38		51	2.45		27	1.30		1	0.05		241	11.57		1054	50.60		17	0.82		83	3.98		1	0.05		2083	96.12		84	3.88		2167	2.66
Coombabah High		6	0.48		444	35.43		0	0.00		25	2.00		11	0.88		27	2.15		11	0.88		0	0.00		121	9.66		529	42.22		10	0.80		69	5.51		0	0.00		1253	95.58		58	4.42		1311	1.61
Coomera (Fadden)		2	0.20		243	23.99		0	0.00		42	4.15		11	1.09		30	2.96		16	1.58		0	0.00		137	13.52		467	46.10		13	1.28		52	5.13		0	0.00		1013	97.03		31	2.97		1044	1.28
Cornubia (Fadden)		2	0.26		171	22.38		0	0.00		44	5.76		9	1.18		22	2.88		9	1.18		1	0.13		59	7.72		372	48.69		12	1.57		63	8.25		0	0.00		764	97.45		20	2.55		784	0.96
Eight Mile Plains (Fadden)		7	0.39		534	29.70		1	0.06		54	3.00		27	1.50		62	3.45		20	1.11		1	0.06		143	7.95		803	44.66		20	1.11		126	7.01		0	0.00		1798	97.61		44	2.39		1842	2.26
Helensvale		6	0.22		691	25.76		2	0.07		105	3.91		24	0.89		63	2.35		16	0.60		1	0.04		287	10.70		1309	48.81		20	0.75		157	5.85		1	0.04		2682	95.79		118	4.21		2800	3.43
Helensvale North (Fadden)		11	0.34		766	23.64		0	0.00		110	3.40		29	0.90		73	2.25		27	0.83		6	0.19		314	9.69		1756	54.20		24	0.74		124	3.83		0	0.00		3240	96.26		126	3.74		3366	4.13
Hope Island		3	0.19		230	14.83		2	0.13		72	4.64		8	0.52		47	3.03		10	0.64		2	0.13		144	9.28		961	61.96		11	0.71		60	3.87		1	0.06		1551	97.67		37	2.33		1588	1.95
Jacobs Well		1	0.22		127	27.37		0	0.00		22	4.74		0	0.00		6	1.29		4	0.86		0	0.00		95	20.47		190	40.95		2	0.43		17	3.66		0	0.00		464	97.68		11	2.32		475	0.58
Kimberley Park		3	0.17		453	26.20		0	0.00		117	6.77		30	1.74		47	2.72		20	1.16		2	0.12		95	5.49		819	47.37		13	0.75		130	7.52		0	0.00		1729	98.02		35	1.98		1764	2.16
Lamb Island		0	0.00		66	36.26		1	0.55		4	2.20		3	1.65		12	6.59		4	2.20		0	0.00		22	12.09		53	29.12		2	1.10		15	8.24		0	0.00		182	95.29		9	4.71		191	0.23
Macleay Island		1	0.12		334	40.00		0	0.00		17	2.04		5	0.60		28	3.35		10	1.20		0	0.00		122	14.61		275	32.93		4	0.48		39	4.67		0	0.00		835	95.10		43	4.90		878	1.08
Mt Cotton		4	0.29		364	26.34		1	0.07		104	7.53		23	1.66		31	2.24		20	1.45		4	0.29		120	8.68		614	44.43		10	0.72		86	6.22		1	0.07		1382	97.46		36	2.54		1418	1.74
Paradise Lakes		1	0.06		532	33.73		0	0.00		31	1.97		10	0.63		32	2.03		19	1.20		1	0.06		176	11.16		699	44.32		23	1.46		52	3.30		1	0.06		1577	95.00		83	5.00		1660	2.03
Paradise Point		13	0.41		708	22.48		1	0.03		157	4.98		11	0.35		59	1.87		14	0.44		2	0.06		367	11.65		1695	53.81		16	0.51		105	3.33		2	0.06		3150	94.99		166	5.01		3316	4.06
Redland Bay		10	0.29		1085	31.16		1	0.03		209	6.00		21	0.60		86	2.47		41	1.18		2	0.06		316	9.08		1462	41.99		33	0.95		210	6.03		6	0.17		3482	96.53		125	3.47		3607	4.42
Rochedale (Fadden)		1	0.11		231	25.27		1	0.11		68	7.44		15	1.64		28	3.06		6	0.66		1	0.11		77	8.42		397	43.44		5	0.55		84	9.19		0	0.00		914	97.86		20	2.14		934	1.14
Rochedale South		9	0.31		936	31.73		0	0.00		147	4.98		39	1.32		71	2.41		40	1.36		4	0.14		218	7.39		1263	42.81		17	0.58		205	6.95		1	0.03		2950	96.88		95	3.12		3045	3.73
Runaway Bay		15	0.37		831	20.37		0	0.00		188	4.61		15	0.37		66	1.62		15	0.37		4	0.10		383	9.39		2373	58.18		20	0.49		168	4.12		1	0.02		4079	95.57		189	4.43		4268	5.23
Russell Island		4	0.53		289	38.33		0	0.00		18	2.39		2	0.27		16	2.12		18	2.39		2	0.27		107	14.19		257	34.08		6	0.80		35	4.64		0	0.00		754	94.49		44	5.51		798	0.98
Shailer Park (Fadden)		11	0.26		1164	27.49		5	0.12		197	4.65		78	1.84		94	2.22		46	1.09		2	0.05		251	5.93		2012	47.51		54	1.28		321	7.58		0	0.00		4235	97.27		119	2.73		4354	5.34
Slacks Creek (Fadden)		13	0.34		1149	30.28		1	0.03		207	5.46		65	1.71		83	2.19		37	0.98		3	0.08		227	5.98		1668	43.96		39	1.03		299	7.88		3	0.08		3794	95.74		169	4.26		3963	4.86
Springwood Central		7	0.34		638	30.87		0	0.00		118	5.71		31	1.50		46	2.23		25	1.21		1	0.05		142	6.87		899	43.49		17	0.82		143	6.92		0	0.00		2067	96.18		82	3.82		2149	2.63
Springwood Road		8	0.20		1185	29.22		1	0.02		202	4.98		59	1.45		104	2.56		63	1.55		7	0.17		238	5.87		1832	45.17		44	1.08		309	7.62		4	0.10		4056	96.71		138	3.29		4194	5.14
Victoria Point		12	0.31		1164	30.11		2	0.05		166	4.29		34	0.88		104	2.69		25	0.65		4	0.10		316	8.17		1769	45.76		16	0.41		254	6.57		0	0.00		3866	96.07		158	3.93		4024	4.93
Victoria Point South		7	0.30		727	31.65		0	0.00		116	5.05		22	0.96		30	1.31		23	1.00		2	0.09		178	7.75		1022	44.49		21	0.91		147	6.40		2	0.09		2297	96.27		89	3.73		2386	2.92
Woongoolba		2	0.27		183	25.03		0	0.00		74	10.12		4	0.55		7	0.96		7	0.96		1	0.14		131	17.92		299	40.90		5	0.68		17	2.33		1	0.14		731	96.82		24	3.18		755	0.93
Special Hospitals		1	0.48		50	23.92		4	1.91		15	7.18		2	0.96		1	0.48		0	0.00		1	0.48		10	4.78		117	55.98		1	0.48		7	3.35		0	0.00		209	97.21		6	2.79		215	0.26
Total Ordinary		188	0.29		18088	27.72		29	0.04		3086	4.73		673	1.03		1542	2.36		673	1.03		64	0.10		5863	8.99		30605	46.90		557	0.85		3852	5.90		33	0.05		65253	96.36		2466	3.64		67719	83.01
ABSENT		16	0.29		1551	27.98		4	0.07		193	3.48		78	1.41		268	4.83		114	2.06		6	0.11		454	8.19		2388	43.07		81	1.46		387	6.98		4	0.07		5544	98.02		112	1.98		5656	6.93
POSTAL		8	0.21		904	24.20		1	0.03		147	3.94		35	0.94		56	1.50		20	0.54		4	0.11		361	9.67		1971	52.77		29	0.78		197	5.27		2	0.05		3735	98.50		57	1.50		3792	4.65
PRE_POLL		8	0.22		1006	27.06		0	0.00		119	3.20		36	0.97		74	1.99		33	0.89		5	0.13		346	9.31		1833	49.31		39	1.05		216	5.81		2	0.05		3717	97.64		90	2.36		3807	4.67
PROVISIONAL		3	0.51		187	31.75		0	0.00		13	2.21		4	0.68		29	4.92		19	3.23		1	0.17		49	8.32		246	41.77		10	1.70		28	4.75		0	0.00		589	97.19		17	2.81		606	0.74
Division Summary		223	0.28		21736	27.57		34	0.04		3558	4.51		826	1.05		1969	2.5		859	1.09		80	0.1		7073	8.97		37043	46.99		716	0.91		4680	5.94		41	0.05		78838	96.64		2742	3.36		81580	94.86
