Senate - 2001 Election: Queensland																																																
First Preference Votes by Group 																																																
By Polling Place																																																
Fisher (85315)																																																
		Group A Total			Group B Total			Group C Total			Group D Total			Group E Total			Group F Total			Group G Total			Group H Total			Group I Total			Group J Total			Group K Total			Group L Total			Ungrouped Total 			FORMAL 			INFORMAL 			TOTAL 	
		Unendorsed			ALP			CEC			NP			CTA			GRN			HMP			RPA			HAN			LP			NGST			DEM			Independent										
Polling Places		Vote	%		Vote	%		Vote	%		Vote	%		Vote	%		Vote	%		Vote	%		Vote	%		Vote	%		Vote	%		Vote	%		Vote	%		Vote	%		Vote	%		Vote	%		Vote	%
Alexandra Headland		1	0.17		122	20.17		0	0.00		45	7.44		7	1.16		44	7.27		8	1.32		1	0.17		50	8.26		271	44.79		2	0.33		54	8.93		0	0.00		605	98.69		8	1.31		613	0.76
Aroona		6	0.44		314	22.84		1	0.07		56	4.07		31	2.25		51	3.71		18	1.31		2	0.15		171	12.44		619	45.02		12	0.87		93	6.76		1	0.07		1375	97.38		37	2.62		1412	1.74
Arthur Street		0	0.00		120	28.57		0	0.00		15	3.57		1	0.24		22	5.24		5	1.19		0	0.00		47	11.19		189	45.00		2	0.48		19	4.52		0	0.00		420	98.82		5	1.18		425	0.53
Brisbane City (Fisher)		1	0.99		16	15.84		0	0.00		3	2.97		0	0.00		8	7.92		3	2.97		0	0.00		6	5.94		43	42.57		1	0.99		19	18.81		1	0.99		101	100.00		0	0.00		101	0.12
Buddina		16	0.40		1116	27.59		1	0.02		218	5.39		28	0.69		162	4.00		64	1.58		0	0.00		460	11.37		1701	42.05		31	0.77		242	5.98		6	0.15		4045	96.49		147	3.51		4192	5.18
Buderim		4	0.09		819	18.81		0	0.00		165	3.79		51	1.17		256	5.88		43	0.99		3	0.07		326	7.49		2274	52.24		27	0.62		381	8.75		4	0.09		4353	96.88		140	3.12		4493	5.55
Buderim Central		1	0.15		108	15.93		0	0.00		57	8.41		3	0.44		20	2.95		1	0.15		0	0.00		64	9.44		368	54.28		3	0.44		51	7.52		2	0.29		678	97.13		20	2.87		698	0.86
Buderim Garden Village		4	0.32		244	19.71		1	0.08		100	8.08		17	1.37		42	3.39		13	1.05		1	0.08		75	6.06		664	53.63		5	0.40		72	5.82		0	0.00		1238	95.01		65	4.99		1303	1.61
Buderim Immanuel Lutheran College		1	0.30		56	16.67		0	0.00		22	6.55		7	2.08		22	6.55		2	0.60		0	0.00		27	8.04		168	50.00		4	1.19		27	8.04		0	0.00		336	96.00		14	4.00		350	0.43
Buderim North		2	0.14		300	21.46		0	0.00		58	4.15		21	1.50		42	3.00		10	0.72		3	0.21		150	10.73		705	50.43		9	0.64		96	6.87		2	0.14		1398	96.88		45	3.12		1443	1.78
Buderim Pines		2	0.14		304	20.61		0	0.00		48	3.25		39	2.64		36	2.44		5	0.34		1	0.07		124	8.41		785	53.22		17	1.15		112	7.59		2	0.14		1475	97.81		33	2.19		1508	1.86
Buderim South		0	0.00		136	14.51		0	0.00		39	4.16		12	1.28		31	3.31		13	1.39		0	0.00		63	6.72		559	59.66		3	0.32		80	8.54		1	0.11		937	99.15		8	0.85		945	1.17
Caloundra		12	0.38		956	29.92		3	0.09		148	4.63		25	0.78		102	3.19		57	1.78		3	0.09		323	10.11		1347	42.16		37	1.16		180	5.63		2	0.06		3195	96.76		107	3.24		3302	4.08
Caloundra West		1	0.16		187	29.36		0	0.00		31	4.87		11	1.73		24	3.77		10	1.57		1	0.16		72	11.30		252	39.56		11	1.73		36	5.65		1	0.16		637	98.30		11	1.70		648	0.80
Cotton Tree		8	0.47		500	29.39		2	0.12		120	7.05		8	0.47		65	3.82		15	0.88		1	0.06		146	8.58		704	41.39		18	1.06		113	6.64		1	0.06		1701	96.48		62	3.52		1763	2.18
Currimundi		8	0.23		1001	29.23		5	0.15		166	4.85		52	1.52		200	5.84		56	1.64		2	0.06		334	9.75		1342	39.19		41	1.20		214	6.25		3	0.09		3424	96.51		124	3.49		3548	4.38
Currimundi West		8	0.33		717	29.65		3	0.12		124	5.13		29	1.20		52	2.15		22	0.91		2	0.08		230	9.51		1052	43.51		25	1.03		151	6.24		3	0.12		2418	97.11		72	2.89		2490	3.08
Diddillibah		5	0.64		153	19.49		1	0.13		58	7.39		7	0.89		41	5.22		15	1.91		2	0.25		80	10.19		349	44.46		11	1.40		60	7.64		3	0.38		785	96.79		26	3.21		811	1.00
Eudlo		2	0.27		160	21.71		0	0.00		37	5.02		4	0.54		115	15.60		14	1.90		1	0.14		93	12.62		245	33.24		6	0.81		60	8.14		0	0.00		737	97.49		19	2.51		756	0.93
Forest Glen		3	0.36		143	17.00		0	0.00		56	6.66		10	1.19		35	4.16		10	1.19		2	0.24		114	13.56		403	47.92		14	1.66		51	6.06		0	0.00		841	99.17		7	0.83		848	1.05
Glenview		4	0.55		142	19.56		0	0.00		20	2.75		11	1.52		25	3.44		19	2.62		0	0.00		82	11.29		366	50.41		6	0.83		51	7.02		0	0.00		726	96.80		24	3.20		750	0.93
Golden Beach		15	0.41		1008	27.88		6	0.17		260	7.19		25	0.69		97	2.68		30	0.83		1	0.03		437	12.09		1560	43.14		24	0.66		151	4.18		2	0.06		3616	95.99		151	4.01		3767	4.65
Kawana Waters		12	0.42		801	27.80		1	0.03		163	5.66		15	0.52		84	2.92		32	1.11		1	0.03		319	11.07		1222	42.42		37	1.28		190	6.59		4	0.14		2881	96.65		100	3.35		2981	3.68
Kuluin		5	0.29		486	28.04		2	0.12		87	5.02		25	1.44		75	4.33		18	1.04		2	0.12		213	12.29		675	38.95		27	1.56		114	6.58		4	0.23		1733	97.41		46	2.59		1779	2.20
Little Mountain		5	0.34		342	22.95		1	0.07		74	4.97		23	1.54		41	2.75		10	0.67		1	0.07		164	11.01		733	49.19		6	0.40		90	6.04		0	0.00		1490	97.32		41	2.68		1531	1.89
Maroochydore		2	0.09		591	27.36		2	0.09		65	3.01		27	1.25		82	3.80		38	1.76		3	0.14		205	9.49		935	43.29		28	1.30		180	8.33		2	0.09		2160	97.87		47	2.13		2207	2.73
Maroochydore East		6	0.21		764	26.57		1	0.03		121	4.21		40	1.39		116	4.03		45	1.57		5	0.17		301	10.47		1253	43.58		37	1.29		184	6.40		2	0.07		2875	97.16		84	2.84		2959	3.66
Minyama		1	0.15		113	17.04		0	0.00		30	4.52		5	0.75		10	1.51		7	1.06		1	0.15		50	7.54		401	60.48		7	1.06		38	5.73		0	0.00		663	97.93		14	2.07		677	0.84
Mooloolaba		12	0.35		805	23.73		1	0.03		146	4.30		23	0.68		182	5.36		60	1.77		4	0.12		244	7.19		1601	47.19		41	1.21		272	8.02		2	0.06		3393	97.11		101	2.89		3494	4.32
Mooloolah		3	0.26		315	27.75		2	0.18		59	5.20		16	1.41		72	6.34		26	2.29		0	0.00		145	12.78		401	35.33		12	1.06		82	7.22		2	0.18		1135	97.59		28	2.41		1163	1.44
Mountain Creek		7	0.21		741	22.65		1	0.03		106	3.24		32	0.98		87	2.66		27	0.83		2	0.06		305	9.32		1721	52.60		28	0.86		212	6.48		3	0.09		3272	97.76		75	2.24		3347	4.14
Ocean View Avenue		1	0.09		239	22.65		3	0.28		34	3.22		9	0.85		45	4.27		14	1.33		1	0.09		103	9.76		505	47.87		8	0.76		91	8.63		2	0.19		1055	97.15		31	2.85		1086	1.34
Palmwoods		11	0.58		387	20.52		2	0.11		125	6.63		46	2.44		96	5.09		30	1.59		1	0.05		232	12.30		798	42.31		20	1.06		137	7.26		1	0.05		1886	97.12		56	2.88		1942	2.40
Shelly Beach		6	0.43		366	26.48		0	0.00		107	7.74		5	0.36		65	4.70		14	1.01		1	0.07		105	7.60		594	42.98		8	0.58		110	7.96		1	0.07		1382	96.64		48	3.36		1430	1.77
Sippy Downs		2	0.11		427	24.40		3	0.17		41	2.34		39	2.23		49	2.80		20	1.14		1	0.06		159	9.09		868	49.60		22	1.26		116	6.63		3	0.17		1750	98.15		33	1.85		1783	2.20
Warana		1	0.16		192	29.86		0	0.00		11	1.71		26	4.04		18	2.80		7	1.09		1	0.16		65	10.11		288	44.79		7	1.09		27	4.20		0	0.00		643	96.40		24	3.60		667	0.82
Woombye		3	0.18		350	21.19		0	0.00		181	10.96		48	2.91		86	5.21		22	1.33		2	0.12		171	10.35		653	39.53		9	0.54		125	7.57		2	0.12		1652	98.27		29	1.73		1681	2.08
Wurtulla		5	0.54		262	28.14		0	0.00		38	4.08		9	0.97		19	2.04		11	1.18		3	0.32		126	13.53		399	42.86		8	0.86		51	5.48		0	0.00		931	96.48		34	3.52		965	1.19
Special Hospitals		2	0.61		106	32.12		0	0.00		25	7.58		2	0.61		2	0.61		1	0.30		2	0.61		12	3.64		173	52.42		1	0.30		4	1.21		0	0.00		330	94.83		18	5.17		348	0.43
Total Ordinary		188	0.29		15909	24.75		42	0.07		3259	5.07		789	1.23		2621	4.08		815	1.27		57	0.09		6393	9.95		29186	45.41		615	0.96		4336	6.75		62	0.10		64272	97.08		1934	2.92		66206	81.80
ABSENT		12	0.28		1007	23.54		4	0.09		201	4.70		65	1.52		259	6.06		95	2.22		10	0.23		351	8.21		1823	42.62		65	1.52		382	8.93		3	0.07		4277	98.73		55	1.27		4332	5.35
POSTAL		10	0.26		800	20.94		4	0.10		223	5.84		28	0.73		67	1.75		20	0.52		4	0.10		401	10.50		2006	52.51		33	0.86		218	5.71		6	0.16		3820	98.07		75	1.93		3895	4.81
PRE_POLL		20	0.36		1308	23.59		4	0.07		245	4.42		58	1.05		158	2.85		53	0.96		1	0.02		597	10.77		2742	49.46		40	0.72		314	5.66		4	0.07		5544	98.79		68	1.21		5612	6.93
PROVISIONAL		6	0.69		257	29.71		2	0.23		17	1.97		8	0.92		50	5.78		23	2.66		1	0.12		90	10.40		340	39.31		14	1.62		56	6.47		1	0.12		865	96.97		27	3.03		892	1.10
Division Summary		236	0.3		19281	24.48		56	0.07		3945	5.01		948	1.2		3155	4		1006	1.28		73	0.09		7832	9.94		36097	45.82		767	0.97		5306	6.74		76	0.1		78778	97.33		2159	2.67		80937	94.87
