Senate - 2001 Election: Queensland																																																
First Preference Votes by Group 																																																
By Polling Place																																																
Lilley (87642)																																																
		Group A Total			Group B Total			Group C Total			Group D Total			Group E Total			Group F Total			Group G Total			Group H Total			Group I Total			Group J Total			Group K Total			Group L Total			Ungrouped Total 			FORMAL 			INFORMAL 			TOTAL 	
		Unendorsed			ALP			CEC			NP			CTA			GRN			HMP			RPA			HAN			LP			NGST			DEM			Independent										
Polling Places		Vote	%		Vote	%		Vote	%		Vote	%		Vote	%		Vote	%		Vote	%		Vote	%		Vote	%		Vote	%		Vote	%		Vote	%		Vote	%		Vote	%		Vote	%		Vote	%
Ascot		4	0.16		351	13.88		1	0.04		249	9.85		7	0.28		76	3.01		31	1.23		5	0.20		62	2.45		1557	61.59		9	0.36		176	6.96		0	0.00		2528	98.56		37	1.44		2565	3.08
Aspley (Lilley)		5	0.36		540	38.65		0	0.00		46	3.29		9	0.64		43	3.08		23	1.65		1	0.07		93	6.66		529	37.87		8	0.57		99	7.09		1	0.07		1397	97.28		39	2.72		1436	1.73
Aspley East		5	0.27		569	30.38		0	0.00		68	3.63		20	1.07		36	1.92		21	1.12		3	0.16		124	6.62		857	45.76		9	0.48		161	8.60		0	0.00		1873	95.95		79	4.05		1952	2.34
Banyo		6	0.37		894	55.29		4	0.25		51	3.15		14	0.87		37	2.29		16	0.99		2	0.12		103	6.37		385	23.81		12	0.74		93	5.75		0	0.00		1617	94.73		90	5.27		1707	2.05
Banyo East		12	0.67		845	47.18		2	0.11		55	3.07		13	0.73		42	2.35		31	1.73		4	0.22		155	8.65		508	28.36		13	0.73		109	6.09		2	0.11		1791	95.98		75	4.02		1866	2.24
Boondall		8	0.19		1740	40.60		3	0.07		179	4.18		23	0.54		117	2.73		47	1.10		5	0.12		332	7.75		1475	34.41		39	0.91		318	7.42		0	0.00		4286	95.48		203	4.52		4489	5.39
Brighton		7	0.37		871	46.21		1	0.05		44	2.33		20	1.06		55	2.92		18	0.95		2	0.11		186	9.87		480	25.46		15	0.80		185	9.81		1	0.05		1885	96.12		76	3.88		1961	2.36
Brighton South		9	0.48		870	45.93		0	0.00		36	1.90		15	0.79		68	3.59		37	1.95		0	0.00		182	9.61		495	26.14		17	0.90		164	8.66		1	0.05		1894	96.44		70	3.56		1964	2.36
Brisbane City (Lilley)		2	0.43		152	32.83		0	0.00		13	2.81		7	1.51		39	8.42		12	2.59		3	0.65		22	4.75		137	29.59		5	1.08		70	15.12		1	0.22		463	96.46		17	3.54		480	0.58
Chermside East		12	0.53		918	40.69		0	0.00		48	2.13		22	0.98		76	3.37		20	0.89		1	0.04		145	6.43		805	35.68		19	0.84		189	8.38		1	0.04		2256	95.23		113	4.77		2369	2.85
Clayfield		9	0.53		404	23.95		0	0.00		181	10.73		3	0.18		52	3.08		15	0.89		3	0.18		60	3.56		806	47.78		5	0.30		148	8.77		1	0.06		1687	95.80		74	4.20		1761	2.12
Clayfield West		9	0.39		527	22.65		0	0.00		168	7.22		24	1.03		102	4.38		24	1.03		1	0.04		68	2.92		1133	48.69		17	0.73		254	10.92		0	0.00		2327	96.36		88	3.64		2415	2.90
Deagon		7	0.59		578	48.61		0	0.00		26	2.19		8	0.67		24	2.02		18	1.51		2	0.17		99	8.33		333	28.01		19	1.60		74	6.22		1	0.08		1189	96.43		44	3.57		1233	1.48
Eventide Home		2	0.27		339	46.00		0	0.00		15	2.04		8	1.09		20	2.71		6	0.81		1	0.14		70	9.50		238	32.29		4	0.54		34	4.61		0	0.00		737	94.73		41	5.27		778	0.93
Freemasons Homes		4	1.10		159	43.92		0	0.00		10	2.76		1	0.28		2	0.55		1	0.28		0	0.00		28	7.73		149	41.16		1	0.28		7	1.93		0	0.00		362	93.06		27	6.94		389	0.47
Geebung		5	0.21		977	40.54		1	0.04		86	3.57		23	0.95		62	2.57		28	1.16		3	0.12		150	6.22		842	34.94		16	0.66		217	9.00		0	0.00		2410	97.26		68	2.74		2478	2.98
Gordon Park		7	0.41		616	35.86		1	0.06		59	3.43		11	0.64		77	4.48		19	1.11		5	0.29		67	3.90		656	38.18		7	0.41		192	11.18		1	0.06		1718	96.63		60	3.37		1778	2.14
Hamilton		5	0.21		539	22.71		0	0.00		193	8.13		6	0.25		89	3.75		36	1.52		4	0.17		98	4.13		1174	49.47		13	0.55		215	9.06		1	0.04		2373	96.82		78	3.18		2451	2.94
Hendra		5	0.37		396	29.66		1	0.07		103	7.72		4	0.30		43	3.22		15	1.12		4	0.30		48	3.60		623	46.67		2	0.15		91	6.82		0	0.00		1335	94.88		72	5.12		1407	1.69
Hendra East		6	0.66		369	40.59		0	0.00		28	3.08		2	0.22		30	3.30		16	1.76		1	0.11		65	7.15		312	34.32		9	0.99		70	7.70		1	0.11		909	96.91		29	3.09		938	1.13
Kalinga		9	0.54		523	31.35		0	0.00		71	4.26		9	0.54		78	4.68		30	1.80		0	0.00		54	3.24		685	41.07		9	0.54		199	11.93		1	0.06		1668	96.92		53	3.08		1721	2.07
Kedron		17	0.90		693	36.72		1	0.05		88	4.66		18	0.95		89	4.72		22	1.17		1	0.05		125	6.62		607	32.17		17	0.90		208	11.02		1	0.05		1887	96.87		61	3.13		1948	2.34
Kedron Heights		5	0.35		530	37.32		0	0.00		38	2.68		13	0.92		65	4.58		18	1.27		1	0.07		69	4.86		527	37.11		14	0.99		138	9.72		2	0.14		1420	96.40		53	3.60		1473	1.77
Lutwyche		9	0.76		470	39.76		2	0.17		46	3.89		7	0.59		58	4.91		24	2.03		1	0.08		58	4.91		391	33.08		8	0.68		108	9.14		0	0.00		1182	93.96		76	6.04		1258	1.51
Northgate		13	0.93		674	48.32		1	0.07		44	3.15		13	0.93		40	2.87		12	0.86		1	0.07		85	6.09		409	29.32		12	0.86		91	6.52		0	0.00		1395	94.70		78	5.30		1473	1.77
Nudgee		4	0.43		421	45.61		1	0.11		43	4.66		9	0.98		34	3.68		10	1.08		3	0.33		74	8.02		258	27.95		5	0.54		61	6.61		0	0.00		923	96.35		35	3.65		958	1.15
Nudgee Beach		1	0.52		105	54.69		0	0.00		3	1.56		1	0.52		8	4.17		2	1.04		0	0.00		15	7.81		44	22.92		1	0.52		11	5.73		1	0.52		192	97.46		5	2.54		197	0.24
Nundah		11	0.37		1139	37.93		2	0.07		90	3.00		25	0.83		139	4.63		58	1.93		7	0.23		165	5.49		995	33.13		21	0.70		349	11.62		2	0.07		3003	97.22		86	2.78		3089	3.71
Nundah North		2	0.17		429	37.40		2	0.17		32	2.79		2	0.17		42	3.66		15	1.31		3	0.26		69	6.02		452	39.41		8	0.70		89	7.76		2	0.17		1147	97.87		25	2.13		1172	1.41
Nundah West		3	0.21		475	33.03		1	0.07		90	6.26		17	1.18		40	2.78		11	0.76		1	0.07		88	6.12		585	40.68		11	0.76		116	8.07		0	0.00		1438	97.03		44	2.97		1482	1.78
Pinkenba		2	0.93		110	50.93		1	0.46		5	2.31		0	0.00		4	1.85		3	1.39		0	0.00		11	5.09		69	31.94		1	0.46		10	4.63		0	0.00		216	94.74		12	5.26		228	0.27
Sandgate		12	0.47		1129	44.36		2	0.08		52	2.04		14	0.55		126	4.95		37	1.45		3	0.12		141	5.54		762	29.94		8	0.31		258	10.14		1	0.04		2545	95.03		133	4.97		2678	3.22
Shorncliffe		7	0.52		523	39.00		1	0.07		40	2.98		12	0.89		111	8.28		13	0.97		4	0.30		83	6.19		420	31.32		13	0.97		114	8.50		0	0.00		1341	95.65		61	4.35		1402	1.68
Somerset Hills (Lilley)		1	0.34		111	38.14		0	0.00		14	4.81		5	1.72		12	4.12		2	0.69		0	0.00		5	1.72		102	35.05		3	1.03		36	12.37		0	0.00		291	97.98		6	2.02		297	0.36
Stafford (Lilley)		6	0.49		481	39.07		1	0.08		40	3.25		5	0.41		63	5.12		23	1.87		1	0.08		55	4.47		443	35.99		9	0.73		104	8.45		0	0.00		1231	96.02		51	3.98		1282	1.54
Taigum (Lilley)		9	0.53		711	41.58		1	0.06		75	4.39		26	1.52		47	2.75		17	0.99		3	0.18		102	5.96		589	34.44		19	1.11		109	6.37		2	0.12		1710	96.34		65	3.66		1775	2.13
Virginia		13	0.64		808	39.51		1	0.05		80	3.91		16	0.78		64	3.13		27	1.32		2	0.10		125	6.11		686	33.55		13	0.64		210	10.27		0	0.00		2045	96.28		79	3.72		2124	2.55
Wavell Heights		4	0.25		687	43.65		1	0.06		45	2.86		7	0.44		55	3.49		22	1.40		2	0.13		87	5.53		526	33.42		4	0.25		133	8.45		1	0.06		1574	95.34		77	4.66		1651	1.98
Whinstanes		4	0.66		262	43.02		0	0.00		16	2.63		2	0.33		21	3.45		7	1.15		1	0.16		29	4.76		230	37.77		2	0.33		35	5.75		0	0.00		609	92.84		47	7.16		656	0.79
Wooloowin		10	0.78		473	36.90		0	0.00		63	4.91		12	0.94		60	4.68		17	1.33		0	0.00		39	3.04		419	32.68		10	0.78		177	13.81		2	0.16		1282	96.46		47	3.54		1329	1.60
Zillmere		7	0.41		756	44.29		1	0.06		48	2.81		16	0.94		48	2.81		22	1.29		5	0.29		111	6.50		523	30.64		12	0.70		156	9.14		2	0.12		1707	95.15		87	4.85		1794	2.16
Zillmere North		7	0.40		955	54.57		1	0.06		17	0.97		23	1.31		41	2.34		30	1.71		2	0.11		131	7.49		413	23.60		13	0.74		113	6.46		4	0.23		1750	94.70		98	5.30		1848	2.22
Special Hospitals		0	0.00		138	36.32		1	0.26		22	5.79		2	0.53		1	0.26		0	0.00		2	0.53		11	2.89		198	52.11		1	0.26		4	1.05		0	0.00		380	92.23		32	7.77		412	0.49
Total Ordinary		285	0.43		25257	38.28		35	0.05		2720	4.12		494	0.75		2336	3.54		856	1.30		93	0.14		3889	5.89		23827	36.12		453	0.69		5695	8.63		33	0.05		65973	96.08		2691	3.92		68664	82.49
ABSENT		28	0.48		1984	33.86		8	0.14		187	3.19		65	1.11		321	5.48		151	2.58		13	0.22		274	4.68		2132	36.39		81	1.38		607	10.36		8	0.14		5859	98.37		97	1.63		5956	7.15
POSTAL		18	0.39		2069	45.13		3	0.07		139	3.03		30	0.65		75	1.64		26	0.57		5	0.11		273	5.95		1670	36.42		30	0.65		246	5.37		1	0.02		4585	97.68		109	2.32		4694	5.64
PRE_POLL		15	0.48		1050	33.38		12	0.38		93	2.96		17	0.54		117	3.72		30	0.95		7	0.22		170	5.40		1358	43.17		25	0.79		252	8.01		0	0.00		3146	98.71		41	1.29		3187	3.83
PROVISIONAL		5	0.69		339	46.69		1	0.14		18	2.48		9	1.24		26	3.58		26	3.58		3	0.41		35	4.82		200	27.55		12	1.65		52	7.16		0	0.00		726	97.71		17	2.29		743	0.89
Division Summary		351	0.44		30699	38.24		59	0.07		3157	3.93		615	0.77		2875	3.58		1089	1.36		121	0.15		4641	5.78		29187	36.35		601	0.75		6852	8.53		42	0.05		80289	96.45		2955	3.55		83244	94.98
