General Information - 1993 Election								
Declaration Votes Received								
By Division								
				                Pre-Poll		Postal Vote Certificates		
				Total 	From Own	Total 	From Own	
	State/Division	Provisional	Absent	Received	Division	Received	Division	
								
National Summary								
	New South Wales	60051	253491	124720	63965	103474	98511	
	Victoria	18560	165971	89044	44238	91230	87268	
	Queensland	11796	129691	68734	33387	74351	71988	
	Western Australia	7916	77149	27573	11469	21022	19446	
	South Australia	6817	59327	25539	11023	28468	27244	
	Tasmania	1592	16953	8587	4588	9994	9631	
	Australian Capital Territory	2992	4171	28184	16817	6218	5318	
	Northern Territory	2620	0	5450	2611	2511	2351	
	NATIONAL TOTAL        	112344	706753	377831	188098	337268	321757	
								
								
New South Wales                 								
	Banks                	617	5419	2115	860	2231	2152	
	Barton               	1433	4695	2703	1179	2160	2062	
	Bennelong            	893	5395	2723	1143	2381	2230	
	Berowra              	753	5185	4077	2413	2056	1893	
	Blaxland             	1283	4856	1643	940	1732	1661	
	Bradfield            	585	5033	3983	1671	2267	2040	
	Calare               	1313	5414	1313	572	2701	2636	
	Charlton             	896	4788	2922	1804	1994	1920	
	Chifley              	1651	5550	1729	987	854	778	
	Cook                 	898	5065	3408	1882	1975	1857	
	Cowper               	1171	4911	2667	1617	1812	1749	
	Cunningham           	749	4058	2132	1465	2045	1987	
	Dobell               	1077	5394	3103	1730	1982	1935
	Eden-Monaro          	1321	3512	2888	1188	2923	2812
	Farrer               	991	2311	3342	1552	2907	2789
	Fowler               	2099	5080	1541	638	1120	1078
	Gilmore              	962	4266	2637	1641	2347	2273
	Grayndler            	2398	6329	2286	711	1708	1566
	Greenway             	1243	5146	2013	1210	1310	1248
	Gwydir               	1297	6678	2012	952	2489	2419
	Hughes               	749	5297	2513	1196	1672	1536
	Hume                 	963	5319	2107	821	2740	2660
	Hunter               	1105	5220	1828	1091	2196	2146
	Kingsford-Smith      	1466	4585	2723	1503	2007	1905
	Lindsay              	1031	5596	1997	1186	1053	986
	Lowe                 	1386	4963	2405	1050	2470	2341
	Lyne                 	868	4836	2206	1503	1920	1877
	Macarthur            	998	5124	1917	865	1506	1430
	Mackellar            	1315	5323	3118	1628	1918	1814
	Macquarie            	1124	5413	2143	1125	2089	1973
	Mitchell             	673	5090	2544	1186	1584	1458
	Newcastle            	862	5525	1767	881	2361	2280
	New England          	1224	4931	3354	2352	2370	2281
	North Sydney         	1748	6115	4014	1689	2396	2146
	Page                 	1105	3810	2406	1352	2691	2629
	Parkes               	1244	5518	2872	1885	2571	2500
	Parramatta           	1020	6231	2241	1184	2451	2341
	Paterson             	776	4459	1555	887	2336	2286
	Prospect             	1527	4774	1433	620	1185	1143
	Reid                 	1356	5116	1686	695	1827	1756
	Richmond             	1174	2861	3766	2284	2748	2664
	Riverina             	1493	4134	2367	1206	2360	2300
	Robertson            	1094	5456	2475	1687	2312	2247
	Shortland            	682	4719	2142	1358	1792	1734
	Sydney               	3075	7819	3651	1147	1944	1639
	Throsby              	864	3314	1509	748	1389	1360
	Warringah            	1132	5843	3164	1232	2378	2145
	Watson               	1185	4759	1632	580	1885	1793
	Wentworth            	2048	6592	4240	1994	3109	2892
	Werriwa              	1134	5664	1708	875	1220	1164
							
NSW TOTAL             		60051	253491	124720	63965	103474	98511
							
							
Victoria                        							
	Aston                	380	4364	2193	765	2431	2314
	Ballarat             	442	3580	2465	1818	3026	2951
	Batman               	682	4061	1820	996	2565	2488
	Bendigo              	383	4285	2043	1397	2812	2739
	Bruce                	250	3887	3115	1892	2107	1995
	Burke                	525	4834	1618	602	2152	2083
	Calwell              	541	4307	1838	681	1538	1496
	Casey                	458	4611	2961	1676	2152	2046
	Chisholm             	310	4696	2649	1257	2763	2622
	Corangamite          	336	4209	2170	497	2025	1942
	Corinella            	630	4819	1783	705	2634	2551
	Corio                	550	3696	2002	1246	2675	2589
	Deakin               	271	4887	2783	1353	2568	2445
	Dunkley              	362	3733	2519	1589	2742	2655
	Flinders             	467	3801	2954	1731	2355	2258
	Gellibrand           	811	3350	1963	1182	2120	2061
	Gippsland            	380	4498	1893	867	2243	2161
	Goldstein            	455	4599	2695	1337	2542	2414
	Higgins              	641	5657	3197	1257	2964	2765
	Holt                 	948	3717	1908	1212	1914	1856
	Hotham               	602	3645	1911	1057	2505	2430
	Indi                 	393	3683	2929	1679	2217	2138
	Isaacs               	303	4207	2725	1636	1998	1872
	Jagajaga             	294	3933	2431	1069	2788	2650
	Kooyong              	409	5169	2741	1177	2834	2576
	Lalor                	496	4057	2524	1328	1628	1531
	La Trobe             	455	5058	2083	721	2503	2381
	McEwen               	688	5612	1390	193	2852	2759
	McMillan             	388	4137	2508	1526	2525	2462
	Mallee               	393	3965	2054	1238	2421	2359
	Maribyrnong          	401	4687	1808	558	1712	1643
	Melbourne            	1146	5972	2797	853	2001	1778
	Melbourne Ports      	919	5107	3603	1198	4870	4635
	Menzies              	267	3968	3044	1448	1745	1581
	Murray               	368	4282	1603	851	1704	1660
	Scullin              	374	4233	1516	774	1951	1904
	Wannon               	316	4442	2830	1873	1945	1859
	Wills                	526	4223	1978	999	2703	2619
							
VIC TOTAL             		18560	165971	89044	44238	91230	87268
							
							
Queensland                      							
	Bowman               	311	4201	2407	1436	2378	2331
	Brisbane             	520	6957	2857	869	3814	3617
	Capricornia          	376	5132	1963	1341	3727	3663
	Dawson               	404	4390	2593	1727	2478	2427
	Dickson              	608	5583	4474	2187	5783	5706
	Fadden               	427	5828	2376	0	2107	2042
	Fairfax              	473	3837	3689	2462	2713	2622
	Fisher               	455	4848	2645	1451	2637	2576
	Forde                	508	5528	2182	942	1814	1702
	Griffith             	519	6130	2632	282	3428	3312
	Groom                	264	5009	3579	2791	2230	2168
	Herbert              	498	4236	3265	1978	3049	2931
	Hinkler              	293	5174	2295	1417	2802	2745
	Kennedy              	677	5522	1421	383	4187	4111
	Leichhardt           	928	4183	2713	1509	1955	1822
	Lilley               	401	5307	2459	833	3313	3216
	McPherson            	695	3634	4525	2185	1782	1696
	Maranoa              	406	6546	1453	562	5940	5853
	Moncrieff            	840	3494	4226	2602	2203	2106
	Moreton              	298	6338	2645	884	3319	3185
	Oxley                	351	4759	2139	1296	2259	2176
	Petrie               	296	5165	1901	690	2810	2724
	Rankin               	616	6485	1832	467	2279	2205
	Ryan                 	305	6566	4065	1579	2072	1845
	Wide Bay             	327	4839	2398	1514	3272	3207
							
QLD TOTAL             		11796	129691	68734	33387	74351	71988
							
							
Western Australia               							
	Brand                	448	5038	2052	1123	1683	1608
	Canning              	440	4515	1432	697	1199	1118
	Cowan                	568	5428	1534	381	1297	1202
	Curtin               	594	5663	2889	961	1758	1512
	Forrest              	504	5232	1656	978	1293	1215
	Fremantle            	551	4279	2067	918	1405	1281
	Kalgoorlie           	935	5706	2257	954	1704	1631
	Moore                	348	5335	2228	900	1032	930
	O'Connor             	639	8680	1321	578	1619	1542
	Pearce               	390	5558	1891	683	1230	1137
	Perth                	782	5740	1568	390	1889	1778
	Stirling             	688	5851	2137	1023	1822	1685
	Swan                 	677	5096	1990	829	1975	1828
	Tangney              	352	5028	2551	1054	1116	979
							
WA  TOTAL             		7916	77149	27573	11469	21022	19446
							
							
South Australia                 							
	Adelaide             	882	5597	2547	892	2965	2780
	Barker               	491	4422	1930	896	2168	2095
	Bonython             	535	4380	1620	904	1439	1386
	Boothby              	465	4815	2519	738	2478	2329
	Grey                 	797	4422	1939	1049	2847	2775
	Hindmarsh            	456	6094	2305	923	3190	3065
	Kingston             	580	4196	2291	1368	1866	1787
	Makin                	467	5270	2000	1039	2301	2207
	Mayo                 	565	6287	2351	511	1702	1583
	Port Adelaide        	489	4186	2079	1169	2443	2383
	Sturt                	488	4765	2478	993	3151	3017
	Wakefield            	602	4893	1480	541	1918	1837
							
SA  TOTAL             		6817	59327	25539	11023	28468	27244
							
							
Tasmania                        							
	Bass                 	250	3020	2060	1308	1878	1819
	Braddon              	184	2855	1278	665	1852	1779
	Denison              	363	3599	2566	1558	2293	2186
	Franklin             	337	3782	1676	1057	1813	1745
	Lyons                	458	3697	1007	0	2158	2102
							
TAS TOTAL             		1592	16953	8587	4588	9994	9631
							
							
Australian Capital Territory    							
	Canberra             	1317	2564	14487	8195	2936	2476
	Fraser               	1675	1607	13697	8622	3282	2842
							
ACT TOTAL             		2992	4171	28184	16817	6218	5318
							
							
Northern Territory              							
	Northern Territory   	2620	0	5450	2611	2511	2351
							
NT  TOTAL             		2620	0	5450	2611	2511	2351
							
							
NATIONAL TOTAL        		112344	706753	377831	188098	337268	321757
							


