House of Representatives - 2001 Election: Victoria																																									
First Preference Votes and TCP																																									
By Candidate by Polling Place																																									

Isaacs (82675)																																									
	OAKLEY			BROOK			# CORCORAN			STANTON			GROVES			SHEPHERDSON			BUJEYA			FLETCHER			FORMAL			INFORMAL			TOTAL										
	Shirly			Patricia			Ann			Heather			John			Michael			Darren			Haydn												Two Candidate Preferred							
	IND			IND			ALP			CEC			HAN			LP			GRN			DEM												# CORCORAN ALP			 SHEPHERDSON LP				
Polling Places	Vote	%		Vote	%		Vote	%		Vote	%		Vote	%		Vote	%		Vote	%		Vote	%		Vote	%		Vote	%		Vote	%		Vote	%		Vote	%			
Aspendale	31	1.17		9	0.34		1046	39.34		10	0.38		40	1.50		1227	46.15		122	4.59		174	6.54		2659	96.03		110	3.97		2769	3.49		1314	49.42		1345	50.58			
Aspendale Gardens	25	0.96		12	0.46		1185	45.61		6	0.23		28	1.08		1064	40.95		67	2.58		211	8.12		2598	95.06		135	4.94		2733	3.44		1411	54.31		1187	45.69			
Aspendale North	9	0.98		5	0.54		319	34.67		0	0.00		18	1.96		441	47.93		80	8.70		48	5.22		920	95.63		42	4.37		962	1.21		436	47.39		484	52.61			
Beaumaris East (Isaacs)	19	0.82		12	0.52		809	34.90		5	0.22		18	0.78		1140	49.18		122	5.26		193	8.33		2318	95.79		102	4.21		2420	3.05		1048	45.21		1270	54.79			
Belvedere Park (Isaacs)	51	2.14		12	0.50		1160	48.58		11	0.46		48	2.01		867	36.31		109	4.56		130	5.44		2388	94.87		129	5.13		2517	3.17		1402	58.71		986	41.29			
Bonbeach	19	1.75		15	1.38		462	42.46		1	0.09		22	2.02		410	37.68		51	4.69		108	9.93		1088	95.19		55	4.81		1143	1.44		618	56.80		470	43.20			
Carrum	18	1.02		13	0.74		837	47.48		6	0.34		43	2.44		623	35.34		105	5.96		118	6.69		1763	96.29		68	3.71		1831	2.30		1051	59.61		712	40.39			
Carrum Downs	19	1.43		7	0.53		647	48.65		6	0.45		38	2.86		486	36.54		29	2.18		98	7.37		1330	95.34		65	4.66		1395	1.76		777	58.42		553	41.58
Chelsea	17	1.32		12	0.93		592	46.00		3	0.23		23	1.79		508	39.47		55	4.27		77	5.98		1287	94.01		82	5.99		1369	1.72		714	55.48		573	44.52
Chelsea Central	39	1.40		15	0.54		1334	47.75		7	0.25		40	1.43		993	35.54		165	5.91		201	7.19		2794	95.65		127	4.35		2921	3.68		1660	59.41		1134	40.59
Chelsea Heights	47	1.24		32	0.84		1773	46.79		9	0.24		62	1.64		1397	36.87		122	3.22		347	9.16		3789	94.58		217	5.42		4006	5.04		2195	57.93		1594	42.07
Cheltenham (Isaacs)	13	1.20		6	0.56		401	37.16		5	0.46		10	0.93		503	46.62		54	5.00		87	8.06		1079	96.43		40	3.57		1119	1.41		519	48.10		560	51.90
Cheltenham East (Isaacs)	4	0.90		4	0.90		200	44.94		4	0.90		3	0.67		200	44.94		9	2.02		21	4.72		445	94.48		26	5.52		471	0.59		230	51.69		215	48.31
Cheltenham South	14	1.22		14	1.22		423	36.75		3	0.26		10	0.87		537	46.66		62	5.39		88	7.65		1151	95.44		55	4.56		1206	1.52		541	47.00		610	53.00
Courtney Gardens	72	2.37		23	0.76		1418	46.60		10	0.33		54	1.77		1202	39.50		47	1.54		217	7.13		3043	94.89		164	5.11		3207	4.04		1692	55.60		1351	44.40
Cranbourne (Isaacs)	93	4.22		21	0.95		963	43.73		12	0.54		61	2.77		874	39.69		42	1.91		136	6.18		2202	94.71		123	5.29		2325	2.93		1193	54.18		1009	45.82
Cranbourne Park	99	3.18		48	1.54		1445	46.43		13	0.42		57	1.83		1205	38.72		72	2.31		173	5.56		3112	93.54		215	6.46		3327	4.19		1731	55.62		1381	44.38
Cranbourne West	84	3.14		20	0.75		1271	47.55		12	0.45		75	2.81		943	35.28		56	2.10		212	7.93		2673	94.92		143	5.08		2816	3.54		1568	58.66		1105	41.34
Edithvale	38	1.14		28	0.84		1385	41.72		10	0.30		55	1.66		1380	41.57		182	5.48		242	7.29		3320	96.29		128	3.71		3448	4.34		1768	53.25		1552	46.75
Lyndhurst	47	2.11		14	0.63		1052	47.13		5	0.22		33	1.48		851	38.13		42	1.88		188	8.42		2232	94.26		136	5.74		2368	2.98		1273	57.03		959	42.97
Lyrebird	62	1.99		56	1.80		1517	48.72		9	0.29		69	2.22		1125	36.13		75	2.41		201	6.45		3114	95.23		156	4.77		3270	4.12		1809	58.09		1305	41.91
Melbourne (Isaacs)	3	5.88		0	0.00		20	39.22		1	1.96		0	0.00		15	29.41		4	7.84		8	15.69		51	94.44		3	5.56		54	0.07		29	56.86		22	43.14
Mentone	26	1.13		17	0.74		802	34.75		2	0.09		27	1.17		1125	48.74		123	5.33		186	8.06		2308	96.41		86	3.59		2394	3.01		1057	45.80		1251	54.20
Mentone North	20	1.45		12	0.87		495	35.92		0	0.00		8	0.58		653	47.39		94	6.82		96	6.97		1378	95.30		68	4.70		1446	1.82		660	47.90		718	52.10			
Mordialloc East	28	1.41		8	0.40		877	44.07		3	0.15		23	1.16		753	37.84		136	6.83		162	8.14		1990	94.58		114	5.42		2104	2.65		1142	57.39		848	42.61			
Parkdale	25	0.90		6	0.21		982	35.18		8	0.29		31	1.11		1304	46.72		177	6.34		258	9.24		2791	95.58		129	4.42		2920	3.68		1332	47.72		1459	52.28			
Parkdale Central	12	0.88		9	0.66		541	39.81		2	0.15		27	1.99		585	43.05		58	4.27		125	9.20		1359	95.97		57	4.03		1416	1.78		696	51.21		663	48.79			
Parkdale East	37	1.48		11	0.44		980	39.11		2	0.08		29	1.16		1093	43.62		120	4.79		234	9.34		2506	95.54		117	4.46		2623	3.30		1260	50.28		1246	49.72			
Patterson Lakes	35	1.05		42	1.25		972	29.03		8	0.24		41	1.22		1919	57.32		108	3.23		223	6.66		3348	96.10		136	3.90		3484	4.39		1239	37.01		2109	62.99			
Rowellyn Park	35	1.27		21	0.76		1334	48.53		8	0.29		42	1.53		984	35.79		80	2.91		245	8.91		2749	95.19		139	4.81		2888	3.64		1606	58.42		1143	41.58			
Skye (Isaacs)	17	2.53		5	0.74		296	43.98		5	0.74		20	2.97		263	39.08		19	2.82		48	7.13		673	96.42		25	3.58		698	0.88		364	54.09		309	45.91			
Special Hospitals	9	2.09		6	1.39		188	43.62		3	0.70		1	0.23		211	48.96		3	0.70		10	2.32		431	94.10		27	5.90		458	0.58		211	48.96		220	51.04			
Total Ordinary	1067	1.64		515	0.79		27726	42.73		189	0.29		1056	1.63		26881	41.43		2590	3.99		4865	7.50		64889	95.27		3219	4.73		68108	85.73		34546	53.24		30343	46.76			
ABSENT	138	3.34		67	1.62		1545	37.43		32	0.78		133	3.22		1544	37.40		269	6.52		400	9.69		4128	93.67		279	6.33		4407	5.55		2185	52.93		1943	47.07			
POSTAL	52	1.51		25	0.73		1331	38.65		9	0.26		86	2.50		1721	49.97		79	2.29		141	4.09		3444	98.48		53	1.52		3497	4.40		1558	45.24		1886	54.76			
PRE_POLL	58	2.26		23	0.90		1031	40.26		8	0.31		63	2.46		1116	43.58		100	3.90		162	6.33		2561	96.61		90	3.39		2651	3.34		1295	50.57		1266	49.43			
PROVISIONAL	27	3.67		10	1.36		318	43.27		8	1.09		20	2.72		258	35.10		35	4.76		59	8.03		735	93.63		50	6.37		785	0.99		427	58.10		308	41.90			
Division Summary	1342	1.77		640	0.84		31951	42.18		246	0.32		1358	1.79		31520	41.61		3073	4.06		5627	7.43		75757	95.35		3691	4.65		79448	96.10		40011	52.81		35746	47.19			
																																									
																																						
																																						
																																						
																																						
