House of Representatives - 2001 Election: Victoria																																			
First Preference Votes and TCP 																																			
By Candidate by Polling Place																																			

Melbourne (95848)																																			
	# TANNER			FERRARI			JOLLY			CURR			FRANTZESKOS			MCKENNA			FORMAL			INFORMAL			TOTAL										
	Lindsay James			James Stephen			Stephen			Pamela			Con			Brent												Two Candidate Preferred							
	ALP									GRN			LP			DEM												# TANNER ALP			 FRANTZESKOS LP				
Polling Places	Vote	%		Vote	%		Vote	%		Vote	%		Vote	%		Vote	%		Vote	%		Vote	%		Vote	%		Vote	%		Vote	%			
Abbotsford	624	50.32		11	0.89		24	1.94		236	19.03		245	19.76		100	8.06		1240	96.88		40	3.13		1280	1.47		955	77.02		285	22.98			
Ascot Vale	435	75.00		3	0.52		2	0.34		34	5.86		74	12.76		32	5.52		580	93.10		43	6.90		623	0.71		491	84.66		89	15.34			
Ascot Vale Central	1107	54.11		10	0.49		31	1.52		125	6.11		615	30.06		158	7.72		2046	96.01		85	3.99		2131	2.44		1340	65.49		706	34.51			
Ascot Vale East	1061	54.66		19	0.98		25	1.29		199	10.25		503	25.91		134	6.90		1941	94.54		112	5.46		2053	2.35		1366	70.38		575	29.62			
Ascot Vale West	725	51.45		13	0.92		16	1.14		113	8.02		447	31.72		95	6.74		1409	95.59		65	4.41		1474	1.69		904	64.16		505	35.84			
Brunswick East	725	52.61		24	1.74		20	1.45		214	15.53		276	20.03		119	8.64		1378	95.03		72	4.97		1450	1.66		1056	76.63		322	23.37			
Brunswick South	587	58.35		10	0.99		14	1.39		145	14.41		182	18.09		68	6.76		1006	95.81		44	4.19		1050	1.20		789	78.43		217	21.57			
Brunswick South East	591	48.32		11	0.90		13	1.06		251	20.52		247	20.20		110	8.99		1223	96.68		42	3.32		1265	1.45		928	75.88		295	24.12
Brunswick South West	1132	51.50		6	0.27		47	2.14		288	13.10		562	25.57		163	7.42		2198	95.07		114	4.93		2312	2.65		1568	71.34		630	28.66
Carlton	1095	58.68		6	0.32		25	1.34		236	12.65		331	17.74		173	9.27		1866	94.91		100	5.09		1966	2.25		1454	77.92		412	22.08
Carlton Central	1020	42.03		10	0.41		55	2.27		577	23.77		503	20.73		262	10.80		2427	97.59		60	2.41		2487	2.85		1789	73.71		638	26.29
Carlton North	774	41.35		12	0.64		23	1.23		415	22.17		479	25.59		169	9.03		1872	96.74		63	3.26		1935	2.22		1307	69.82		565	30.18
Carlton South	380	39.83		5	0.52		4	0.42		176	18.45		287	30.08		102	10.69		954	98.15		18	1.85		972	1.11		612	64.15		342	35.85
Clifton Hill	785	44.96		9	0.52		35	2.00		375	21.48		363	20.79		179	10.25		1746	96.95		55	3.05		1801	2.07		1316	75.37		430	24.63
Collingwood	1215	60.15		8	0.40		52	2.57		310	15.35		280	13.86		155	7.67		2020	94.48		118	5.52		2138	2.45		1657	82.03		363	17.97
Collingwood North	773	44.86		10	0.58		39	2.26		383	22.23		325	18.86		193	11.20		1723	96.36		65	3.64		1788	2.05		1310	76.03		413	23.97
Delbridge	416	43.88		9	0.95		11	1.16		209	22.05		208	21.94		95	10.02		948	96.34		36	3.66		984	1.13		680	71.73		268	28.27
East Melbourne	450	25.67		12	0.68		13	0.74		246	14.03		883	50.37		149	8.50		1753	97.12		52	2.88		1805	2.07		770	43.92		983	56.08
Edward	1449	50.47		15	0.52		59	2.06		537	18.70		531	18.50		280	9.75		2871	95.38		139	4.62		3010	3.45		2226	77.53		645	22.47
Fitzroy	1043	58.40		11	0.62		44	2.46		300	16.80		234	13.10		154	8.62		1786	95.97		75	4.03		1861	2.13		1486	83.20		300	16.80
Fitzroy Central	234	36.28		3	0.47		21	3.26		171	26.51		148	22.95		68	10.54		645	97.29		18	2.71		663	0.76		458	71.01		187	28.99
Fitzroy East	901	42.48		10	0.47		23	1.08		622	29.33		329	15.51		236	11.13		2121	96.76		71	3.24		2192	2.51		1699	80.10		422	19.90
Fitzroy North	1275	43.63		8	0.27		83	2.84		765	26.18		516	17.66		275	9.41		2922	96.75		98	3.25		3020	3.46		2276	77.89		646	22.11
Flemington	1585	61.15		16	0.62		35	1.35		237	9.14		492	18.98		227	8.76		2592	95.40		125	4.60		2717	3.12		2005	77.35		587	22.65
Hotham Hill	730	75.57		4	0.41		6	0.62		72	7.45		121	12.53		33	3.42		966	94.80		53	5.20		1019	1.17		828	85.71		138	14.29
Kensington	1162	51.55		16	0.71		23	1.02		262	11.62		569	25.24		222	9.85		2254	96.08		92	3.92		2346	2.69		1558	69.12		696	30.88
Melbourne (Melbourne)	784	34.86		20	0.89		36	1.60		340	15.12		806	35.84		263	11.69		2249	97.40		60	2.60		2309	2.65		1309	58.20		940	41.80
Merri	592	48.01		4	0.32		21	1.70		275	22.30		228	18.49		113	9.16		1233	96.18		49	3.82		1282	1.47		949	76.97		284	23.03
Newmarket	1021	52.52		13	0.67		13	0.67		230	11.83		445	22.89		222	11.42		1944	95.53		91	4.47		2035	2.33		1404	72.22		540	27.78
North Melbourne	873	42.94		18	0.89		37	1.82		356	17.51		519	25.53		230	11.31		2033	96.63		71	3.37		2104	2.41		1398	68.77		635	31.23
North Melbourne Central	637	45.70		15	1.08		15	1.08		251	18.01		328	23.53		148	10.62		1394	96.87		45	3.13		1439	1.65		1004	72.02		390	27.98
Parkville	443	33.84		9	0.69		17	1.30		285	21.77		417	31.86		138	10.54		1309	97.83		29	2.17		1338	1.53		817	62.41		492	37.59
Richmond	1423	41.25		23	0.67		46	1.33		485	14.06		1143	33.13		330	9.57		3450	96.50		125	3.50		3575	4.10		2137	61.94		1313	38.06
Richmond Central	1033	50.54		7	0.34		12	0.59		218	10.67		547	26.76		227	11.11		2044	96.69		70	3.31		2114	2.42		1387	67.86		657	32.14
Richmond East	1232	46.39		9	0.34		38	1.43		310	11.67		860	32.38		207	7.79		2656	95.88		114	4.12		2770	3.18		1665	62.69		991	37.31
Richmond North	815	79.51		5	0.49		10	0.98		36	3.51		116	11.32		43	4.20		1025	95.53		48	4.47		1073	1.23		888	86.63		137	13.37
Richmond South	641	40.83		6	0.38		23	1.46		219	13.95		546	34.78		135	8.60		1570	97.64		38	2.36		1608	1.84		931	59.30		639	40.70
Richmond West	1006	75.81		3	0.23		26	1.96		64	4.82		164	12.36		64	4.82		1327	95.61		61	4.39		1388	1.59		1124	84.70		203	15.30
Special Hospitals	190	54.91		1	0.29		4	1.16		25	7.23		108	31.21		18	5.20		346	96.92		11	3.08		357	0.41		220	63.58		126	36.42
Prison Mobiles	1	100.00		0	0.00		0	0.00		0	0.00		0	0.00		0	0.00		1	100.00		0	0.00		1	0.00		1	100.00		0	0.00			
Total Ordinary	32965	49.15		404	0.60		1041	1.55		10592	15.79		15977	23.82		6089	9.08		67068	96.18		2667	3.82		69735	79.98		48062	71.66		19006	28.34			
ABSENT	3219	38.48		91	1.09		123	1.47		1477	17.65		2387	28.53		1069	12.78		8366	96.19		331	3.81		8697	9.97		5270	62.99		3096	37.01			
POSTAL	1235	45.96		18	0.67		26	0.97		230	8.56		971	36.14		207	7.70		2687	97.39		72	2.61		2759	3.16		1595	59.36		1092	40.64			
PRE_POLL	2120	43.37		38	0.78		59	1.21		707	14.46		1370	28.03		594	12.15		4888	97.04		149	2.96		5037	5.78		3206	65.59		1682	34.41			
PROVISIONAL	439	49.16		7	0.78		11	1.23		168	18.81		165	18.48		103	11.53		893	92.83		69	7.17		962	1.10		675	75.59		218	24.41			
Division Summary	39978	47.65		558	0.67		1260	1.50		13174	15.70		20870	24.87		8062	9.61		83902	96.23		3288	3.77		87190	90.97		58808	70.09		25094	29.91			
																																			
																																			
																																			
																																			
																																			
