House of Representatives - 2001 Election: Victoria																																																					
First Preference Votes and TCP 																																																					
By Candidate by Polling Place																																																					

Gippsland (83845)																																																					
	JAGO			FRESHWATER			MCCUBBIN			EVANS			BUCKLEY			THORPE			WILLIAMS			BOLITHO			TREASURE			# MCGAURAN			ROBINSON			AITKEN			FORMAL			INFORMAL			TOTAL										
	John			Michael			Jo			Phillip J			Ben			Marjorie			Frank			Bill			Doug			Peter			Phillip			Chris												Two Candidate Preferred							
	IND			HAN			DEM			IND			IND			IND			CEC			ALP			IND			NP			IND			GRN												 BOLITHO ALP			# MCGAURAN NP				
Polling Places	Vote	%		Vote	%		Vote	%		Vote	%		Vote	%		Vote	%		Vote	%		Vote	%		Vote	%		Vote	%		Vote	%		Vote	%		Vote	%		Vote	%		Vote	%		Vote	%		Vote	%			
Alberton	5	1.58		9	2.85		14	4.43		1	0.32		13	4.11		1	0.32		1	0.32		76	24.05		22	6.96		167	52.85		0	0.00		7	2.22		316	91.86		28	8.14		344	0.41		116	36.71		200	63.29			
Arawata	5	3.88		3	2.33		8	6.20		6	4.65		1	0.78		0	0.00		0	0.00		15	11.63		13	10.08		71	55.04		1	0.78		6	4.65		129	97.73		3	2.27		132	0.16		30	23.26		99	76.74			
Bairnsdale	31	1.61		97	5.04		98	5.10		116	6.03		38	1.98		42	2.18		14	0.73		510	26.52		92	4.78		749	38.95		21	1.09		115	5.98		1923	92.85		148	7.15		2071	2.47		898	46.70		1025	53.30			
Bairnsdale East	10	1.98		70	13.83		13	2.57		22	4.35		20	3.95		2	0.40		5	0.99		176	34.78		22	4.35		142	28.06		10	1.98		14	2.77		506	92.00		44	8.00		550	0.66		283	55.93		223	44.07			
Bairnsdale West	45	1.63		164	5.93		107	3.87		141	5.10		76	2.75		52	1.88		15	0.54		708	25.59		155	5.60		1215	43.91		23	0.83		66	2.39		2767	94.89		149	5.11		2916	3.48		1160	41.92		1607	58.08			
Bemm River	1	1.27		8	10.13		2	2.53		1	1.27		1	1.27		1	1.27		0	0.00		19	24.05		3	3.80		39	49.37		2	2.53		2	2.53		79	95.18		4	4.82		83	0.10		32	40.51		47	59.49			
Bena	2	0.96		9	4.33		4	1.92		7	3.37		1	0.48		1	0.48		1	0.48		25	12.02		9	4.33		139	66.83		4	1.92		6	2.88		208	95.85		9	4.15		217	0.26		50	24.04		158	75.96			
Benambra	1	0.77		1	0.77		1	0.77		2	1.54		19	14.62		1	0.77		0	0.00		13	10.00		5	3.85		86	66.15		1	0.77		0	0.00		130	95.59		6	4.41		136	0.16		26	20.00		104	80.00
Bendoc	3	3.57		12	14.29		1	1.19		2	2.38		6	7.14		2	2.38		0	0.00		9	10.71		4	4.76		43	51.19		0	0.00		2	2.38		84	95.45		4	4.55		88	0.10		28	33.33		56	66.67
Berrys Creek	0	0.00		3	2.83		2	1.89		0	0.00		3	2.83		3	2.83		0	0.00		3	2.83		7	6.60		76	71.70		0	0.00		9	8.49		106	95.50		5	4.50		111	0.13		11	10.38		95	89.62
Boisdale	2	1.10		8	4.42		14	7.73		4	2.21		2	1.10		1	0.55		0	0.00		24	13.26		25	13.81		90	49.72		1	0.55		10	5.52		181	94.27		11	5.73		192	0.23		61	33.70		120	66.30
Bonang	1	1.69		7	11.86		1	1.69		1	1.69		2	3.39		3	5.08		0	0.00		7	11.86		1	1.69		24	40.68		1	1.69		11	18.64		59	93.65		4	6.35		63	0.08		23	38.98		36	61.02
Briagolong	11	2.17		24	4.73		32	6.31		4	0.79		15	2.96		1	0.20		1	0.20		120	23.67		50	9.86		182	35.90		2	0.39		65	12.82		507	96.02		21	3.98		528	0.63		253	49.90		254	50.10
Bruthen	4	0.57		56	7.95		21	2.98		31	4.40		31	4.40		17	2.41		2	0.28		204	28.98		41	5.82		233	33.10		12	1.70		52	7.39		704	93.74		47	6.26		751	0.90		377	53.55		327	46.45
Buchan	2	0.85		13	5.56		7	2.99		5	2.14		4	1.71		7	2.99		0	0.00		84	35.90		15	6.41		88	37.61		0	0.00		9	3.85		234	94.35		14	5.65		248	0.30		112	47.86		122	52.14
Bundalaguah	8	2.90		12	4.35		16	5.80		6	2.17		3	1.09		2	0.72		1	0.36		43	15.58		26	9.42		154	55.80		0	0.00		5	1.81		276	94.85		15	5.15		291	0.35		73	26.45		203	73.55
Cann River	6	2.58		12	5.15		4	1.72		9	3.86		12	5.15		3	1.29		0	0.00		55	23.61		18	7.73		100	42.92		2	0.86		12	5.15		233	92.46		19	7.54		252	0.30		102	43.78		131	56.22
Cape Paterson	4	0.96		8	1.91		20	4.78		7	1.67		3	0.72		1	0.24		0	0.00		179	42.82		14	3.35		127	30.38		0	0.00		55	13.16		418	95.22		21	4.78		439	0.52		258	61.72		160	38.28
Carrajung South	2	1.71		6	5.13		6	5.13		0	0.00		3	2.56		1	0.85		0	0.00		20	17.09		17	14.53		48	41.03		0	0.00		14	11.97		117	97.50		3	2.50		120	0.14		47	40.17		70	59.83
Cobains	5	2.44		7	3.41		5	2.44		7	3.41		9	4.39		1	0.49		0	0.00		20	9.76		39	19.02		111	54.15		0	0.00		1	0.49		205	97.16		6	2.84		211	0.25		55	26.83		150	73.17
Coongulla	3	2.73		7	6.36		4	3.64		2	1.82		2	1.82		1	0.91		0	0.00		39	35.45		8	7.27		40	36.36		0	0.00		4	3.64		110	93.22		8	6.78		118	0.14		56	50.91		54	49.09
Cowwarr	2	0.84		15	6.30		8	3.36		4	1.68		7	2.94		1	0.42		0	0.00		58	24.37		13	5.46		121	50.84		3	1.26		6	2.52		238	96.36		9	3.64		247	0.29		92	38.66		146	61.34
Dargo	6	5.17		11	9.48		5	4.31		7	6.03		6	5.17		0	0.00		0	0.00		10	8.62		19	16.38		47	40.52		0	0.00		5	4.31		116	94.31		7	5.69		123	0.15		38	32.76		78	67.24
Denison	2	1.02		8	4.06		5	2.54		7	3.55		5	2.54		1	0.51		0	0.00		17	8.63		6	3.05		144	73.10		0	0.00		2	1.02		197	93.36		14	6.64		211	0.25		32	16.24		165	83.76
Devon North	5	1.96		13	5.10		5	1.96		2	0.78		4	1.57		1	0.39		1	0.39		35	13.73		22	8.63		152	59.61		1	0.39		14	5.49		255	94.10		16	5.90		271	0.32		65	25.49		190	74.51
Dudley	5	1.28		16	4.10		15	3.85		1	0.26		2	0.51		0	0.00		1	0.26		164	42.05		9	2.31		144	36.92		3	0.77		30	7.69		390	95.12		20	4.88		410	0.49		217	55.64		173	44.36
Dumbalk	5	1.39		23	6.41		10	2.79		5	1.39		1	0.28		0	0.00		0	0.00		37	10.31		21	5.85		221	61.56		1	0.28		35	9.75		359	95.48		17	4.52		376	0.45		98	27.30		261	72.70
Eagle Point	3	0.55		40	7.31		24	4.39		14	2.56		8	1.46		12	2.19		1	0.18		156	28.52		24	4.39		242	44.24		11	2.01		12	2.19		547	96.30		21	3.70		568	0.68		243	44.42		304	55.58
Ellaswood	4	2.56		16	10.26		4	2.56		12	7.69		4	2.56		3	1.92		1	0.64		25	16.03		10	6.41		64	41.03		0	0.00		13	8.33		156	97.50		4	2.50		160	0.19		57	36.54		99	63.46
Ensay	0	0.00		20	14.39		7	5.04		1	0.72		4	2.88		0	0.00		1	0.72		17	12.23		4	2.88		77	55.40		0	0.00		8	5.76		139	98.58		2	1.42		141	0.17		46	33.09		93	66.91
Fernbank	0	0.00		15	20.27		1	1.35		4	5.41		2	2.70		0	0.00		0	0.00		10	13.51		3	4.05		38	51.35		1	1.35		0	0.00		74	97.37		2	2.63		76	0.09		19	25.68		55	74.32
Fish Creek	4	0.68		36	6.09		12	2.03		4	0.68		3	0.51		3	0.51		0	0.00		90	15.23		33	5.58		321	54.31		3	0.51		82	13.87		591	93.66		40	6.34		631	0.75		202	34.18		389	65.82
Foster	10	0.77		61	4.71		42	3.24		8	0.62		14	1.08		13	1.00		3	0.23		314	24.23		43	3.32		568	43.83		2	0.15		218	16.82		1296	94.95		69	5.05		1365	1.63		572	44.14		724	55.86
Genoa	0	0.00		1	1.20		3	3.61		3	3.61		2	2.41		2	2.41		0	0.00		22	26.51		5	6.02		40	48.19		2	2.41		3	3.61		83	94.32		5	5.68		88	0.10		34	40.96		49	59.04
Glengarry	7	1.02		82	11.94		32	4.66		7	1.02		10	1.46		2	0.29		1	0.15		187	27.22		38	5.53		298	43.38		1	0.15		22	3.20		687	94.24		42	5.76		729	0.87		311	45.27		376	54.73
Glenmaggie	1	1.02		4	4.08		2	2.04		4	4.08		3	3.06		0	0.00		0	0.00		25	25.51		7	7.14		48	48.98		0	0.00		4	4.08		98	94.23		6	5.77		104	0.12		34	34.69		64	65.31
Golden Beach	4	2.06		13	6.70		6	3.09		2	1.03		2	1.03		2	1.03		0	0.00		87	44.85		4	2.06		61	31.44		5	2.58		8	4.12		194	93.27		14	6.73		208	0.25		115	59.28		79	40.72
Gormandale	6	1.83		22	6.71		12	3.66		8	2.44		9	2.74		6	1.83		1	0.30		54	16.46		22	6.71		149	45.43		2	0.61		37	11.28		328	93.71		22	6.29		350	0.42		120	36.59		208	63.41
Heyfield	34	2.82		67	5.55		37	3.07		16	1.33		14	1.16		4	0.33		2	0.17		357	29.58		71	5.88		585	48.47		2	0.17		18	1.49		1207	93.42		85	6.58		1292	1.54		522	43.25		685	56.75
Inverloch	26	1.16		86	3.84		107	4.78		25	1.12		15	0.67		25	1.12		2	0.09		777	34.70		78	3.48		843	37.65		5	0.22		250	11.17		2239	93.80		148	6.20		2387	2.85		1164	51.99		1075	48.01
Johnsonville	10	1.86		57	10.61		16	2.98		15	2.79		6	1.12		3	0.56		4	0.74		121	22.53		22	4.10		265	49.35		0	0.00		18	3.35		537	96.41		20	3.59		557	0.66		213	39.66		324	60.34
Kilmany	3	2.65		8	7.08		8	7.08		0	0.00		2	1.77		1	0.88		0	0.00		10	8.85		7	6.19		71	62.83		1	0.88		2	1.77		113	93.39		8	6.61		121	0.14		29	25.66		84	74.34
Kongwak	4	1.85		6	2.78		2	0.93		3	1.39		1	0.46		1	0.46		0	0.00		38	17.59		16	7.41		128	59.26		1	0.46		16	7.41		216	93.51		15	6.49		231	0.28		66	30.56		150	69.44
Koonwarra	3	1.06		11	3.90		11	3.90		4	1.42		1	0.35		0	0.00		1	0.35		26	9.22		13	4.61		167	59.22		0	0.00		45	15.96		282	95.59		13	4.41		295	0.35		78	27.66		204	72.34
Korumburra	50	2.19		98	4.30		87	3.82		26	1.14		8	0.35		17	0.75		2	0.09		643	28.21		77	3.38		1099	48.22		5	0.22		167	7.33		2279	92.12		195	7.88		2474	2.95		949	41.64		1330	58.36
Lakes Entrance	33	1.01		188	5.74		126	3.84		41	1.25		53	1.62		104	3.17		16	0.49		935	28.52		119	3.63		1544	47.10		36	1.10		83	2.53		3278	93.47		229	6.53		3507	4.18		1378	42.04		1900	57.96
Leongatha	49	1.50		103	3.16		106	3.26		26	0.80		19	0.58		9	0.28		5	0.15		659	20.24		139	4.27		1793	55.07		13	0.40		335	10.29		3256	95.18		165	4.82		3421	4.08		1114	34.21		2142	65.79
Leongatha South	1	0.60		5	3.01		2	1.20		0	0.00		0	0.00		2	1.20		0	0.00		15	9.04		10	6.02		121	72.89		0	0.00		10	6.02		166	94.86		9	5.14		175	0.21		27	16.27		139	83.73
Lindenow	7	0.95		48	6.52		16	2.17		72	9.78		17	2.31		5	0.68		4	0.54		117	15.90		74	10.05		355	48.23		7	0.95		14	1.90		736	95.34		36	4.66		772	0.92		248	33.70		488	66.30
Loch	6	2.44		8	3.25		6	2.44		5	2.03		1	0.41		1	0.41		1	0.41		33	13.41		11	4.47		147	59.76		3	1.22		24	9.76		246	90.77		25	9.23		271	0.32		75	30.49		171	69.51
Loch Sport	11	2.19		41	8.15		28	5.57		12	2.39		3	0.60		1	0.20		1	0.20		188	37.38		32	6.36		180	35.79		1	0.20		5	0.99		503	92.98		38	7.02		541	0.65		256	50.89		247	49.11
Longford	13	2.19		48	8.09		41	6.91		6	1.01		7	1.18		7	1.18		0	0.00		123	20.74		41	6.91		294	49.58		1	0.17		12	2.02		593	94.73		33	5.27		626	0.75		218	36.76		375	63.24
Lucknow	13	1.03		104	8.23		48	3.80		63	4.99		39	3.09		15	1.19		3	0.24		291	23.04		80	6.33		552	43.71		20	1.58		35	2.77		1263	95.61		58	4.39		1321	1.58		511	40.46		752	59.54
Maffra	77	2.93		97	3.70		105	4.00		45	1.71		25	0.95		20	0.76		6	0.23		695	26.49		209	7.96		1281	48.82		3	0.11		61	2.32		2624	94.35		157	5.65		2781	3.32		1038	39.56		1586	60.44
Mallacoota	7	1.12		22	3.51		47	7.51		7	1.12		5	0.80		7	1.12		1	0.16		187	29.87		29	4.63		226	36.10		1	0.16		87	13.90		626	94.70		35	5.30		661	0.79		323	51.60		303	48.40
Mardan	4	3.92		2	1.96		2	1.96		0	0.00		1	0.98		1	0.98		0	0.00		7	6.86		7	6.86		74	72.55		0	0.00		4	3.92		102	99.03		1	0.97		103	0.12		19	18.63		83	81.37
Marlo	3	0.95		20	6.31		10	3.15		7	2.21		8	2.52		4	1.26		0	0.00		105	33.12		15	4.73		131	41.32		1	0.32		13	4.10		317	94.07		20	5.93		337	0.40		147	46.37		170	53.63
Meeniyan	7	0.99		52	7.39		9	1.28		1	0.14		10	1.42		2	0.28		2	0.28		144	20.45		41	5.82		356	50.57		1	0.14		79	11.22		704	94.50		41	5.50		745	0.89		267	37.93		437	62.07
Meerlieu	3	2.31		5	3.85		8	6.15		11	8.46		0	0.00		2	1.54		0	0.00		15	11.54		15	11.54		69	53.08		1	0.77		1	0.77		130	97.74		3	2.26		133	0.16		39	30.00		91	70.00
Melbourne (Gippsland)	1	1.49		2	2.99		9	13.43		0	0.00		0	0.00		0	0.00		0	0.00		10	14.93		3	4.48		31	46.27		2	2.99		9	13.43		67	97.10		2	2.90		69	0.08		28	41.79		39	58.21
Metung	2	0.37		17	3.13		30	5.51		4	0.74		3	0.55		9	1.65		0	0.00		118	21.69		20	3.68		301	55.33		6	1.10		34	6.25		544	95.94		23	4.06		567	0.68		198	36.40		346	63.60
Mirboo North	23	1.70		70	5.17		71	5.24		27	1.99		4	0.30		14	1.03		0	0.00		396	29.25		73	5.39		541	39.96		5	0.37		130	9.60		1354	93.19		99	6.81		1453	1.73		649	47.93		705	52.07
Mount Eccles	3	2.21		5	3.68		8	5.88		2	1.47		4	2.94		0	0.00		0	0.00		20	14.71		23	16.91		60	44.12		3	2.21		8	5.88		136	97.14		4	2.86		140	0.17		39	28.68		97	71.32
Nambrok	6	2.83		10	4.72		5	2.36		8	3.77		3	1.42		2	0.94		3	1.42		10	4.72		12	5.66		148	69.81		3	1.42		2	0.94		212	94.64		12	5.36		224	0.27		35	16.51		177	83.49
Nerrena	1	0.67		6	4.00		1	0.67		1	0.67		1	0.67		1	0.67		0	0.00		16	10.67		5	3.33		103	68.67		0	0.00		15	10.00		150	95.54		7	4.46		157	0.19		27	18.00		123	82.00
Newmerella	0	0.00		16	5.80		9	3.26		12	4.35		8	2.90		6	2.17		1	0.36		55	19.93		16	5.80		150	54.35		1	0.36		2	0.72		276	94.85		15	5.15		291	0.35		85	30.80		191	69.20
Newry	5	1.98		12	4.76		10	3.97		3	1.19		4	1.59		0	0.00		1	0.40		28	11.11		19	7.54		163	64.68		0	0.00		7	2.78		252	95.82		11	4.18		263	0.31		58	23.02		194	76.98
Nicholson	15	2.33		64	9.94		22	3.42		23	3.57		9	1.40		6	0.93		5	0.78		166	25.78		46	7.14		243	37.73		10	1.55		35	5.43		644	97.13		19	2.87		663	0.79		311	48.29		333	51.71
Nowa Nowa	1	0.51		30	15.23		9	4.57		6	3.05		5	2.54		6	3.05		1	0.51		42	21.32		10	5.08		75	38.07		0	0.00		12	6.09		197	90.78		20	9.22		217	0.26		91	46.19		106	53.81
Nungurner	1	0.58		16	9.36		7	4.09		9	5.26		3	1.75		2	1.17		0	0.00		38	22.22		18	10.53		68	39.77		1	0.58		8	4.68		171	93.96		11	6.04		182	0.22		80	46.78		91	53.22
Omeo	2	0.65		11	3.58		6	1.95		6	1.95		39	12.70		1	0.33		2	0.65		57	18.57		23	7.49		147	47.88		4	1.30		9	2.93		307	95.64		14	4.36		321	0.38		112	36.48		195	63.52
Orbost	22	1.60		103	7.49		19	1.38		35	2.54		24	1.74		20	1.45		1	0.07		402	29.22		46	3.34		661	48.04		20	1.45		23	1.67		1376	92.72		108	7.28		1484	1.77		592	43.02		784	56.98
Paynesville	24	1.14		129	6.12		62	2.94		69	3.27		25	1.19		19	0.90		6	0.28		588	27.88		69	3.27		999	47.37		53	2.51		66	3.13		2109	94.87		114	5.13		2223	2.65		888	42.11		1221	57.89
Poowong	13	2.57		30	5.93		31	6.13		0	0.00		2	0.40		6	1.19		1	0.20		77	15.22		29	5.73		296	58.50		1	0.20		20	3.95		506	94.93		27	5.07		533	0.64		143	28.26		363	71.74
Port Albert	13	6.28		7	3.38		7	3.38		5	2.42		8	3.86		2	0.97		1	0.48		72	34.78		18	8.70		70	33.82		2	0.97		2	0.97		207	92.41		17	7.59		224	0.27		105	50.72		102	49.28
Port Franklin	0	0.00		5	4.42		7	6.19		2	1.77		1	0.88		1	0.88		0	0.00		17	15.04		14	12.39		56	49.56		0	0.00		10	8.85		113	96.58		4	3.42		117	0.14		34	30.09		79	69.91
Rosedale	17	1.84		68	7.37		52	5.63		25	2.71		9	0.98		7	0.76		2	0.22		286	30.99		42	4.55		394	42.69		3	0.33		18	1.95		923	93.90		60	6.10		983	1.23		436	47.24		487	52.76
Sale	141	4.45		105	3.32		253	7.99		34	1.07		31	0.98		18	0.57		15	0.47		767	24.23		193	6.10		1471	46.48		10	0.32		127	4.01		3165	93.53		219	6.47		3384	4.22		1294	40.88		1871	59.12
Sale East	84	4.19		55	2.74		145	7.23		27	1.35		10	0.50		14	0.70		5	0.25		419	20.90		105	5.24		1082	53.97		5	0.25		54	2.69		2005	95.84		87	4.16		2092	2.61		647	32.27		1358	67.73
Sale North	70	3.35		110	5.26		135	6.45		22	1.05		30	1.43		12	0.57		8	0.38		630	30.11		143	6.84		867	41.44		11	0.53		54	2.58		2092	94.83		114	5.17		2206	2.75		963	46.03		1129	53.97
Seaspray	4	1.52		16	6.06		12	4.55		8	3.03		4	1.52		0	0.00		1	0.38		72	27.27		28	10.61		111	42.05		1	0.38		7	2.65		264	94.29		16	5.71		280	0.35		108	40.91		156	59.09
Staceys Bridge	3	2.27		3	2.27		7	5.30		3	2.27		2	1.52		1	0.76		0	0.00		5	3.79		12	9.09		87	65.91		0	0.00		9	6.82		132	95.65		6	4.35		138	0.17		21	15.91		111	84.09
Stradbroke	5	3.73		8	5.97		6	4.48		0	0.00		1	0.75		0	0.00		0	0.00		27	20.15		15	11.19		68	50.75		1	0.75		3	2.24		134	98.53		2	1.47		136	0.17		50	37.31		84	62.69
Stratford	37	2.66		63	4.53		56	4.02		24	1.72		10	0.72		20	1.44		0	0.00		278	19.97		283	20.33		583	41.88		5	0.36		33	2.37		1392	94.50		81	5.50		1473	1.84		560	40.23		832	59.77
Swifts Creek	6	2.26		24	9.02		14	5.26		6	2.26		14	5.26		0	0.00		0	0.00		79	29.70		11	4.14		102	38.35		1	0.38		9	3.38		266	96.03		11	3.97		277	0.35		124	46.62		142	53.38
Tarwin Lower	8	1.35		27	4.56		20	3.38		6	1.01		3	0.51		3	0.51		0	0.00		167	28.21		16	2.70		272	45.95		3	0.51		67	11.32		592	93.23		43	6.77		635	0.79		263	44.43		329	55.57
Tinamba	3	1.24		7	2.89		11	4.55		8	3.31		1	0.41		1	0.41		1	0.41		23	9.50		19	7.85		161	66.53		1	0.41		6	2.48		242	92.72		19	7.28		261	0.33		46	19.01		196	80.99
Toongabbie	8	1.90		37	8.77		23	5.45		3	0.71		2	0.47		5	1.18		1	0.24		149	35.31		11	2.61		170	40.28		0	0.00		13	3.08		422	92.75		33	7.25		455	0.57		216	51.18		206	48.82			
Toora	7	1.35		37	7.16		12	2.32		6	1.16		9	1.74		0	0.00		1	0.19		123	23.79		33	6.38		233	45.07		1	0.19		55	10.64		517	93.66		35	6.34		552	0.69		219	42.36		298	57.64			
Toorloo Arm	8	1.43		45	8.04		19	3.39		6	1.07		9	1.61		14	2.50		3	0.54		172	30.71		19	3.39		231	41.25		5	0.89		29	5.18		560	97.05		17	2.95		577	0.72		280	50.00		280	50.00			
Valencia Creek	4	3.23		11	8.87		9	7.26		1	0.81		3	2.42		1	0.81		1	0.81		20	16.13		10	8.06		56	45.16		1	0.81		7	5.65		124	96.12		5	3.88		129	0.16		44	35.48		80	64.52			
Welshpool	10	1.88		35	6.58		9	1.69		8	1.50		13	2.44		7	1.32		2	0.38		115	21.62		32	6.02		271	50.94		2	0.38		28	5.26		532	92.84		41	7.16		573	0.71		196	36.84		336	63.16			
Wonthaggi	53	2.80		72	3.80		57	3.01		27	1.43		11	0.58		13	0.69		7	0.37		919	48.52		55	2.90		559	29.51		7	0.37		114	6.02		1894	93.48		132	6.52		2026	2.53		1197	63.20		697	36.80			
Wonthaggi North	43	2.42		72	4.05		66	3.71		25	1.41		11	0.62		8	0.45		9	0.51		755	42.49		47	2.64		645	36.30		18	1.01		78	4.39		1777	91.60		163	8.40		1940	2.42		1000	56.27		777	43.73			
Won Wron	2	1.89		8	7.55		4	3.77		7	6.60		4	3.77		1	0.94		0	0.00		18	16.98		10	9.43		46	43.40		1	0.94		5	4.72		106	92.98		8	7.02		114	0.14		44	41.51		62	58.49			
Woodside	19	5.59		41	12.06		8	2.35		0	0.00		6	1.76		0	0.00		1	0.29		77	22.65		40	11.76		132	38.82		5	1.47		11	3.24		340	94.97		18	5.03		358	0.45		158	46.47		182	53.53			
Wurruk	8	2.29		16	4.57		10	2.86		5	1.43		3	0.86		2	0.57		0	0.00		85	24.29		23	6.57		187	53.43		3	0.86		8	2.29		350	94.85		19	5.15		369	0.46		128	36.57		222	63.43			
Wy Yung	7	0.95		36	4.88		26	3.53		40	5.43		25	3.39		9	1.22		3	0.41		117	15.88		35	4.75		411	55.77		3	0.41		25	3.39		737	95.96		31	4.04		768	0.96		224	30.39		513	69.61			
Yanakie	1	0.60		14	8.33		7	4.17		2	1.19		0	0.00		1	0.60		0	0.00		35	20.83		7	4.17		85	50.60		0	0.00		16	9.52		168	94.92		9	5.08		177	0.22		62	36.90		106	63.10			
Yarram	59	4.19		62	4.40		26	1.85		23	1.63		34	2.41		8	0.57		1	0.07		378	26.85		62	4.40		689	48.93		5	0.36		61	4.33		1408	94.12		88	5.88		1496	1.86		585	41.55		823	58.45			
Special Hospitals	22	4.57		4	0.83		7	1.46		7	1.46		5	1.04		2	0.42		1	0.21		119	24.74		16	3.33		294	61.12		1	0.21		3	0.62		481	93.76		32	6.24		513	0.64		153	31.81		328	68.19			
Total Ordinary	1340	2.04		3517	5.35		2702	4.11		1387	2.11		978	1.49		662	1.01		184	0.28		17090	26.01		3686	5.61		30259	46.06		421	0.64		3475	5.29		65701	94.25		4009	5.75		69710	86.88		27520	41.89		38181	58.11			
ABSENT	110	2.79		173	4.39		305	7.74		70	1.78		114	2.89		50	1.27		15	0.38		965	24.50		212	5.38		1492	37.88		28	0.71		405	10.28		3939	93.63		268	6.37		4207	5.24		1834	46.56		2105	53.44			
POSTAL	44	1.77		158	6.35		111	4.46		46	1.85		68	2.73		31	1.25		4	0.16		598	24.05		127	5.11		1164	46.80		13	0.52		123	4.95		2487	97.68		59	2.32		2546	3.17		962	38.68		1525	61.32			
PRE_POLL	69	2.09		200	6.07		194	5.89		43	1.31		81	2.46		36	1.09		16	0.49		724	21.97		201	6.10		1525	46.28		23	0.70		183	5.55		3295	96.43		122	3.57		3417	4.26		1302	39.51		1993	60.49			
PROVISIONAL	16	4.83		18	5.44		19	5.74		5	1.51		8	2.42		12	3.63		2	0.60		92	27.79		23	6.95		115	34.74		2	0.60		19	5.74		331	92.72		26	7.28		357	0.44		157	47.43		174	52.57			
Division Summary	1579	2.08		4066	5.37		3331	4.40		1551	2.05		1249	1.65		791	1.04		221	0.29		19469	25.70		4249	5.61		34555	45.62		487	0.64		4205	5.55		75753	94.41		4484	5.59		80237	95.70		31775	41.95		43978	58.05			
																																																					
																																																					
																																																					
																																																					
																																																					
