House of Representatives - 2001 Election: Victoria																																
First Preference Votes and TCP 																																
By Candidate by Polling Place																																

Melbourne Ports (89113)																																
	CHIPP			BECK			# DANBY			KAVANAGH			MCLORINAN			FORMAL			INFORMAL			TOTAL										
	Greg			Jeremy			Michael			Jeannette			Andrew												Two Candidate Preferred							
	DEM			CEC			ALP			GRN			LP												# DANBY ALP			 MCLORINAN LP				
Polling Places	Vote	%		Vote	%		Vote	%		Vote	%		Vote	%		Vote	%		Vote	%		Vote	%		Vote	%		Vote	%			
Alfred Hospital	39	10.57		1	0.27		123	33.33		29	7.86		177	47.97		369	97.11		11	2.89		380	0.47		174	47.15		195	52.85			
Argyle	81	7.69		6	0.57		542	51.42		155	14.71		270	25.62		1054	95.21		53	4.79		1107	1.35		751	71.25		303	28.75			
Bridport	167	7.09		12	0.51		1061	45.05		234	9.94		881	37.41		2355	97.76		54	2.24		2409	2.95		1377	58.47		978	41.53			
Camden	178	8.43		4	0.19		770	36.48		155	7.34		1004	47.56		2111	95.95		89	4.05		2200	2.69		1039	49.22		1072	50.78			
Caulfield	123	6.85		3	0.17		659	36.69		92	5.12		919	51.17		1796	96.15		72	3.85		1868	2.29		817	45.49		979	54.51			
Caulfield East	166	7.89		4	0.19		809	38.43		164	7.79		962	45.70		2105	95.94		89	4.06		2194	2.69		1067	50.69		1038	49.31			
Caulfield North	194	7.76		7	0.28		834	33.36		180	7.20		1285	51.40		2500	95.71		112	4.29		2612	3.20		1110	44.40		1390	55.60			
Caulfield South	137	8.49		9	0.56		586	36.31		128	7.93		754	46.72		1614	95.33		79	4.67		1693	2.07		792	49.07		822	50.93
Caulfield Upper	207	8.38		4	0.16		920	37.25		220	8.91		1119	45.30		2470	96.67		85	3.33		2555	3.13		1259	50.97		1211	49.03
Caulfield West	89	7.79		1	0.09		379	33.19		85	7.44		588	51.49		1142	97.27		32	2.73		1174	1.44		501	43.87		641	56.13
Elsternwick	345	10.86		11	0.35		1231	38.74		322	10.13		1269	39.93		3178	96.68		109	3.32		3287	4.02		1764	55.51		1414	44.49
Elsternwick North	66	6.57		1	0.10		446	44.38		104	10.35		388	38.61		1005	96.63		35	3.37		1040	1.27		579	57.61		426	42.39
Elwood	308	11.83		8	0.31		905	34.75		420	16.13		963	36.98		2604	97.13		77	2.87		2681	3.28		1506	57.83		1098	42.17
Elwood North	345	11.58		7	0.23		1140	38.27		506	16.99		981	32.93		2979	97.42		79	2.58		3058	3.74		1830	61.43		1149	38.57
Emerald Hill	210	9.40		6	0.27		858	38.39		220	9.84		941	42.10		2235	96.67		77	3.33		2312	2.83		1191	53.29		1044	46.71
Fawkner Park (Melbourne Ports)	201	8.97		11	0.49		583	26.03		248	11.07		1197	53.44		2240	97.73		52	2.27		2292	2.81		928	41.43		1312	58.57
Graham	108	6.98		3	0.19		702	45.38		118	7.63		616	39.82		1547	96.75		52	3.25		1599	1.96		878	56.76		669	43.24
Kerferd	306	7.13		13	0.30		1495	34.85		502	11.70		1974	46.01		4290	97.43		113	2.57		4403	5.39		2124	49.51		2166	50.49
Melbourne (Melbourne Ports)	107	14.12		0	0.00		234	30.87		97	12.80		320	42.22		758	96.32		29	3.68		787	0.96		385	50.79		373	49.21
Middle Park	0	0.00		0	0.00		0	0.00		0	0.00		0	0.00		0	0.00		0	0.00		0	******		0	0.00		0	0.00
Port Melbourne	236	7.74		6	0.20		1316	43.13		284	9.31		1209	39.63		3051	96.83		100	3.17		3151	3.86		1732	56.77		1319	43.23
Redan Central	152	10.40		9	0.62		580	39.67		243	16.62		478	32.69		1462	96.57		52	3.43		1514	1.85		901	61.63		561	38.37
Ripponlea East	90	8.36		7	0.65		417	38.72		121	11.23		442	41.04		1077	95.82		47	4.18		1124	1.38		598	55.52		479	44.48
Ripponlea North	143	9.81		6	0.41		654	44.89		207	14.21		447	30.68		1457	96.62		51	3.38		1508	1.85		955	65.55		502	34.45			
St Kilda	476	12.25		16	0.41		1661	42.74		629	16.19		1104	28.41		3886	96.31		149	3.69		4035	4.94		2578	66.34		1308	33.66			
St Kilda Beach	205	12.09		9	0.53		713	42.06		328	19.35		440	25.96		1695	96.36		64	3.64		1759	2.15		1156	68.20		539	31.80			
St Kilda North	265	13.67		6	0.31		801	41.31		247	12.74		620	31.98		1939	96.47		71	3.53		2010	2.46		1234	63.64		705	36.36			
St Kilda Park	200	10.29		7	0.36		759	39.04		367	18.88		611	31.43		1944	96.43		72	3.57		2016	2.47		1241	63.84		703	36.16			
St Kilda South	208	10.62		6	0.31		863	44.08		330	16.85		551	28.14		1958	96.17		78	3.83		2036	2.49		1325	67.67		633	32.33			
Sandridge	49	4.77		2	0.19		714	69.52		40	3.89		222	21.62		1027	95.36		50	4.64		1077	1.32		783	76.24		244	23.76			
South Melbourne	235	8.34		17	0.60		1138	40.38		265	9.40		1163	41.27		2818	96.18		112	3.82		2930	3.59		1526	54.15		1292	45.85			
Special Hospitals	11	3.49		5	1.59		152	48.25		3	0.95		144	45.71		315	97.52		8	2.48		323	0.40		168	53.33		147	46.67			
Total Ordinary	5647	9.26		207	0.34		24045	39.43		7043	11.55		24039	39.42		60981	96.59		2153	3.41		63134	77.27		34269	56.20		26712	43.80			
ABSENT	811	13.00		40	0.64		1906	30.55		967	15.50		2515	40.31		6239	96.52		225	3.48		6464	7.91		3218	51.58		3021	48.42			
POSTAL	289	5.26		27	0.49		2524	45.92		248	4.51		2409	43.82		5497	98.57		80	1.43		5577	6.83		2938	53.45		2559	46.55			
PRE_POLL	495	8.78		26	0.46		2377	42.16		546	9.68		2194	38.91		5638	97.24		160	2.76		5798	7.10		3179	56.39		2459	43.61			
PROVISIONAL	86	12.57		5	0.73		258	37.72		108	15.79		227	33.19		684	93.96		44	6.04		728	0.89		414	60.53		270	39.47			
Division Summary	7328	9.27		305	0.39		31110	39.36		8912	11.28		31384	39.71		79039	96.74		2662	3.26		81701	91.68		44018	55.69		35021	44.31			
																																
																													
																													
																													
																													
