House of Representatives - 2001 Election: Victoria							
Swing to ALP							
By Division by Polling Place						
							
Aston							
							
Polling Place	Formal	BOLAND		PEARCE		Swing	
	Votes	(ALP)	%	(LP)	%	%	
Bayswater	2460	1298	52.76	1162	47.24	-0.59	
Bayswater South	1252	601	48.00	651	52.00	-2.25	
Bayswater West	1858	870	46.82	988	53.18	-2.05	
Blackwood Park	1417	648	45.73	769	54.27	-4.71	
Charlesworth Park	3332	1407	42.23	1925	57.77	0.76	
Eastmont	1722	704	40.88	1018	59.12	-4.27	
Flamingo	2142	824	38.47	1318	61.53	-2.64	
Heany Park	3959	1735	43.82	2224	56.18	1.49	
Heathmont (Aston)	834	338	40.53	496	59.47	-1.35
Heathmont East	1126	452	40.14	674	59.86	-2.77
Heathmont High	1491	625	41.92	866	58.08	0.09
Karoo	2199	969	44.07	1230	55.93	-1.78
Knox Gardens	3026	1310	43.29	1716	56.71	-0.72
Knoxfield	3143	1516	48.23	1627	51.77	-1.99
Knoxfield North	1464	642	43.85	822	56.15	-4.10
Lysterfield	1610	607	37.70	1003	62.30	-1.44
Melbourne (Aston)	48	21	43.75	27	56.25	-15.51
Morack	2243	903	40.26	1340	59.74	-0.32
Mountain Gate	3478	1680	48.30	1798	51.70	-2.89
Park Ridge	2186	986	45.11	1200	54.89	-0.39
Parkmore	2544	1259	49.49	1285	50.51	-2.99
Rowville	4292	1908	44.45	2384	55.55	-2.02
Rowville East	3194	1423	44.55	1771	55.45	-2.13
Scoresby	2959	1383	46.74	1576	53.26	-3.89
Scoresby East	1156	458	39.62	698	60.38	-10.13	
Special Hospital Team 1	76	21	27.63	55	72.37	-19.27	
Special Hospital Team 2	82	18	21.95	64	78.05	-6.43	
Special Hospital Team 3	92	35	38.04	57	61.96	-	
Studfield East	2897	1432	49.43	1465	50.57	-1.71	
Templeton	1897	891	46.97	1006	53.03	-3.61	
Vermont	834	353	42.33	481	57.67	0.42	
Wantirna	2053	858	41.79	1195	58.21	-5.44	
Wantirna Heights	1267	534	42.15	733	57.85	-4.58	
Wantirna High	3212	1326	41.28	1886	58.72	-1.01	
Wantirna South	2382	1021	42.86	1361	57.14	-0.92	
Weeden Heights	2506	1017	40.58	1489	59.42	-1.51	
ABSENT	4023	1765	43.87	2258	56.13	-	
POSTAL	5037	1917	38.06	3120	61.94	-	
PRE POLL	2919	1242	42.55	1677	57.45	-	
PROVISIONAL	208	92	44.23	116	55.77	-	
Division Total	84620	37089	43.83	47531	56.17	-1.93	
							
							
Ballarat							
							
Polling Place	Formal	KING		COLLINS		Swing	
	Votes	(ALP)	%	(LP)	%	%	
Alfredton	567	257	45.33	310	54.67	1.67	
Alfredton West	2304	856	37.15	1448	62.85	4.91	
Amphitheatre	180	66	36.67	114	63.33	5.16	
Ascot	161	40	24.84	121	75.16	9.52	
Avoca	827	408	49.33	419	50.67	9.61	
Ballan	1662	971	58.42	691	41.58	8.29	
Ballarat	1646	901	54.74	745	45.26	6.56	
Ballarat North	2628	1309	49.81	1319	50.19	6.06	
Ballarat North West	1844	727	39.43	1117	60.57	5.88	
Ballarat South	1306	794	60.80	512	39.20	2.02
Ballarat South West	2121	1127	53.14	994	46.86	5.24
Black Hill	2674	1447	54.11	1227	45.89	5.86
Blackwood	275	174	63.27	101	36.73	-1.37
Brown Hill	2020	1159	57.38	861	42.62	5.95
Bungaree	354	102	28.81	252	71.19	0.42
Buninyong	2410	1287	53.40	1123	46.60	6.04
Burrumbeet	171	46	26.90	125	73.10	0.38
Canadian	2028	1301	64.15	727	35.85	5.43
Clarkes Hill	186	44	23.66	142	76.34	-1.63
Clunes	986	593	60.14	393	39.86	8.46
Concongella	227	81	35.68	146	64.32	5.20
Creswick	1718	1013	58.96	705	41.04	8.71
Creswick North	419	258	61.58	161	38.42	3.63
Daylesford	2071	1301	62.82	770	37.18	5.34
Delacombe	1770	876	49.49	894	50.51	4.97
Drummond	213	151	70.89	62	29.11	11.00
Elaine	259	109	42.08	150	57.92	0.93
Glenlyon	337	205	60.83	132	39.17	1.80
Glenorchy	155	62	40.00	93	60.00	17.11
Gordon	559	320	57.25	239	42.75	6.84
Great Western	309	148	47.90	161	52.10	5.47
Haddon	985	510	51.78	475	48.22	5.47
Halls Gap	268	112	41.79	156	58.21	10.48
Hepburn Springs	610	402	65.90	208	34.10	2.91
Landsborough	187	65	34.76	122	65.24	7.98
Learmonth	392	151	38.52	241	61.48	2.06
Lexton	207	108	52.17	99	47.83	2.41
Magpie	277	145	52.35	132	47.65	7.90
Marnoo	148	20	13.51	128	86.49	2.75
Melbourne (Ballarat)	53	29	54.72	24	45.28	7.91
Miners Rest	712	298	41.85	414	58.15	4.79
Moonambel	191	110	57.59	81	42.41	2.99
Mount Clear	2369	1109	46.81	1260	53.19	4.57
Mount Egerton	235	155	65.96	80	34.04	-0.71
Mount Pleasant	1797	1059	58.93	738	41.07	3.03
Mount Wallace	139	63	45.32	76	54.68	0.16
Napoleons	520	281	54.04	239	45.96	3.27
Natte Yallock	73	11	15.07	62	84.93	0.97
Navarre	79	23	29.11	56	70.89	9.71
Newington	410	226	55.12	184	44.88	7.08
Newlyn	467	200	42.83	267	57.17	3.53
Redan	1945	1161	59.69	784	40.31	8.86
Redan North	655	401	61.22	254	38.78	4.81
Ross Creek	656	319	48.63	337	51.37	10.36
Sebastopol	2939	1777	60.46	1162	39.54	7.34
Smeaton	243	105	43.21	138	56.79	2.26
Soldiers Hill	1105	637	57.65	468	42.35	4.48
Special Hospital Team 1	183	95	51.91	88	48.09	10.95
Special Hospital Team 2	177	76	42.94	101	57.06	7.68
Special Hospital Team 3	105	67	63.81	38	36.19	15.24
Special Hospital Team 4	190	80	42.11	110	57.89	4.88
Springbank	186	79	42.47	107	57.53	6.22
Stawell	1938	960	49.54	978	50.46	6.52
Stawell West	1838	894	48.64	944	51.36	4.54
Talbot	519	305	58.77	214	41.23	2.49
The Stockade	1359	724	53.27	635	46.73	-0.56
Warrenheip	692	278	40.17	414	59.83	3.51
Waubra	228	98	42.98	130	57.02	2.33
Wendouree	2151	1033	48.02	1118	51.98	6.29
Wendouree East	1514	785	51.85	729	48.15	5.16
Wendouree North	2634	1438	54.59	1196	45.41	5.64
Wendouree West	1315	989	75.21	326	24.79	6.08
Yandoit	148	65	43.92	83	56.08	5.40
ABSENT	4154	2183	52.55	1971	47.45	-	
POSTAL	3939	2002	50.83	1937	49.17	-	
PRE POLL	4391	2204	50.19	2187	49.81	-	
PROVISIONAL	839	506	60.31	333	39.69	-	
Division Total	80549	42471	52.73	38078	47.27	5.50	
							
							
Batman							
							
Polling Place	Formal	FERGUSON		DAVIES		Swing	
	Votes	(ALP)	%	(LP)	%	%	
Alphington	1377	981	71.24	396	28.76	0.35	
Alphington North	1380	1012	73.33	368	26.67	-1.54	
Bell	1910	1488	77.91	422	22.09	-0.48	
Boldrewood	1708	1318	77.17	390	22.83	-2.32	
Burbank	1103	834	75.61	269	24.39	-3.89	
Croxton	1451	1179	81.25	272	18.75	0.09
Faircote	527	392	74.38	135	25.62	-1.12
Fairfield	2112	1586	75.09	526	24.91	1.08
Fairfield North	1097	810	73.84	287	26.16	-0.73
Keon Park	796	578	72.61	218	27.39	-4.22
Kingsbury	1902	1356	71.29	546	28.71	0.54
Melbourne (Batman)	120	93	77.50	27	22.50	3.08
Merrilands	1845	1452	78.70	393	21.30	-1.81
Murray	1230	887	72.11	343	27.89	-3.94
Newlands	1412	1084	76.77	328	23.23	-3.05
Northcote	3352	2696	80.43	656	19.57	0.17
Northcote North	1579	1233	78.09	346	21.91	-1.08
Northcote South	2578	2082	80.76	496	19.24	1.91
Northcote West	838	643	76.73	195	23.27	-1.90
Oakhill	1260	874	69.37	386	30.63	0.68
Preston	1399	1085	77.56	314	22.44	-2.91
Preston East	2342	1798	76.77	544	23.23	-2.89
Preston North	563	432	76.73	131	23.27	-4.03
Preston North East	1840	1546	84.02	294	15.98	-1.09
Preston South	1515	1229	81.12	286	18.88	-1.23
Preston West	2496	1887	75.60	609	24.40	-2.18
Regent	2155	1640	76.10	515	23.90	-1.15
Regent West	995	675	67.84	320	32.16	0.36
Reservoir	1463	1051	71.84	412	28.16	-1.79
Reservoir Central	2159	1539	71.28	620	28.72	-2.99
Reservoir East	977	722	73.90	255	26.10	-4.67
Reservoir North	2674	1997	74.68	677	25.32	-0.77
Reservoir North East	1433	1071	74.74	362	25.26	-2.48
Reservoir South	986	692	70.18	294	29.82	2.45
Reservoir West	1311	904	68.95	407	31.05	-1.18
Ruthven	3701	2768	74.79	933	25.21	-3.43
Special Hospital Team 1	276	177	64.13	99	35.87	13.49
Special Hospital Team 2	246	94	38.21	152	61.79	-	
Thornbury	3021	2343	77.56	678	22.44	-0.46	
Thornbury East	2711	2064	76.13	647	23.87	-3.07	
Thornbury South	2794	2166	77.52	628	22.48	-0.84	
Westgarth	1189	967	81.33	222	18.67	0.66	
ABSENT	5242	3739	71.33	1503	28.67	-	
POSTAL	2635	1754	66.57	881	33.43	-	
PRE POLL	3047	2184	71.68	863	28.32	-	
PROVISIONAL	473	376	79.49	97	20.51	-	
Division Total	79220	59478	75.08	19742	24.92	-1.35	
							
							
Bendigo							
							
Polling Place	Formal	GIBBONS		SHARKEY		Swing	
	Votes	(ALP)	%	(LP)	%	%	
Axedale	550	223	40.55	327	59.45	2.54
Bealiba	187	81	43.32	106	56.68	0.07
Bendigo Base Hospital	245	150	61.22	95	38.78	5.16
Bendigo Central	1893	1039	54.89	854	45.11	-1.14
Bendigo East	697	394	56.53	303	43.47	1.86
Bendigo North	835	529	63.35	306	36.65	2.35
Big Hill	502	226	45.02	276	54.98	-2.39
Bowenvale	243	118	48.56	125	51.44	-3.18
Bridgewater	423	145	34.28	278	65.72	1.90
California Gully	1070	669	62.52	401	37.48	-2.87
Campbells Creek	1005	564	56.12	441	43.88	-4.00
Carisbrook	758	371	48.94	387	51.06	0.26
Castlemaine	2365	1473	62.28	892	37.72	2.37
Castlemaine North	1388	867	62.46	521	37.54	1.77
Central Deborah	704	366	51.99	338	48.01	-4.97
Chewton	474	316	66.67	158	33.33	0.14
Comet Hill	1524	898	58.92	626	41.08	-3.36
Dunolly	766	389	50.78	377	49.22	-2.85
Eaglehawk	2591	1556	60.05	1035	39.95	-2.75
Eaglehawk North	425	277	65.18	148	34.82	3.65
Elmore	557	201	36.09	356	63.91	0.76
Elphinstone	308	166	53.90	142	46.10	-1.10
Eppalock	317	159	50.16	158	49.84	8.54
Epsom	1133	534	47.13	599	52.87	0.00
Flora Hill	2256	1108	49.11	1148	50.89	1.64
Golden Square	3205	1805	56.32	1400	43.68	-0.45
Golden Square South	1258	614	48.81	644	51.19	-2.62
Goornong	296	120	40.54	176	59.46	-1.03
Guildford	228	136	59.65	92	40.35	-1.22
Harcourt	801	435	54.31	366	45.69	1.30
Heathcote	1790	967	54.02	823	45.98	-0.76
Huntly	1025	467	45.56	558	54.44	-2.96
Inglewood	680	305	44.85	375	55.15	0.14
Ironbark	1088	682	62.68	406	37.32	0.92
Jobs Gully	1326	859	64.78	467	35.22	5.20
Junortoun	569	266	46.75	303	53.25	-1.49
Kangaroo Flat	3588	1976	55.07	1612	44.93	-0.46
Kangaroo Flat South	1253	680	54.27	573	45.73	-1.85
Kennington	1253	635	50.68	618	49.32	2.49
Korong Vale	199	90	45.23	109	54.77	0.96
Laanecoorie	133	44	33.08	89	66.92	10.10
Lockwood	752	383	50.93	369	49.07	-0.83
Long Gully	897	582	64.88	315	35.12	1.18
Maiden Gully	1338	662	49.48	676	50.52	-2.34
Maldon	1308	740	56.57	568	43.43	0.87
Mandurang	401	200	49.88	201	50.12	-1.16
Marong	518	268	51.74	250	48.26	1.24
Maryborough	3236	1872	57.85	1364	42.15	1.59
Maryborough East	1807	1122	62.09	685	37.91	0.23
Melbourne (Bendigo)	74	39	52.70	35	47.30	-13.21
Newbridge	206	88	42.72	118	57.28	4.14
Newstead	700	403	57.57	297	42.43	-0.88
Quarry Hill	980	567	57.86	413	42.14	-0.79
Raywood	350	155	44.29	195	55.71	3.06
Redesdale	278	115	41.37	163	58.63	0.42
Sparrowhawk	560	442	78.93	118	21.07	-1.98
Special Hospital Team 1	134	70	52.24	64	47.76	10.63
Special Hospital Team 2	210	83	39.52	127	60.48	1.53
Special Hospital Team 3	188	77	40.96	111	59.04	7.42
Special Hospital Team 4	170	78	45.88	92	54.12	-4.48
Spring Gully	1731	859	49.62	872	50.38	-1.45
St Laurence	157	67	42.68	90	57.32	-0.18
Strath Hill	2274	939	41.29	1335	58.71	1.41
Strathdale	2345	996	42.47	1349	57.53	0.16
Strathfieldsaye	1771	814	45.96	957	54.04	1.00	
Taradale	344	193	56.10	151	43.90	0.31	
Tarnagulla	173	101	58.38	72	41.62	6.73	
Tooborac	102	37	36.27	65	63.73	2.64	
Wedderburn	723	363	50.21	360	49.79	4.86	
Weeroona	1933	1136	58.77	797	41.23	1.46	
White Hills	1524	819	53.74	705	46.26	-1.05	
Winters Flat	694	398	57.35	296	42.65	-4.68	
Woodvale	204	91	44.61	113	55.39	-0.53	
ABSENT	4013	2106	52.48	1907	47.52	-	
POSTAL	3953	2057	52.04	1896	47.96	-	
PRE POLL	3487	1752	50.24	1735	49.76	-	
PROVISIONAL	497	318	63.98	179	36.02	-	
Division Total	81940	43892	53.57	38048	46.43	0.10	
							
							
Bruce							
							
Polling Place	Formal	GRIFFIN		STEEL		Swing	
	Votes	(ALP)	%	(LP)	%	%	
Albany Rise	3270	1964	60.06	1306	39.94	-1.20	
Brandon Park	3060	1567	51.21	1493	48.79	-0.22	
Brentwood	2960	1399	47.26	1561	52.74	1.50	
Camelot	1596	712	44.61	884	55.39	0.24	
Clareville	2228	1417	63.60	811	36.40	-2.22	
Dandenong North	2969	2074	69.86	895	30.14	-4.68	
Dandenong West (Bruce)	869	566	65.13	303	34.87	-3.77	
Gladeswood	2765	1588	57.43	1177	42.57	-0.72	
Glen Waverley Heights	1453	747	51.41	706	48.59	2.84	
Glen Waverley South	1296	671	51.77	625	48.23	1.85	
Harrisfield	2695	1853	68.76	842	31.24	-5.12	
Highvale	2112	896	42.42	1216	57.58	-2.94	
Jells Park	2151	701	32.59	1450	67.41	-1.09
Lyndale	3608	2448	67.85	1160	32.15	-2.18
Melbourne (Bruce)	89	49	55.06	40	44.94	6.08
Monash East	1177	689	58.54	488	41.46	-2.63
Mount View	4279	1581	36.95	2698	63.05	1.45
Mulgrave	2013	1170	58.12	843	41.88	-0.44
Oakwood Park	1186	850	71.67	336	28.33	-2.06
Pinewood (Bruce)	1255	546	43.51	709	56.49	-3.33
Rosewood Downs	3085	1635	53.00	1450	47.00	-0.84
Sandown Park	1891	1431	75.67	460	24.33	-4.33
Silverton	3970	2809	70.76	1161	29.24	-0.95
Special Hospital Team 1	12	5	41.67	7	58.33	-13.33
The Glen	2071	1136	54.85	935	45.15	-0.76
Waverley Meadows	1959	991	50.59	968	49.41	-1.17
Wayburne	1301	573	44.04	728	55.96	-0.71
Wheelers Hill	1791	660	36.85	1131	63.15	3.03
Wheelers Hill South	2906	1286	44.25	1620	55.75	0.02	
Whiteside	1019	783	76.84	236	23.16	-1.98	
Wooranna Park	1964	1321	67.26	643	32.74	-1.61	
Yarraman Park	1347	926	68.75	421	31.25	-3.97	
ABSENT	4813	2716	56.43	2097	43.57	-	
POSTAL	4045	2066	51.08	1979	48.92	-	
PRE POLL	2918	1515	51.92	1403	48.08	-	
PROVISIONAL	353	251	71.10	102	28.90	-	
Division Total	78476	43592	55.55	34884	44.45	-1.17	
							
							
Burke							
							
Polling Place	Formal	O'CONNOR		DAWE		Swing	
	Votes	(ALP)	%	(LP)	%	%	
Bacchus Marsh	4331	2166	50.01	2165	49.99	-1.83	
Bolinda	316	131	41.46	185	58.54	1.60
Brookside	2035	1373	67.47	662	32.53	-6.53
Bullengarook	372	185	49.73	187	50.27	-4.21
Coburn	3325	2085	62.71	1240	37.29	-5.06
Darley	3057	1732	56.66	1325	43.34	1.66
Darraweit Guim	166	73	43.98	93	56.02	-1.66
Deer Park	827	652	78.84	175	21.16	-5.53
Deer Park Central	2498	1899	76.02	599	23.98	-1.56
Deer Park West	3575	2649	74.10	926	25.90	-5.45
Gisborne	3283	1418	43.19	1865	56.81	-1.28
Killara	935	505	54.01	430	45.99	3.55
Kurunjang	1945	1231	63.29	714	36.71	-4.00
Kyneton	3542	1682	47.49	1860	52.51	-1.25
Lancefield	1316	590	44.83	726	55.17	-1.39
Macedon	1148	588	51.22	560	48.78	-1.96
Malmsbury	355	207	58.31	148	41.69	-3.90
Melbourne (Burke)	101	56	55.45	45	44.55	6.32
Melton	3818	2351	61.58	1467	38.42	-4.59
Melton Central	412	250	60.68	162	39.32	1.59
Melton South	3236	2022	62.48	1214	37.52	-7.01
Mount Macedon	625	283	45.28	342	54.72	1.79
Myrniong	216	125	57.87	91	42.13	1.28
New Gisborne	1201	548	45.63	653	54.37	1.77
Newham	363	154	42.42	209	57.58	0.54
Riddell	1779	882	49.58	897	50.42	2.32
Rockbank	1028	644	62.65	384	37.35	-5.89
Romsey	1947	937	48.13	1010	51.87	-1.62
Special Hospital Team 1	24	12	50.00	12	50.00	12.22
Sunbury	2418	1094	45.24	1324	54.76	0.02
Sunbury East	1847	1032	55.87	815	44.13	-4.61
Sunbury Heights	2277	1289	56.61	988	43.39	-1.23
Sunbury North	1948	948	48.67	1000	51.33	-1.02
Sunbury West	4916	2496	50.77	2420	49.23	-2.49	
Toolern	347	142	40.92	205	59.08	1.24	
Trentham	659	324	49.17	335	50.83	-4.14	
Tylden	397	173	43.58	224	56.42	-0.50	
Wedge Park	1740	995	57.18	745	42.82	-3.48	
Westmelton	3000	1797	59.90	1203	40.10	-5.61	
Woodend	2920	1651	56.54	1269	43.46	-0.53	
ABSENT	5184	2899	55.92	2285	44.08	-	
POSTAL	2859	1336	46.73	1523	53.27	-	
PRE POLL	3272	1661	50.76	1611	49.24	-	
PROVISIONAL	415	237	57.11	178	42.89	-	
Division Total	81975	45504	55.51	36471	44.49	-2.10	
							
							
Calwell							
							
Polling Place	Formal	VAMVAKINOU		BULLER		Swing	
	Votes	(ALP)	%	(LP)	%	%	
Bethal	2299	1922	83.60	377	16.40	-1.46	
Broadmeadows	1816	1470	80.95	346	19.05	-2.73	
Broadmeadows North	3396	2612	76.91	784	23.09	-4.16	
Bulla	346	155	44.80	191	55.20	1.51	
Campbellfield	2011	1655	82.30	356	17.70	-1.14	
Coolaroo	1767	1365	77.25	402	22.75	-1.69	
Delahey	3896	3134	80.44	762	19.56	-2.18	
Diggers Rest	1072	637	59.42	435	40.58	-1.15	
Gladstone Park	4060	2589	63.77	1471	36.23	-2.44	
Gladstone Views	2788	1824	65.42	964	34.58	0.12	
Glenroy West	2758	1781	64.58	977	35.42	-1.23	
Greenvale	4598	2531	55.05	2067	44.95	-1.46	
Jacana	1459	1094	74.98	365	25.02	-3.05	
Keilor	3717	1708	45.95	2009	54.05	3.18	
Keilor Downs	2804	1865	66.51	939	33.49	-2.13
Meadow Fair	1156	945	81.75	211	18.25	-2.30
Meadow Heights	4316	3500	81.09	816	18.91	-1.79
Melbourne (Calwell)	85	53	62.35	32	37.65	0.92
Melbourne Airport	170	117	68.82	53	31.18	-2.89
Monmia	3905	2822	72.27	1083	27.73	0.93
Oak Park	1915	1092	57.02	823	42.98	-1.47
Roxburgh Park (Calwell)	2641	1957	74.10	684	25.90	1.31
Sydenham	6102	3955	64.81	2147	35.19	-0.22
Sydenham East	1071	707	66.01	364	33.99	-2.46
Taylors Lakes	5689	3472	61.03	2217	38.97	0.12
Taylors Lakes North	1822	1132	62.13	690	37.87	1.26
Tullamarine	3655	2404	65.77	1251	34.23	-0.58
Upfield	1639	1345	82.06	294	17.94	-1.59
Westmeadows	3291	2254	68.49	1037	31.51	-0.31
ABSENT	4839	3183	65.78	1656	34.22	-
POSTAL	2044	1191	58.27	853	41.73	-	
PRE POLL	3375	2083	61.72	1292	38.28	-	
PROVISIONAL	671	490	73.03	181	26.97	-	
Division Total	87173	59044	67.73	28129	32.27	-1.25	
							
							
Casey							
							
Polling Place	Formal	McKENZIE		SMITH		Swing	
	Votes	(ALP)	%	(LP)	%	%	
Bayswater North	3160	1450	45.89	1710	54.11	-1.36	
Bimbadeen Heights	1942	864	44.49	1078	55.51	-1.63	
Birmingham	3699	1645	44.47	2054	55.53	-3.60	
Chirnside Park	2612	1001	38.32	1611	61.68	-2.66	
Coldstream	1347	516	38.31	831	61.69	-3.36	
Croydon	1260	620	49.21	640	50.79	1.17	
Croydon Central	2698	1243	46.07	1455	53.93	-3.28
Croydon East	2969	1346	45.34	1623	54.66	-2.79
Croydon Hills	3635	1339	36.84	2296	63.16	-1.36
Croydon North	2552	1148	44.98	1404	55.02	-4.18
Croydon West	1843	853	46.28	990	53.72	-2.19
Gruyere	299	84	28.09	215	71.91	2.12
Kallista (Casey)	903	523	57.92	380	42.08	1.33
Kilsyth	2524	1214	48.10	1310	51.90	-2.98
Kilsyth South	1523	715	46.95	808	53.05	-6.12
Lilydale	2894	1246	43.05	1648	56.95	-0.47
Lilydale Lake	1968	746	37.91	1222	62.09	-7.70
Lilydale North	736	342	46.47	394	53.53	1.80
Lilydale West	3065	1135	37.03	1930	62.97	-4.14
Manchester	1827	859	47.02	968	52.98	-3.22
Melbourne (Casey)	53	19	35.85	34	64.15	-21.29
Monbulk	2321	1006	43.34	1315	56.66	-2.86
Montrose	3225	1444	44.78	1781	55.22	-2.27
Montrose South	1146	469	40.92	677	59.08	-0.63
Mooroolbark	2358	1146	48.60	1212	51.40	-3.37
Mooroolbark East	1902	847	44.53	1055	55.47	-0.06
Mooroolbark South	2022	866	42.83	1156	57.17	-7.26
Mount Dandenong (Casey)	618	356	57.61	262	42.39	5.78
Mount Evelyn	961	467	48.60	494	51.40	3.02
Rolling Hills	1928	763	39.57	1165	60.43	1.21
Seville	1573	649	41.26	924	58.74	-2.04
Silvan	721	260	36.06	461	63.94	0.69
Special Hospital Team 1	488	134	27.46	354	72.54	-36.43
Special Hospital Team 2	468	151	32.26	317	67.74	-3.12
The Patch	530	265	50.00	265	50.00	4.41
Wandin Yallock	1642	585	35.63	1057	64.37	-1.58
Yarra Road	1343	441	32.84	902	67.16	0.45
ABSENT	5020	2251	44.84	2769	55.16	-
POSTAL	3144	1074	34.16	2070	65.84	-	
PRE POLL	3404	1461	42.92	1943	57.08	-	
PROVISIONAL	404	180	44.55	224	55.45	-	
Division Total	78727	33723	42.84	45004	57.16	-2.30	
							
							
Chisholm							
							
Polling Place	Formal	BURKE		CLOWES		Swing	
	Votes	(ALP)	%	(LP)	%	%	
Ashwood	3613	1995	55.22	1618	44.78	-2.59	
Bennettswood	2786	1518	54.49	1268	45.51	0.03	
Box Hill	1945	1163	59.79	782	40.21	0.62	
Box Hill Central	1543	918	59.49	625	40.51	-0.47	
Box Hill North	1324	750	56.65	574	43.35	1.54	
Box Hill South	1735	979	56.43	756	43.57	3.88	
Burwood Central	1937	989	51.06	948	48.94	-0.04
Chadstone East	2262	1452	64.19	810	35.81	-1.89
Clayton	1640	1129	68.84	511	31.16	-0.26
Clayton East	1317	891	67.65	426	32.35	0.00
Clayton North	1736	1135	65.38	601	34.62	-1.84
Elgar Park	1869	869	46.50	1000	53.50	4.88
Essex Heights	3123	1478	47.33	1645	52.67	2.19
Glendal	2619	1206	46.05	1413	53.95	-0.21
Huntingdale	999	648	64.86	351	35.14	-3.00
Kerrimuir	2686	1467	54.62	1219	45.38	1.50
Koonung Heights	2540	1259	49.57	1281	50.43	2.37
Manooka	1539	865	56.21	674	43.79	3.49
Melbourne (Chisholm)	88	49	55.68	39	44.32	-13.44
Mont Albert	2146	904	42.12	1242	57.88	2.18
Mount Waverley	666	295	44.29	371	55.71	-
Mount Waverley South	4139	1913	46.22	2226	53.78	1.66
Oakleigh (Chisholm)	1460	953	65.27	507	34.73	-0.95
Oakleigh East	1676	1034	61.69	642	38.31	-0.78
Oakleigh North	1627	972	59.74	655	40.26	1.84
Pinewood (Chisholm)	2188	1049	47.94	1139	52.06	0.95
Special Hospital Team 1	54	24	44.44	30	55.56	-8.59
Special Hospital Team 2	59	24	40.68	35	59.32	6.72
Special Hospital Team 3	11	6	54.54	5	45.45	-20.45
Special Hospital Team 4	403	93	23.08	310	76.92	-
Surrey Hills	1610	687	42.67	923	57.33	4.20
Sussex Heights	2050	1197	58.39	853	41.61	0.06
Syndal North	3001	1411	47.02	1590	52.98	3.28
Syndal South	1879	825	43.91	1054	56.09	1.26
Tally Ho (Chisholm)	1349	669	49.59	680	50.41	-3.41
Tyne	1158	612	52.85	546	47.15	1.10
Wattle Park	2407	1304	54.18	1103	45.82	0.93
Waverley North	1191	652	54.74	539	45.26	4.03
ABSENT	5640	2928	51.91	2712	48.09	-	
POSTAL	4558	2119	46.49	2439	53.51	-	
PRE POLL	3153	1635	51.86	1518	48.14	-	
PROVISIONAL	211	113	53.55	98	46.45	-	
Division Total	79937	42179	52.77	37758	47.23	0.69	
							
							
Corangamite							
							
Polling Place	Formal	BJORK-BILLINGS		McARTHUR		Swing	
	Votes	(ALP)	%	(LP)	%	%	
Aireys Inlet	614	353	57.49	261	42.51	5.86	
Alvie	171	47	27.49	124	72.51	1.44	
Anglesea	1473	714	48.47	759	51.53	-0.17	
Apollo Bay	1129	527	46.68	602	53.32	-0.43	
Bannockburn	1386	620	44.73	766	55.27	-0.66	
Barongarook	134	56	41.79	78	58.21	-0.02
Barwon Heads	1618	866	53.52	752	46.48	-1.76
Beeac	346	122	35.26	224	64.74	4.55
Bellbrae	571	291	50.96	280	49.04	5.97
Belmont	2012	898	44.63	1114	55.37	-3.79
Belmont North	2249	1071	47.62	1178	52.38	-1.68
Birregurra	570	240	42.11	330	57.89	1.08
Carlisle River	97	22	22.68	75	77.32	-16.10
Ceres	581	177	30.46	404	69.54	0.14
Colac	1691	695	41.10	996	58.90	-4.93
Colac East	2006	758	37.79	1248	62.21	-3.08
Colac West	1954	724	37.05	1230	62.95	-5.18
Collendina	3135	1542	49.19	1593	50.81	-3.71
Connewarre	255	127	49.80	128	50.20	-5.71
Cororooke	426	153	35.92	273	64.08	-0.24
Cressy	144	41	28.47	103	71.53	5.02
Deans Marsh	252	122	48.41	130	51.59	-0.57
Dereel	248	150	60.48	98	39.52	3.98
Drysdale (Corangamite)	766	287	37.47	479	62.53	-2.42
Elliminyt	1428	491	34.38	937	65.62	-0.45
Forrest	273	130	47.62	143	52.38	0.52
Freshwater Creek	183	50	27.32	133	72.68	-6.28
Fyansford	187	62	33.16	125	66.84	-12.21
Gellibrand River	261	127	48.66	134	51.34	-8.69
Grovedale	3646	1754	48.11	1892	51.89	-3.34
Grovedale East	1368	615	44.96	753	55.04	2.38
Highton	2774	1085	39.11	1689	60.89	2.92
Highton North	3144	1194	37.98	1950	62.02	1.93
Highton South	2430	1083	44.57	1347	55.43	3.97
Inverleigh	593	256	43.17	337	56.83	-3.82
Irrewillipe	143	30	20.98	113	79.02	-0.35
Lavers Hill	180	89	49.44	91	50.56	10.26
Lethbridge	422	211	50.00	211	50.00	-0.77
Lorne	798	409	51.25	389	48.75	5.74
Mandama	2758	1312	47.57	1446	52.43	-0.33
Melbourne (Corangamite)	65	33	50.77	32	49.23	-9.23
Meredith	472	205	43.43	267	56.57	2.23
Moriac	800	288	36.00	512	64.00	0.57
Mount Duneed	454	183	40.31	271	59.69	-1.30
Oberon	1824	939	51.48	885	48.52	-1.24
Oberon South	1524	731	47.97	793	52.03	-1.54
Ocean Grove	2796	1368	48.93	1428	51.07	-1.13
Pirron Yallock (Corangamite)	158	33	20.89	125	79.11	-3.77
Point Lonsdale	1692	657	38.83	1035	61.17	0.97
Portarlington	2156	1078	50.00	1078	50.00	-0.85
Queenscliff	808	407	50.37	401	49.63	2.63
Rokewood	199	66	33.17	133	66.83	-2.44
Shelford	168	52	30.95	116	69.05	6.61
Simpson (Corangamite)	184	19	10.33	165	89.67	3.52	
Special Hospital Team 1	131	40	30.53	91	69.47	-3.56	
Special Hospital Team 2	60	14	23.33	46	76.67	-2.90	
St Leonards	1253	682	54.43	571	45.57	-1.00	
Teesdale	611	357	58.43	254	41.57	1.06	
Torquay	2552	1233	48.32	1319	51.68	-2.96	
Torquay North	1868	996	53.32	872	46.68	2.06	
Wallington	730	266	36.44	464	63.56	-1.75	
Warrion	151	40	26.49	111	73.51	-6.64	
Winchelsea	1099	539	49.04	560	50.96	1.77	
Wiridjil (Corangamite)	93	13	13.98	80	86.02	0.42	
Wurdi Boluc	155	70	45.16	85	54.84	5.43	
ABSENT	4740	2173	45.84	2567	54.16	-	
POSTAL	3997	1349	33.75	2648	66.25	-	
PRE POLL	4351	1898	43.62	2453	56.38	-	
PROVISIONAL	485	233	48.04	252	51.96	-	
Division Total	79992	35463	44.33	44529	55.67	-1.17	
							
							
Corio							
							
Polling Place	Formal	O'CONNOR		MALESIC		Swing	
	Votes	(ALP)	%	(LP)	%	%	
Aberdeen	1228	467	38.03	761	61.97	-0.53	
Anakie	445	174	39.10	271	60.90	-5.91	
Barwon	1006	535	53.18	471	46.82	-7.58	
Batesford	179	92	51.40	87	48.60	-4.78	
Bell Park	3930	2342	59.59	1588	40.41	-2.25	
Breakwater	607	406	66.89	201	33.11	-4.88	
Britannia	1280	795	62.11	485	37.89	-2.86	
Chilwell	2628	1252	47.64	1376	52.36	-1.38	
Clifton Springs	3056	1541	50.43	1515	49.57	-0.34	
Corio	3690	2772	75.12	918	24.88	-3.62
Corio Central	3015	2235	74.13	780	25.87	-2.92
Corio West	0	0	0.00	0	0.00	-77.72
Drysdale (Corio)	1784	849	47.59	935	52.41	-3.74
Fyans Park	1082	396	36.60	686	63.40	-0.97
Geelong East	2507	1418	56.56	1089	43.44	-0.19
Geelong West	2932	1860	63.44	1072	36.56	0.76
Hamlyn Heights	3619	2070	57.20	1549	42.80	-1.77
Herne Hill	1232	737	59.82	495	40.18	-0.37
Kardinia Park	924	559	60.50	365	39.50	0.40
Lara	3423	1811	52.91	1612	47.09	-1.24
Lara Central	2514	1308	52.03	1206	47.97	-2.12
Leopold	2520	1147	45.52	1373	54.48	-4.44
Leopold South	1532	702	45.82	830	54.18	-1.12
Manifold Heights	1831	966	52.76	865	47.24	-3.01
Melbourne (Corio)	57	19	33.33	38	66.67	-18.84
Moolap	693	351	50.65	342	49.35	3.35	
Newcomb	2197	1360	61.90	837	38.10	-3.40	
Newcomb South	1229	733	59.64	496	40.36	-2.90	
Norlane	4766	3630	76.16	1136	23.84	-3.82	
North Shore	2059	1625	78.92	434	21.08	-3.34	
Rollins	1291	816	63.21	475	36.79	-0.08	
Shannon	1213	642	52.93	571	47.07	2.93	
Special Hospital Team 1	115	66	57.39	49	42.61	-6.25	
Special Hospital Team 2	98	54	55.10	44	44.90	-3.49	
St Helens	838	472	56.32	366	43.68	-1.36	
Thomson	1502	984	65.51	518	34.49	-3.65	
Whittington	3548	2297	64.74	1251	35.26	-4.17	
ABSENT	3367	1843	54.74	1524	45.26	-	
POSTAL	3634	1841	50.66	1793	49.34	-	
PRE POLL	3788	2185	57.68	1603	42.32	-	
PROVISIONAL	639	435	68.08	204	31.92	-	
Division Total	77998	45787	58.70	32211	41.30	-2.66	
							
							
Deakin							
							
Polling Place	Formal	BUCKINGHAM		BARRESI		Swing	
	Votes	(ALP)	%	(LP)	%	%	
Antonio Park	1507	689	45.72	818	54.28	-3.10	
Bedford Road	1515	796	52.54	719	47.46	0.70	
Blackburn	1373	607	44.21	766	55.79	5.26	
Blackburn Lake	2318	1058	45.64	1260	54.36	0.50	
Blackburn North	1760	859	48.81	901	51.19	1.92	
Blackburn South	3287	1637	49.80	1650	50.20	1.30	
Blackburn West	4322	2301	53.24	2021	46.76	0.89	
Burwood Heights	3541	1945	54.93	1596	45.07	1.17	
Croydon South	2551	1174	46.02	1377	53.98	-3.26	
Croydon Town	1412	603	42.71	809	57.29	-0.97
Eastwood	2288	1148	50.17	1140	49.83	2.51
Eley Park	2276	1271	55.84	1005	44.16	-1.42
Forest Hill	1249	615	49.24	634	50.76	1.86
Glen Park	638	349	54.70	289	45.30	0.60
Heatherdale	1425	733	51.44	692	48.56	-2.24
Heathmont (Deakin)	1166	567	48.63	599	51.37	3.13
Inala Village	405	160	39.51	245	60.49	7.11
Kalinda	1724	684	39.68	1040	60.32	-1.35
Laburnum	1714	812	47.37	902	52.63	0.12
Melbourne (Deakin)	90	45	50.00	45	50.00	12.79
Mitcham	1463	734	50.17	729	49.83	1.22
Mitcham North	2202	1137	51.63	1065	48.37	0.58
Mullum	1454	635	43.67	819	56.33	0.47
Norwood	1111	464	41.76	647	58.24	0.40
Nunawading	1834	1025	55.89	809	44.11	-2.15
Nunawading South	2592	1287	49.65	1305	50.35	-1.04
Parkwood	1231	481	39.07	750	60.93	2.08
Rangeview	1875	852	45.44	1023	54.56	-1.07
Ringwood	1595	762	47.77	833	52.23	-2.88
Ringwood East	1601	779	48.66	822	51.34	1.05
Ringwood Heights	1539	691	44.90	848	55.10	0.24
Ringwood North (Deakin)	1304	473	36.27	831	63.73	-6.58
Ringwood South	2828	1423	50.32	1405	49.68	-0.88
Special Hospital Team 1	33	11	33.33	22	66.67	-1.15
Special Hospital Team 2	220	86	39.09	134	60.91	9.55
Springview	2128	1094	51.41	1034	48.59	-0.32
Tally Ho (Deakin)	1541	775	50.29	766	49.71	-1.94
Tinternvale	1842	837	45.44	1005	54.56	-0.18
Vermont North	1248	549	43.99	699	56.01	-0.17
ABSENT	5117	2556	49.95	2561	50.05	-
POSTAL	4359	1877	43.06	2482	56.94	-
PRE POLL	3200	1465	45.78	1735	54.22	-	
PROVISIONAL	298	168	56.38	130	43.62	-	
Division Total	79176	38214	48.26	40962	51.74	0.20	
							
							
Dunkley							
							
Polling Place	Formal	CONROY		BILLSON		Swing	
	Votes	(ALP)	%	(LP)	%	%	
Aldercourt	1506	981	65.14	525	34.86	-7.97	
Baden Powell	1853	567	30.60	1286	69.40	1.20	
Ballam Park	2287	1139	49.80	1148	50.20	-6.36	
Belvedere Park (Dunkley)	1031	571	55.38	460	44.62	-3.50	
Bruce Park	1567	760	48.50	807	51.50	3.03	
Derinya	2250	726	32.27	1524	67.73	-1.28	
Frankston	2349	1076	45.81	1273	54.19	-5.30	
Frankston Beach	987	373	37.79	614	62.21	-4.00
Frankston East	2062	1039	50.39	1023	49.61	-0.76
Frankston Forest	1717	1105	64.36	612	35.64	-6.62
Frankston Heights	1236	649	52.51	587	47.49	-1.41
Frankston Rail	1514	848	56.01	666	43.99	-5.88
Frankston South	3046	1327	43.57	1719	56.43	-4.15
Kananook	1955	1067	54.58	888	45.42	-3.86
Karingal	2516	1348	53.58	1168	46.42	-0.36
Karingal Heights	2603	1319	50.67	1284	49.33	-1.64
Kingsley Park	1969	898	45.61	1071	54.39	-3.83
Kunyung	1987	698	35.13	1289	64.87	-0.56
Langwarrin	4955	2217	44.74	2738	55.26	-3.99
Langwarrin North	999	431	43.14	568	56.86	-5.03
Langwarrin Park	2998	1220	40.69	1778	59.31	-4.57
Melbourne (Dunkley)	45	22	48.89	23	51.11	11.15
Mornington	3376	1262	37.38	2114	62.62	-3.00
Mornington East	1927	783	40.63	1144	59.37	-1.44
Mornington South	2644	1129	42.70	1515	57.30	-4.56
Mt Eliza	4399	1399	31.80	3000	68.20	0.90
Mt Eliza Central	1034	210	20.31	824	79.69	1.97
Mt Eliza North	1108	294	26.53	814	73.47	-0.92
Mt Erin (Dunkley)	1618	612	37.82	1006	62.18	-4.59
Mt Martha North (Dunkley)	372	164	44.09	208	55.91	-1.14
Seaford	1871	1090	58.26	781	41.74	-5.59
Seaford North	1448	783	54.07	665	45.93	-5.11
Skye (Dunkley)	346	204	58.96	142	41.04	11.07
Special Hospital Team 1	241	105	43.57	136	56.43	1.16
Special Hospital Team 2	147	51	34.69	96	65.31	1.52
Special Hospital Team 3	319	111	34.80	208	65.20	-
Tanti Park	2034	1081	53.15	953	46.85	-7.54
ABSENT	3850	1794	46.60	2056	53.40	-
POSTAL	3631	1452	39.99	2179	60.01	-
PRE POLL	4143	1800	43.45	2343	56.55	-	
PROVISIONAL	620	318	51.29	302	48.71	-	
Division Total	78560	35023	44.58	43537	55.42	-3.38	
							
							
Flinders							
							
Polling Place	Formal	FINCH		HUNT		Swing	
	Votes	(ALP)	%	(LP)	%	%	
Balnarring	1608	688	42.79	920	57.21	-1.94	
Bass	300	116	38.67	184	61.33	1.90	
Baxter	1780	754	42.36	1026	57.64	-6.68	
Bayles	342	113	33.04	229	66.96	3.70	
Bittern	1245	582	46.75	663	53.25	-4.90	
Blairgowrie	1496	613	40.98	883	59.02	-4.29	
Blind Bight	750	341	45.47	409	54.53	0.88	
Boneo	519	188	36.22	331	63.78	-9.25
Cardinia	274	90	32.85	184	67.15	3.19
Catani	161	39	24.22	122	75.78	3.27
Clyde	537	162	30.17	375	69.83	-1.50
Corinella	762	422	55.38	340	44.62	-3.81
Cowes	2668	1162	43.55	1506	56.45	-5.70
Cranbourne (Flinders)	514	234	45.53	280	54.47	1.82
Cranbourne South	952	319	33.51	633	66.49	-4.96
Crib Point	1181	622	52.67	559	47.33	-3.29
Dalyston	325	120	36.92	205	63.08	-4.15
Devon Meadows	1449	575	39.68	874	60.32	-5.08
Dromana	2886	1261	43.69	1625	56.31	-4.17
Dromana Beach	574	254	44.25	320	55.75	-7.09
Flinders	538	212	39.41	326	60.59	6.49
Glen Alvie	86	26	30.23	60	69.77	7.16
Grantville	640	319	49.84	321	50.16	-0.25
Hastings	2673	1400	52.38	1273	47.62	-5.11
Kernot	129	29	22.48	100	77.52	0.86
Kilcunda	202	96	47.52	106	52.48	-1.66
Kooweerup	1007	387	38.43	620	61.57	3.07
Lang Lang	979	316	32.28	663	67.72	-4.74
Main Ridge	214	74	34.58	140	65.42	-1.98
McCrae	785	307	39.11	478	60.89	-0.17
Melbourne (Flinders)	39	19	48.72	20	51.28	25.99
Merricks North	246	94	38.21	152	61.79	-4.53
Moorooduc	526	140	26.62	386	73.38	3.30
Mt Erin (Flinders)	988	370	37.45	618	62.55	-0.07
Mt Martha	3517	1270	36.11	2247	63.89	-3.70
Mt Martha North (Flinders)	2660	1017	38.23	1643	61.77	-4.19
Newhaven	861	448	52.03	413	47.97	-1.72
Nyora	584	251	42.98	333	57.02	4.74
Pearcedale	1960	842	42.96	1118	57.04	0.14
Portsea	253	61	24.11	192	75.89	-4.68
Red Hill	1205	506	41.99	699	58.01	0.04
Rhyll	539	195	36.18	344	63.82	-5.04
Rosebud	1264	602	47.63	662	52.37	-7.60
Rosebud East	1946	1011	51.95	935	48.05	-4.63
Rosebud South	2066	858	41.53	1208	58.47	-6.88
Rosebud West	2339	1177	50.32	1162	49.68	-4.40
Rye	3726	1852	49.70	1874	50.30	-4.46
Safety Beach	1373	575	41.88	798	58.12	-4.29
San Remo	771	340	44.10	431	55.90	0.27
Shoreham	345	164	47.54	181	52.46	0.49
Somers	776	328	42.27	448	57.73	-3.94
Somerville East	2479	995	40.14	1484	59.86	-6.93
Somerville West	2660	979	36.80	1681	63.20	-8.96
Sorrento	1222	421	34.45	801	65.55	-1.47
Special Hospital Team 1	1323	403	30.46	920	69.54	-4.10
Special Hospital Team 2	436	179	41.06	257	58.94	0.79	
St Andrews Beach	426	211	49.53	215	50.47	-3.16	
Tooradin	648	237	36.57	411	63.43	-8.47	
Tootgarook	1409	735	52.16	674	47.84	-3.39	
Tyabb	1404	530	37.75	874	62.25	-5.39	
West Park	802	493	61.47	309	38.53	-4.28	
ABSENT	4620	1927	41.71	2693	58.29	-	
POSTAL	4160	1583	38.05	2577	61.95	-	
PRE POLL	6572	2829	43.05	3743	56.95	-	
PROVISIONAL	597	270	45.23	327	54.77	-	
Division Total	84318	35733	42.38	48585	57.62	-3.90	
							
							
Gellibrand							
							
Polling Place	Formal	ROXON		TANN		Swing	
	Votes	(ALP)	%	(LP)	%	%	
Albion	2225	1638	73.62	587	26.38	-6.68	
Altona East	3032	2330	76.85	702	23.15	-4.59	
Altona Gate	2081	1545	74.24	536	25.76	-3.79	
Altona North	1161	821	70.71	340	29.29	-4.21	
Ardeer	1140	797	69.91	343	30.09	-1.39	
Ardeer East (Gellibrand)	1067	849	79.57	218	20.43	-3.76	
Braybrook	2655	2139	80.56	516	19.44	-5.33	
Brooklyn	718	495	68.94	223	31.06	-0.82	
Footscray	2624	2018	76.91	606	23.09	-7.13	
Footscray Central	1019	787	77.23	232	22.77	-4.18	
Footscray East	654	500	76.45	154	23.55	-5.60	
Footscray North	1194	883	73.95	311	26.05	-7.50	
Footscray South	1262	941	74.56	321	25.44	-9.55	
Footscray West	3411	2553	74.85	858	25.15	-5.15	
Glengala (Gellibrand)	789	608	77.06	181	22.94	-1.91	
Kingsville	2499	1854	74.19	645	25.81	-3.75
Kingsville West	1487	1091	73.37	396	26.63	-2.62
Maidstone	1892	1427	75.42	465	24.58	-6.55
Maribyrnong	1643	991	60.32	652	39.68	-4.97
Maribyrnong South	1274	943	74.02	331	25.98	-3.21
Melbourne (Gellibrand)	102	63	61.76	39	38.24	-17.40
Newport	1781	1244	69.85	537	30.15	-3.75
Newport East	1505	1045	69.44	460	30.56	-2.94
Newport West	1858	1359	73.14	499	26.86	-5.81
Seddon	2049	1519	74.13	530	25.87	-4.36
South Kingsville	1243	900	72.41	343	27.59	-3.27
Special Hospital Team 1	260	149	57.31	111	42.69	-14.55
Spotswood	1124	765	68.06	359	31.94	-6.08
Sunshine	1543	1162	75.31	381	24.69	-2.20
Sunshine North	3063	2381	77.73	682	22.27	-4.67
Sunvale	2115	1502	71.02	613	28.98	-4.88
Tottenham North	1219	991	81.30	228	18.70	-1.83	
Western Hospital	367	276	75.20	91	24.80	-2.36	
Williamstown	2254	1396	61.93	858	38.07	-0.88	
Williamstown North	1354	833	61.52	521	38.48	-2.35	
Williamstown South	2423	1526	62.98	897	37.02	-1.41	
Williamstown West	2412	1304	54.06	1108	45.94	-3.33	
Yarraville	1444	1043	72.23	401	27.77	-7.29	
Yarraville Central	1995	1457	73.03	538	26.97	-3.75	
Yarraville South	1467	1026	69.94	441	30.06	-5.54	
ABSENT	4473	3068	68.59	1405	31.41	-	
POSTAL	2605	1839	70.60	766	29.40	-	
PRE POLL	3222	2262	70.20	960	29.80	-	
PROVISIONAL	660	494	74.85	166	25.15	-	
Division Total	76365	54814	71.78	21551	28.22	-4.13	
							
							
Gippsland							
							
Polling Place	Formal	BOLITHO		McGAURAN		Swing	
	Votes	(ALP)	%	(NP)	%	%	
Alberton	316	116	36.71	200	63.29	1.84	
Arawata	129	30	23.26	99	76.74	-2.77	
Bairnsdale	1923	898	46.70	1025	53.30	4.33	
Bairnsdale East	506	283	55.93	223	44.07	2.97	
Bairnsdale West	2767	1160	41.92	1607	58.08	-2.39	
Bemm River	79	32	40.51	47	59.49	-5.11	
Bena	208	50	24.04	158	75.96	1.43	
Benambra	130	26	20.00	104	80.00	8.98	
Bendoc	84	28	33.33	56	66.67	-1.83	
Berrys Creek	106	11	10.38	95	89.62	-2.39	
Boisdale	181	61	33.70	120	66.30	5.74	
Bonang	59	23	38.98	36	61.02	1.95	
Briagolong	507	253	49.90	254	50.10	1.24
Bruthen	704	377	53.55	327	46.45	3.28
Buchan	234	112	47.86	122	52.14	6.48
Bundalaguah	276	73	26.45	203	73.55	1.77
Cann River	233	102	43.78	131	56.22	4.12
Cape Paterson	418	258	61.72	160	38.28	1.45
Carrajung South	117	47	40.17	70	59.83	-1.10
Cobains	205	55	26.83	150	73.17	6.64
Coongulla	110	56	50.91	54	49.09	-5.97
Cowwarr	238	92	38.66	146	61.34	4.14
Dargo	116	38	32.76	78	67.24	5.31
Denison	197	32	16.24	165	83.76	1.02
Devon North	255	65	25.49	190	74.51	-6.68
Dudley	390	217	55.64	173	44.36	-3.14
Dumbalk	359	98	27.30	261	72.70	-2.11
Eagle Point	547	243	44.42	304	55.58	1.80
Ellaswood	156	57	36.54	99	63.46	-1.78
Ensay	139	46	33.09	93	66.91	0.55
Fernbank	74	19	25.68	55	74.32	-10.32
Fish Creek	591	202	34.18	389	65.82	2.64
Foster	1296	572	44.14	724	55.86	-2.25
Genoa	83	34	40.96	49	59.04	-3.83
Glengarry	687	311	45.27	376	54.73	5.35
Glenmaggie	98	34	34.69	64	65.31	6.60
Golden Beach	194	115	59.28	79	40.72	-8.16
Gormandale	328	120	36.59	208	63.41	-1.45
Heyfield	1207	522	43.25	685	56.75	-3.19
Inverloch	2239	1164	51.99	1075	48.01	0.51
Johnsonville	537	213	39.66	324	60.34	-1.89
Kilmany	113	29	25.66	84	74.34	4.89
Kongwak	216	66	30.56	150	69.44	4.03
Koonwarra	282	78	27.66	204	72.34	-2.52
Korumburra	2279	949	41.64	1330	58.36	-0.17
Lakes Entrance	3278	1378	42.04	1900	57.96	0.72
Leongatha	3256	1114	34.21	2142	65.79	2.33
Leongatha South	166	27	16.27	139	83.73	-5.39
Lindenow	736	248	33.70	488	66.30	6.52
Loch	246	75	30.49	171	69.51	-2.48
Loch Sport	503	256	50.89	247	49.11	-3.84
Longford	593	218	36.76	375	63.24	2.19
Lucknow	1263	511	40.46	752	59.54	-0.88
Maffra	2624	1038	39.56	1586	60.44	-1.06
Mallacoota	626	323	51.60	303	48.40	-3.35
Mardan	102	19	18.63	83	81.37	0.00
Marlo	317	147	46.37	170	53.63	2.46
Meeniyan	704	267	37.93	437	62.07	2.53
Meerlieu	130	39	30.00	91	70.00	-3.09
Melbourne (Gippsland)	67	28	41.79	39	58.21	0.28
Metung	544	198	36.40	346	63.60	4.01
Mirboo North	1354	649	47.93	705	52.07	-1.36
Mount Eccles	136	39	28.68	97	71.32	3.68
Nambrok	212	35	16.51	177	83.49	4.39
Nerrena	150	27	18.00	123	82.00	-4.46
Newmerella	276	85	30.80	191	69.20	-1.07
Newry	252	58	23.02	194	76.98	1.84
Nicholson	644	311	48.29	333	51.71	-0.38
Nowa Nowa	197	91	46.19	106	53.81	-4.66
Nungurner	171	80	46.78	91	53.22	9.20
Omeo	307	112	36.48	195	63.52	5.77
Orbost	1376	592	43.02	784	56.98	1.18
Paynesville	2109	888	42.11	1221	57.89	0.68
Poowong	506	143	28.26	363	71.74	1.40
Port Albert	207	105	50.72	102	49.28	-0.21
Port Franklin	113	34	30.09	79	69.91	-2.32
Rosedale	923	436	47.24	487	52.76	7.90
Sale	3165	1294	40.88	1871	59.12	1.64
Sale East	2005	647	32.27	1358	67.73	0.77
Sale North	2092	963	46.03	1129	53.97	0.72
Seaspray	264	108	40.91	156	59.09	-3.19
Special Hospital Team 1	182	49	26.92	133	73.08	-2.15
Special Hospital Team 2	131	53	40.46	78	59.54	-3.06
Special Hospital Team 3	168	51	30.36	117	69.64	-1.00
Staceys Bridge	132	21	15.91	111	84.09	-0.76
Stradbroke	134	50	37.31	84	62.69	-3.49
Stratford	1392	560	40.23	832	59.77	1.67
Swifts Creek	266	124	46.62	142	53.38	1.46
Tarwin Lower	592	263	44.43	329	55.57	-0.33
Tinamba	242	46	19.01	196	80.99	1.07
Toongabbie	422	216	51.18	206	48.82	-7.43
Toora	517	219	42.36	298	57.64	-2.60
Toorloo Arm	560	280	50.00	280	50.00	6.70	
Valencia Creek	124	44	35.48	80	64.52	11.67	
Welshpool	532	196	36.84	336	63.16	-2.38	
Won Wron	106	44	41.51	62	58.49	7.32	
Wonthaggi	1894	1197	63.20	697	36.80	1.30	
Wonthaggi North	1777	1000	56.27	777	43.73	-1.69	
Woodside	340	158	46.47	182	53.53	6.79	
Wurruk	350	128	36.57	222	63.43	-0.06	
Wy Yung	737	224	30.39	513	69.61	0.26	
Yanakie	168	62	36.90	106	63.10	-3.48	
Yarram	1408	585	41.55	823	58.45	3.93	
ABSENT	3939	1834	46.56	2105	53.44	-	
POSTAL	2487	962	38.68	1525	61.32	-	
PRE POLL	3295	1302	39.51	1993	60.49	-	
PROVISIONAL	331	157	47.43	174	52.57	-	
Division Total	75753	31775	41.95	43978	58.05	0.78	
							
							
Goldstein							
							
Polling Place	Formal	POWNING		KEMP		Swing	
	Votes	(ALP)	%	(LP)	%	%	
Beaumaris	1453	403	27.74	1050	72.26	0.09	
Beaumaris Central	3305	1048	31.71	2257	68.29	1.58	
Beaumaris East (Goldstein)	1267	475	37.49	792	62.51	1.52	
Beaumaris North	1062	341	32.11	721	67.89	-0.73	
Bentleigh	2921	1397	47.83	1524	52.17	-4.34	
Bentleigh Central (Goldstein)	1233	605	49.07	628	50.93	0.65	
Bentleigh West	1942	946	48.71	996	51.29	-3.44	
Black Rock	1709	648	37.92	1061	62.08	1.48	
Black Rock South	1662	508	30.57	1154	69.43	-2.04	
Brighton	3785	1196	31.60	2589	68.40	0.87	
Brighton Beach	1937	472	24.37	1465	75.63	0.96
Brighton East	1942	749	38.57	1193	61.43	-3.27
Brighton High	1059	373	35.22	686	64.78	-1.11
Carnegie	1356	774	57.08	582	42.92	-1.61
Cheltenham (Goldstein)	1136	499	43.93	637	56.07	1.09
Cheltenham West	824	419	50.85	405	49.15	0.44
Dendy	2504	738	29.47	1766	70.53	-1.03
Elsternwick South	1042	465	44.63	577	55.37	0.34
Gardenvale	2556	789	30.87	1767	69.13	0.35
Glenhuntly	2902	1185	40.83	1717	59.17	-5.90
Glenhuntly East	2287	1246	54.48	1041	45.52	-2.94
Hampton	2625	1024	39.01	1601	60.99	-0.18
Hampton Central	1508	685	45.42	823	54.58	0.43
Hemming	468	246	52.56	222	47.44	-4.70
Highett	2358	1259	53.39	1099	46.61	-4.17
Highett West	1906	895	46.96	1011	53.04	-5.93
Holloway	1051	392	37.30	659	62.70	-0.91
Landcox	1359	577	42.46	782	57.54	-0.17
Ludstone	2164	986	45.56	1178	54.44	-2.19
McKinnon	2764	1321	47.79	1443	52.21	-3.44
McKinnon East	1697	887	52.27	810	47.73	1.67
Melbourne (Goldstein)	93	36	38.71	57	61.29	-1.02
Middle Brighton	2644	700	26.48	1944	73.52	0.35
Moorabbin West	1625	877	53.97	748	46.03	-3.82
Ormond	1392	739	53.09	653	46.91	-4.69
Ormond West	1775	851	47.94	924	52.06	-1.33
Sandringham	1825	743	40.71	1082	59.29	1.47
Sandringham North	1666	744	44.66	922	55.34	-2.09
Special Hospital Team 1	111	40	36.04	71	63.96	7.97
Special Hospital Team 2	192	62	32.29	130	67.71	5.85
ABSENT	5150	2230	43.30	2920	56.70	-
POSTAL	4061	1241	30.56	2820	69.44	-
PRE POLL	3925	1508	38.42	2417	61.58	-	
PROVISIONAL	338	140	41.42	198	58.58	-	
Division Total	82581	33459	40.52	49122	59.48	-1.33	
							
							
Higgins							
							
Polling Place	Formal	STEPHENS		COSTELLO		Swing	
	Votes	(ALP)	%	(LP)	%	%	
Alamein	800	480	60.00	320	40.00	-1.51	
Armadale	1864	686	36.80	1178	63.20	-0.68	
Ashburton	2389	1152	48.22	1237	51.78	1.33	
Burwood	1059	479	45.23	580	54.77	2.64	
Burwood West	1167	507	43.44	660	56.56	3.67	
Camberwell	1204	428	35.55	776	64.45	-1.47	
Camberwell Middle	1172	426	36.35	746	63.65	1.20	
Camberwell South	2393	909	37.99	1484	62.01	2.24
Carnegie North	1506	627	41.63	879	58.37	-0.52
Carnegie Upper	1327	765	57.65	562	42.35	-0.65
Chadstone	2137	1109	51.90	1028	48.10	2.28
Darling	1116	308	27.60	808	72.40	-5.15
Fawkner Park (Higgins)	1633	751	45.99	882	54.01	3.73
Ferndale	793	281	35.44	512	64.56	-2.08
Gardiner	2006	850	42.37	1156	57.63	-0.72
Glen Iris	2771	1089	39.30	1682	60.70	1.05
Glen Iris South	1667	729	43.73	938	56.27	3.36
Hartwell West	577	253	43.85	324	56.15	3.66
Hawksburn	2994	1132	37.81	1862	62.19	-1.63
Hawksburn Central	1088	637	58.55	451	41.45	0.23
Hughesdale North	611	374	61.21	237	38.79	7.20
Kooyong Park	1345	316	23.49	1029	76.51	4.33
Malvern	2810	1079	38.40	1731	61.60	0.84
Malvern Central	1647	763	46.33	884	53.67	2.55
Malvern East	3621	1620	44.74	2001	55.26	2.40
Malvern Lower	1764	439	24.89	1325	75.11	0.25
Malvern South	3551	1420	39.99	2131	60.01	2.58
Malvern West	912	363	39.80	549	60.20	-2.39
Melbourne (Higgins)	220	112	50.91	108	49.09	3.97
Murrumbeena	1732	884	51.04	848	48.96	2.04
Oakleigh (Higgins)	289	177	61.25	112	38.75	9.70
Orrong	1675	821	49.01	854	50.99	0.74
Prahran	1954	1234	63.15	720	36.85	-0.64
Prahran East	2882	1633	56.66	1249	43.34	-2.27
South Yarra	650	375	57.69	275	42.31	1.12
Special Hospital Team 1	214	64	29.91	150	70.09	3.93
Special Hospital Team 2	64	15	23.44	49	76.56	-5.86
Toorak	2982	603	20.22	2379	79.78	1.22
Toorak Central	1469	488	33.22	981	66.78	3.99
Toorak West	1518	391	25.76	1127	74.24	2.78	
Windsor	931	568	61.01	363	38.99	-2.92	
ABSENT	6705	2964	44.21	3741	55.79	-	
POSTAL	3916	1094	27.94	2822	72.06	-	
PRE POLL	4263	1625	38.12	2638	61.88	-	
PROVISIONAL	391	176	45.01	215	54.99	-	
Division Total	79779	33196	41.61	46583	58.39	1.23	
							
							
Holt							
							
Polling Place	Formal	BYRNE		WOOD		Swing	
	Votes	(ALP)	%	(LP)	%	%	
Chandler	2285	1570	68.71	715	31.29	-5.55	
Cleeland	2463	1702	69.10	761	30.90	4.87	
Coomoora	4034	2828	70.10	1206	29.90	-2.80	
Coral Park	3154	2105	66.74	1049	33.26	0.50
Dandenong	2002	1242	62.04	760	37.96	-1.19
Dandenong South	1847	1450	78.51	397	21.49	-1.35
Dandenong West (Holt)	1140	796	69.82	344	30.18	-0.31
Douglas	794	583	73.43	211	26.57	1.25
Doveton	2057	1408	68.45	649	31.55	-3.04
Doveton North	1456	1081	74.24	375	25.76	-3.82
Doveton West	1232	872	70.78	360	29.22	-3.19
Endeavour Hills	3243	1972	60.81	1271	39.19	-2.73
Endeavour Hills East	5012	3010	60.06	2002	39.94	-0.78
Endeavour Hills North	1665	930	55.86	735	44.14	-2.14
Fountain Gate	3468	2000	57.67	1468	42.33	0.95
Gleneagles	3735	2372	63.51	1363	36.49	-2.35
Hallam	3596	2162	60.12	1434	39.88	-0.67
Hampton Park	3078	1968	63.94	1110	36.06	-0.69
Hampton Park East	4271	2740	64.15	1531	35.85	-0.77
Keysborough	1451	965	66.51	486	33.49	-1.20	
Maralinga	1785	1273	71.32	512	28.68	-0.17	
Maramba	3450	1716	49.74	1734	50.26	-0.76	
Melbourne (Holt)	62	29	46.77	33	53.23	-19.89	
Narre Warren (Holt)	2837	1439	50.72	1398	49.28	-0.26	
Noble Park	2337	1665	71.25	672	28.75	-2.79	
Southvale	1439	1019	70.81	420	29.19	-2.85	
Special Hospital Team 1	214	78	36.45	136	63.55	0.48	
Special Hospital Team 2	50	33	66.00	17	34.00	-2.75	
Wallarano	3463	2320	66.99	1143	33.01	-1.03	
ABSENT	5035	2860	56.80	2175	43.20	-	
POSTAL	2553	1447	56.68	1106	43.32	-	
PRE POLL	3002	1797	59.86	1205	40.14	-	
PROVISIONAL	874	646	73.91	228	26.09	-	
Division Total	79084	50078	63.32	29006	36.68	-1.79	
							
							
Hotham							
							
Polling Place	Formal	CREAN		RUFFOLO		Swing	
	Votes	(ALP)	%	(LP)	%	%	
Bentleigh Central (Hotham)	2436	1263	51.85	1173	48.15	-1.73	
Bentleigh East	2038	1012	49.66	1026	50.34	-3.30	
Carnegie East	2250	1327	58.98	923	41.02	-2.20	
Cheltenham East (Hotham)	2320	1162	50.09	1158	49.91	-1.96	
Cheltenham North	2480	1411	56.90	1069	43.10	-0.34	
Clarinda	2466	1844	74.78	622	25.22	0.01	
Clarinda South	2623	2100	80.06	523	19.94	-0.49	
Clayton South	3474	2684	77.26	790	22.74	-2.62	
Clayton West	1065	753	70.70	312	29.30	-4.17	
Coatesville	3748	2028	54.11	1720	45.89	-3.47	
Dingley Village	4286	1597	37.26	2689	62.74	-3.46	
Heatherhill	1938	1512	78.02	426	21.98	1.61
Heatherton North	1234	766	62.07	468	37.93	-5.71
Hughesdale	2768	1773	64.05	995	35.95	-0.50
Hughesdale South	2078	1197	57.60	881	42.40	-1.34
Kingston Heath	2176	1171	53.81	1005	46.19	-3.10
Kingswood	1933	785	40.61	1148	59.39	-3.83
Melbourne (Hotham)	54	37	68.52	17	31.48	-0.37
Mentone Park	1224	620	50.65	604	49.35	-2.53
Moorabbin Heights	2173	1228	56.51	945	43.49	-0.78
Moorabbin South	1278	688	53.83	590	46.17	-1.31
Moorabbin South East	2123	1159	54.59	964	45.41	-3.62
Murrumbeena South	2359	1232	52.23	1127	47.77	-2.90
Oakleigh (Hotham)	403	264	65.51	139	34.49	-0.40
Oakleigh Central	1451	928	63.96	523	36.04	-3.27
Oakleigh South	1872	1218	65.06	654	34.94	0.21
Southland	822	419	50.97	403	49.03	-5.62
Southmoor	850	500	58.82	350	41.18	-3.52	
Special Hospital Team 1	99	44	44.44	55	55.56	-5.56	
Special Hospital Team 2	198	83	41.92	115	58.08	-4.55	
Spring Valley	1687	1332	78.96	355	21.04	1.11	
Springvale	2394	1948	81.37	446	18.63	-2.91	
Springvale South	2237	1665	74.43	572	25.57	0.29	
Springvale West	2032	1702	83.76	330	16.24	-4.23	
Valkstone	1150	573	49.83	577	50.17	-2.86	
Westall	2972	2405	80.92	567	19.08	-4.57	
ABSENT	5295	3052	57.64	2243	42.36	-	
POSTAL	3854	2075	53.84	1779	46.16	-	
PRE POLL	3167	1828	57.72	1339	42.28	-	
PROVISIONAL	448	316	70.54	132	29.46	-	
Division Total	81455	49701	61.02	31754	38.98	-2.57	
							
							
Indi							
							
Polling Place	Formal	MURDOCH		PANOPOULOS		Swing	
	Votes	(ALP)	%	(LP)	%	%	
Arcadia	133	34	25.56	99	74.44	-5.21	
Baddaginnie	228	93	40.79	135	59.21	6.23	
Baranduda	598	194	32.44	404	67.56	-1.95	
Barnawartha	633	215	33.97	418	66.03	-3.41	
Beechworth	1852	1002	54.10	850	45.90	-1.84	
Benalla	2882	1178	40.87	1704	59.13	-2.06	
Benalla District Hospital	41	10	24.39	31	75.61	-19.51	
Benalla West	2572	1001	38.92	1571	61.08	-3.69	
Bethanga	505	145	28.71	360	71.29	-3.66	
Bonegilla	365	120	32.88	245	67.12	2.19	
Boorhaman	150	24	16.00	126	84.00	-1.69	
Boosey	118	27	22.88	91	77.12	-0.13	
Bright	1438	584	40.61	854	59.39	-1.84
Bullioh	140	42	30.00	98	70.00	1.33
Bundalong	242	74	30.58	168	69.42	-4.20
Caniambo	74	12	16.22	62	83.78	2.64
Cheshunt	156	54	34.62	102	65.38	-0.87
Chiltern	902	513	56.87	389	43.13	5.97
Corryong	1035	328	31.69	707	68.31	-0.54
Cudgewa	226	46	20.35	180	79.65	1.60
Dederang	239	54	22.59	185	77.41	0.01
Devenish	142	41	28.87	101	71.13	0.22
Eldorado	222	91	40.99	131	59.01	-4.54
Eskdale	242	54	22.31	188	77.69	-5.53
Euroa	2292	906	39.53	1386	60.47	0.54
Everton	174	64	36.78	110	63.22	-1.68
Falls Creek	53	18	33.96	35	66.04	-2.40
Gapsted	155	60	38.71	95	61.29	-4.88
Glenrowan	710	250	35.21	460	64.79	-1.85
Goorambat	177	45	25.42	132	74.58	-3.80
Greta Valley	151	47	31.13	104	68.87	-0.80
Harrietville	178	78	43.82	100	56.18	3.52
Invergordon	366	70	19.13	296	80.87	-2.23
Katandra West	515	124	24.08	391	75.92	-4.82
Kergunyah	222	60	27.03	162	72.97	2.78
Kiewa	541	142	26.25	399	73.75	-0.67
Londrigan	160	63	39.37	97	60.62	11.28
Lurg	179	77	43.02	102	56.98	6.28
Markwood	228	78	34.21	150	65.79	-5.40
Melbourne (Indi)	67	39	58.21	28	41.79	20.33
Milawa	337	96	28.49	241	71.51	-1.79
Mitta Mitta	162	37	22.84	125	77.16	-3.20
Molyullah	93	30	32.26	63	67.74	5.41
Mongans Bridge	130	40	30.77	90	69.23	9.17
Mount Beauty	988	492	49.80	496	50.20	-1.68
Mount Hotham	18	6	33.33	12	66.67	-7.69
Moyhu	479	129	26.93	350	73.07	-3.35
Mudgegonga	151	50	33.11	101	66.89	8.85
Myrrhee	97	32	32.99	65	67.01	3.29
Myrtleford	2329	932	40.02	1397	59.98	-3.69
Oxley	348	103	29.60	245	70.40	-0.77
Porepunkah	625	241	38.56	384	61.44	1.42
Rutherglen	1514	605	39.96	909	60.04	-1.99
Sandy Creek	157	57	36.31	100	63.69	10.31
Special Hospital Team 1	207	58	28.02	149	71.98	-7.16
Springhurst	222	72	32.43	150	67.57	-1.06
St James	199	40	20.10	159	79.90	-5.02
Stanley	210	110	52.38	100	47.62	5.35
Strathbogie	224	81	36.16	143	63.84	4.03
Swanpool	360	132	36.67	228	63.33	-1.61
Tallangatta	802	277	34.54	525	65.46	1.17
Tallangatta Valley	103	20	19.42	83	80.58	5.93
Tarrawingee	223	66	29.60	157	70.40	1.82
Tatong	176	68	38.64	108	61.36	-0.22
Tawonga	373	156	41.82	217	58.18	-0.99
Thoona	215	69	32.09	146	67.91	6.76
Tungamah	278	132	47.48	146	52.52	0.40
Violet Town	746	307	41.15	439	58.85	-1.14
Wahgunyah	503	209	41.55	294	58.45	-1.94
Walwa	178	56	31.46	122	68.54	-3.52
Wandiligong	197	109	55.33	88	44.67	6.34
Wangaratta	2029	819	40.36	1210	59.64	-3.56
Wangaratta Hospital	169	75	44.38	94	55.62	0.12
Wangaratta West	2214	860	38.84	1354	61.16	-2.26
West End	2452	859	35.03	1593	64.97	-1.33
Whitfield	205	93	45.37	112	54.63	5.47
Whorouly	352	87	24.72	265	75.28	-2.61	
Wodonga	6706	2680	39.96	4026	60.04	-2.61	
Wodonga Central	3190	1325	41.54	1865	58.46	-1.42	
Wodonga District Hospital	270	111	41.11	159	58.89	-1.99	
Wodonga South	3053	1084	35.51	1969	64.49	-3.42	
Wodonga West	2213	893	40.35	1320	59.65	-0.10	
Wooragee	202	66	32.67	136	67.33	-6.68	
Yackandandah	1087	465	42.78	622	57.22	1.93	
Yarrawonga	1409	574	40.74	835	59.26	-3.65	
Yarrawonga West	1609	559	34.74	1050	65.26	-3.35	
Yarrunga	3336	1558	46.70	1778	53.30	-4.26	
ABSENT	3592	1527	42.51	2065	57.49	-	
POSTAL	2755	906	32.89	1849	67.11	-	
PRE POLL	6605	2620	39.67	3985	60.33	-	
PROVISIONAL	341	171	50.15	170	49.85	-	
Division Total	77736	30201	38.85	47535	61.15	-1.04	
							
							
Isaacs							
							
Polling Place	Formal	CORCORAN		SHEPHERDSON		Swing	
	Votes	(ALP)	%	(LP)	%	%	
Aspendale	2659	1314	49.42	1345	50.58	-6.17	
Aspendale Gardens	2598	1411	54.31	1187	45.69	-3.67	
Aspendale North	920	436	47.39	484	52.61	-4.15	
Beaumaris East (Isaacs)	2318	1048	45.21	1270	54.79	-1.53	
Belvedere Park (Isaacs)	2388	1402	58.71	986	41.29	-1.71	
Bonbeach	1088	618	56.80	470	43.20	-7.08	
Carrum	1763	1051	59.61	712	40.39	-4.14	
Carrum Downs	1330	777	58.42	553	41.58	2.31	
Chelsea	1287	714	55.48	573	44.52	-6.21	
Chelsea Central	2794	1660	59.41	1134	40.59	-5.18	
Chelsea Heights	3789	2195	57.93	1594	42.07	-3.64
Cheltenham (Isaacs)	1079	519	48.10	560	51.90	-0.89
Cheltenham East (Isaacs)	445	230	51.69	215	48.31	-7.42
Cheltenham South	1151	541	47.00	610	53.00	-5.87
Courtney Gardens	3043	1692	55.60	1351	44.40	-2.96
Cranbourne (Isaacs)	2202	1193	54.18	1009	45.82	-3.68
Cranbourne Park	3112	1731	55.62	1381	44.38	-5.34
Cranbourne West	2673	1568	58.66	1105	41.34	-3.99
Edithvale	3320	1768	53.25	1552	46.75	-5.02
Lyndhurst	2232	1273	57.03	959	42.97	-0.59
Lyrebird	3114	1809	58.09	1305	41.91	-2.09
Melbourne (Isaacs)	51	29	56.86	22	43.14	-5.64
Mentone	2308	1057	45.80	1251	54.20	-0.50
Mentone North	1378	660	47.90	718	52.10	-1.94
Mordialloc East	1990	1142	57.39	848	42.61	-4.79
Parkdale	2791	1332	47.72	1459	52.28	-3.98
Parkdale Central	1359	696	51.21	663	48.79	-1.71	
Parkdale East	2506	1260	50.28	1246	49.72	-6.13	
Patterson Lakes	3348	1239	37.01	2109	62.99	-3.65	
Rowellyn Park	2749	1606	58.42	1143	41.58	-2.41	
Skye (Isaacs)	673	364	54.09	309	45.91	-2.03	
Special Hospital Team 1	145	74	51.03	71	48.97	-4.82	
Special Hospital Team 2	286	137	47.90	149	52.10	4.10	
ABSENT	4128	2185	52.93	1943	47.07	-	
POSTAL	3444	1558	45.24	1886	54.76	-	
PRE POLL	2561	1295	50.57	1266	49.43	-	
PROVISIONAL	735	427	58.10	308	41.90	-	
Division Total	75757	40011	52.81	35746	47.19	-3.59	
							
							
Jagajaga							
							
Polling Place	Formal	MACKLIN		JONES		Swing	
	Votes	(ALP)	%	(LP)	%	%	
Banyule	2466	1386	56.20	1080	43.80	2.34	
Briar Hill	2574	1402	54.47	1172	45.53	-0.66	
Bundoora	1973	1263	64.01	710	35.99	-0.73	
Eaglemont	1348	609	45.18	739	54.82	3.58	
Eltham	3945	2070	52.47	1875	47.53	-0.24	
Eltham East	3213	1674	52.10	1539	47.90	2.10	
Eltham North	1964	1031	52.49	933	47.51	2.52	
Eltham Woods	839	390	46.48	449	53.52	-0.20	
Fairy Hills	1342	617	45.98	725	54.02	0.95	
Glen Katherine	3124	1510	48.34	1614	51.66	1.09	
Golf Links	1137	570	50.13	567	49.87	-1.08	
Grace Park	1330	762	57.29	568	42.71	-3.71	
Greensborough Central	1120	632	56.43	488	43.57	-1.87	
Haig	2010	1462	72.74	548	27.26	-1.81	
Heidelberg	3286	1813	55.17	1473	44.83	0.75
Heidelberg North	2458	1962	79.82	496	20.18	-3.04
Heidelberg West	1383	1014	73.32	369	26.68	-4.59
Ivanhoe	2807	1655	58.96	1152	41.04	1.10
Ivanhoe East	2376	1119	47.10	1257	52.90	4.27
Ivanhoe West	1730	1242	71.79	488	28.21	-2.57
Lower Plenty	1931	790	40.91	1141	59.09	1.21
Macleod	3182	1854	58.27	1328	41.73	-0.84
Melbourne (Jagajaga)	105	65	61.90	40	38.10	-3.53
Montmorency	3655	1992	54.50	1663	45.50	0.27
Montmorency South	1682	956	56.84	726	43.16	-2.28
Repatriation Hospital	271	192	70.85	79	29.15	-0.94
Research (Jagajaga)	1327	595	44.84	732	55.16	-3.85
Rosanna	2091	1092	52.22	999	47.78	1.80
Rosanna East	935	478	51.12	457	48.88	-0.41
Special Hospital Team 1	209	96	45.93	113	54.07	-0.16
Telfer Reserve	555	359	64.68	196	35.32	-2.39	
Viewbank	2208	1199	54.30	1009	45.70	1.38	
Warringal Parklands	665	339	50.98	326	49.02	1.66	
Watsonia	2590	1529	59.03	1061	40.97	-2.05	
Watsonia Central	958	590	61.59	368	38.41	0.05	
Watsonia South	1173	717	61.13	456	38.87	-1.31	
Yallambie	2532	1180	46.60	1352	53.40	-3.53	
ABSENT	4795	2676	55.81	2119	44.19	-	
POSTAL	4206	2333	55.47	1873	44.53	-	
PRE POLL	3422	1798	52.54	1624	47.46	-	
PROVISIONAL	267	157	58.80	110	41.20	-	
Division Total	81184	45170	55.64	36014	44.36	-0.27	
							
							
Kooyong							
							
Polling Place	Formal	WILSON		GEORGIOU		Swing	
	Votes	(ALP)	%	(LP)	%	%	
Auburn	1527	714	46.76	813	53.24	-0.64	
Auburn North	2777	1241	44.69	1536	55.31	1.14	
Auburn South	3255	1146	35.21	2109	64.79	-0.94	
Balwyn	2437	846	34.71	1591	65.29	-0.90	
Balwyn Central	1466	522	35.61	944	64.39	2.17	
Balwyn North	3214	1344	41.82	1870	58.18	-2.73	
Balwyn North Central	1604	505	31.48	1099	68.52	0.06	
Balwyn North East	3830	1482	38.69	2348	61.31	1.62	
Balwyn North West	1408	539	38.28	869	61.72	0.96	
Balwyn West	1749	742	42.42	1007	57.58	0.14	
Boroondara	2212	865	39.10	1347	60.90	3.57	
Camberwell East	1071	353	32.96	718	67.04	1.62	
Camberwell North	2029	587	28.93	1442	71.07	0.01	
Canterbury North	1597	639	40.01	958	59.99	-0.04	
Canterbury South	2938	1141	38.84	1797	61.16	-0.88
Chatham	1697	722	42.55	975	57.45	-1.01
Cotham	2213	639	28.87	1574	71.13	1.55
Deepdene	1193	382	32.02	811	67.98	-0.19
Glenferrie	2917	1321	45.29	1596	54.71	-0.95
Glenferrie Central	1456	666	45.74	790	54.26	3.10
Glenferrie South	1382	411	29.74	971	70.26	0.26
Hartwell	1981	882	44.52	1099	55.48	-0.34
Hawthorn	2666	1159	43.47	1507	56.53	-3.32
Highfield Park	1961	815	41.56	1146	58.44	3.61
Hyde Park	1233	549	44.53	684	55.47	-3.90
Kew	3472	1686	48.56	1786	51.44	0.77
Kew East	1498	689	45.99	809	54.01	2.71
Kew North	2415	1098	45.47	1317	54.53	-0.37
Kew South	2395	941	39.29	1454	60.71	1.05
Melbourne (Kooyong)	168	84	50.00	84	50.00	-2.34
Special Hospital Team 1	219	65	29.68	154	70.32	4.03	
Special Hospital Team 2	176	53	30.11	123	69.89	4.08	
Special Hospital Team 3	173	45	26.01	128	73.99	-3.55	
Studley Park	1588	531	33.44	1057	66.56	-0.69	
Surrey Hills West	1383	561	40.56	822	59.44	-0.26	
Willison	1173	421	35.89	752	64.11	1.47	
ABSENT	6029	2405	39.89	3624	60.11	-	
POSTAL	3828	1060	27.69	2768	72.31	-	
PRE POLL	3640	1375	37.77	2265	62.23	-	
PROVISIONAL	351	151	43.02	200	56.98	-	
Division Total	80321	31377	39.06	48944	60.94	0.45	
							
							
Lalor							
							
Polling Place	Formal	GILLARD		McCONNELL		Swing	
	Votes	(ALP)	%	(LP)	%	%	
Altona	3090	1920	62.14	1170	37.86	-9.19	
Altona Bay	4545	3356	73.84	1189	26.16	-2.21	
Altona Meadows	3789	2845	75.09	944	24.91	-3.29	
Altona West	1872	1235	65.97	637	34.03	-1.30	
Ardeer East (Lalor)	339	266	78.47	73	21.53	-2.67	
Ardeer South	2342	1858	79.33	484	20.67	-6.79	
Bellbridge	4384	2908	66.33	1476	33.67	-3.01	
Cambridge	2935	1860	63.37	1075	36.63	-2.34	
Derrimut Heath	2327	1415	60.81	912	39.19	-1.99	
Exford	130	68	52.31	62	47.69	-4.53	
Galvin Park	3393	2205	64.99	1188	35.01	-4.96	
Glengala (Lalor)	2212	1752	79.20	460	20.80	-4.55	
Glengala South	1819	1484	81.58	335	18.42	-6.64	
Glenorden	2339	1690	72.25	649	27.75	-5.61	
Iramoo	3380	2268	67.10	1112	32.90	-3.55	
Laverton	1178	858	72.84	320	27.16	-1.62
Laverton North	1994	1485	74.47	509	25.53	-4.88
Little River	399	204	51.13	195	48.87	-4.23
Manorvale	2631	1556	59.14	1075	40.86	-6.09
Melbourne (Lalor)	81	48	59.26	33	40.74	-10.44
Mossfiel	4209	2714	64.48	1495	35.52	-3.53
Point Cook	94	45	47.87	49	52.13	4.68
Seabrook	3482	2216	63.64	1266	36.36	-2.88
Seaholme	2506	1567	62.53	939	37.47	-2.86
Special Hospital Team 1	19	10	52.63	9	47.37	-32.55
The Grange	2239	1451	64.81	788	35.19	-3.72
Thomas Chirnside	1654	1038	62.76	616	37.24	-5.47
Werribee	3116	1593	51.12	1523	48.88	-5.83
Werribee Central	2311	1241	53.70	1070	46.30	-4.60
Werribee South	855	334	39.06	521	60.94	-2.35
Westgrove	1809	1258	69.54	551	30.46	-4.14
Woodville	3003	1874	62.40	1129	37.60	-4.50	
ABSENT	3980	2513	63.14	1467	36.86	-	
POSTAL	2025	1266	62.52	759	37.48	-	
PRE POLL	4734	2884	60.92	1850	39.08	-	
PROVISIONAL	527	359	68.12	168	31.88	-	
Division Total	81742	53644	65.63	28098	34.37	-4.19	
							
							
La Trobe							
							
Polling Place	Formal	STAINDL		CHARLES		Swing	
	Votes	(ALP)	%	(LP)	%	%	
Bayswater East	819	391	47.74	428	52.26	-5.04	
Beaconsfield	1611	598	37.12	1013	62.88	-0.64	
Beaconsfield Upper	1656	574	34.66	1082	65.34	0.89	
Belgrave	1393	823	59.08	570	40.92	0.89	
Belgrave South	2130	997	46.81	1133	53.19	-1.04
Berwick	4691	1474	31.42	3217	68.58	-1.61
Berwick Lodge	2488	1055	42.40	1433	57.60	-3.58
Berwick South	3472	1403	40.41	2069	59.59	-5.65
Boronia	2056	1042	50.68	1014	49.32	-4.52
Boronia Central	1265	636	50.28	629	49.72	-3.98
Boronia East	1821	960	52.72	861	47.28	-2.43
Boronia North	2536	1226	48.34	1310	51.66	-1.81
Clematis	357	176	49.30	181	50.70	2.63
Cockatoo	1904	1034	54.31	870	45.69	-3.86
Emerald	3280	1526	46.52	1754	53.48	-3.34
Fairhills	2083	1125	54.01	958	45.99	-4.32
Ferntree Gully	1624	816	50.25	808	49.75	-5.73
Ferntree Gully North	2140	1047	48.93	1093	51.07	-3.15
Ferntree Gully Upper	1690	933	55.21	757	44.79	-3.43
Ferntree Gully West	2735	1366	49.95	1369	50.05	-4.30
Ferny Creek	765	397	51.90	368	48.10	-0.36
Gembrook	918	463	50.44	455	49.56	1.60
Hallam Valley	2655	1291	48.63	1364	51.37	-2.50
Harkaway	606	175	28.88	431	71.12	0.58
Kallista (La Trobe)	211	98	46.45	113	53.55	-0.54
Macclesfield	659	294	44.61	365	55.39	-2.28
Melbourne (La Trobe)	48	25	52.08	23	47.92	-2.20
Menzies Creek	478	226	47.28	252	52.72	1.00
Mount Dandenong (La Trobe)	479	252	52.61	227	47.39	2.42
Narre Warren (La Trobe)	2308	1129	48.92	1179	51.08	-2.44
Narre Warren East	353	94	26.63	259	73.37	-1.06
Narre Warren North	1022	359	35.13	663	64.87	2.94
Oatlands	2173	1084	49.88	1089	50.12	-0.26
Officer	638	184	28.84	454	71.16	-2.74
Olinda	536	261	48.69	275	51.31	0.45
Pakenham Upper (La Trobe)	173	53	30.64	120	69.36	2.25
Sassafras	778	403	51.80	375	48.20	0.00	
Selby	882	556	63.04	326	36.96	5.64	
Special Hospital Team 1	306	82	26.80	224	73.20	4.35	
Special Hospital Team 2	222	99	44.59	123	55.41	-8.38	
Tecoma	1875	1080	57.60	795	42.40	2.62	
The Basin	2610	1263	48.39	1347	51.61	-1.32	
Timbarra	2125	927	43.62	1198	56.38	-1.44	
Upwey	3563	1912	53.66	1651	46.34	-2.71	
ABSENT	5470	2520	46.07	2950	53.93	-	
POSTAL	3868	1624	41.99	2244	58.01	-	
PRE POLL	2940	1217	41.39	1723	58.61	-	
PROVISIONAL	386	162	41.97	224	58.03	-	
Division Total	80798	37432	46.33	43366	53.67	-2.68	
							
							
McEwen							
							
Polling Place	Formal	MACLEOD		BAILEY		Swing	
	Votes	(ALP)	%	(LP)	%	%	
Alexandra	1629	650	39.90	979	60.10	0.87	
Arthurs Creek	363	118	32.51	245	67.49	3.45	
Avenel	618	279	45.15	339	54.85	1.37	
Badger Creek	1256	647	51.51	609	48.49	-3.53	
Beveridge	237	123	51.90	114	48.10	10.48	
Bonnie Doon	301	109	36.21	192	63.79	1.92	
Broadford	2044	1159	56.70	885	43.30	-1.19	
Buxton	245	84	34.29	161	65.71	-4.39	
Christmas Hills	128	85	66.41	43	33.59	10.71	
Clonbinane	231	140	60.61	91	39.39	-0.08	
Craigieburn	4767	3164	66.37	1603	33.63	-3.35	
Craigieburn South	2440	1678	68.77	762	31.23	-3.60	
Diamond Creek	2728	1317	48.28	1411	51.72	0.77	
Diamond Creek East	2595	1180	45.47	1415	54.53	-2.47
Dixons Creek	205	61	29.76	144	70.24	-2.09
Don Valley	250	94	37.60	156	62.40	-7.44
Doreen	429	123	28.67	306	71.33	2.82
Eden Park	541	241	44.55	300	55.45	-6.07
Eildon	550	234	42.55	316	57.45	-3.65
Flowerdale	367	188	51.23	179	48.77	-4.01
Gladysdale	358	163	45.53	195	54.47	5.15
Glenburn	237	89	37.55	148	62.45	3.89
Healesville	3378	1733	51.30	1645	48.70	-1.16
Hoddles Creek	314	105	33.44	209	66.56	-0.34
Hurstbridge	2191	1202	54.86	989	45.14	-1.17
Jamieson	228	91	39.91	137	60.09	-9.65
Kalkallo	159	65	40.88	94	59.12	3.57
Kangaroo Ground	820	344	41.95	476	58.05	1.20
Kilmore	2619	1176	44.90	1443	55.10	0.18
Kinglake	731	460	62.93	271	37.07	2.27
Kinglake West	805	433	53.79	372	46.21	-3.45
Launching Place	1036	514	49.61	522	50.39	-1.50
Longwood	181	69	38.12	112	61.88	-3.08
Mansfield	2438	906	37.16	1532	62.84	3.08
Marysville	373	170	45.58	203	54.42	5.09
Melbourne (McEwen)	78	39	50.00	39	50.00	2.50
Mernda	578	255	44.12	323	55.88	-4.83
Merrijig	225	87	38.67	138	61.33	1.90
Merton	114	28	24.56	86	75.44	2.01
Mickleham	558	214	38.35	344	61.65	5.24
Mill Park Lakes	369	221	59.89	148	40.11	11.44
Millgrove	716	425	59.36	291	40.64	0.73
Molesworth	100	26	26.00	74	74.00	2.25
Mount Buller	22	7	31.82	15	68.18	-6.64
Nagambie	1280	558	43.59	722	56.41	2.79
Narbethong	129	50	38.76	79	61.24	-1.92
Panton Hill	700	370	52.86	330	47.14	1.33
Piries-Goughs Bay	89	36	40.45	53	59.55	5.38
Powelltown	99	56	56.57	43	43.43	0.47
Puckapunyal	442	136	30.77	306	69.23	-1.48
Pyalong	336	134	39.88	202	60.12	1.42
Research (McEwen)	2033	862	42.40	1171	57.60	2.49
Roxburgh Park (McEwen)	1171	819	69.94	352	30.06	0.23
Ruffy	83	18	21.69	65	78.31	-1.91
Seymour	1473	667	45.28	806	54.72	1.63
Seymour East	2765	1424	51.50	1341	48.50	-0.19
Special Hospital Team 1	26	10	38.46	16	61.54	7.21
Special Hospital Team 2	60	35	58.33	25	41.67	19.35
St Andrews	788	481	61.04	307	38.96	2.59
Strath Creek	86	49	56.98	37	43.02	9.36
Taggerty	223	82	36.77	141	63.23	-4.90
Tallarook	361	184	50.97	177	49.03	7.36
Thornton	273	109	39.93	164	60.07	-1.30
Tolmie	110	63	57.27	47	42.73	6.25
Toolangi	260	105	40.38	155	59.62	0.99
Wallan East	238	124	52.10	114	47.90	0.72
Wallan Wallan	2152	1217	56.55	935	43.45	1.40
Wandong	907	480	52.92	427	47.08	0.50
Warburton	885	468	52.88	417	47.12	-0.99
Warburton East	472	269	56.99	203	43.01	3.77
Warrandyte North	1224	627	51.23	597	48.77	2.83
Wattle Glen	643	328	51.01	315	48.99	-2.81
Wesburn	660	316	47.88	344	52.12	-2.45
Whittlesea	2192	946	43.16	1246	56.84	-3.61
Wollert	284	119	41.90	165	58.10	-1.88
Woori Yallock	1802	759	42.12	1043	57.88	-6.11
Yan Yean	187	69	36.90	118	63.10	1.68
Yarck	155	46	29.68	109	70.32	2.70	
Yarra Glen	1313	515	39.22	798	60.78	-1.02	
Yarra Junction	1054	503	47.72	551	52.28	2.67	
Yarrambat	748	285	38.10	463	61.90	3.22	
Yea	1093	414	37.88	679	62.12	1.03	
ABSENT	5664	2771	48.92	2893	51.08	-	
POSTAL	4230	1808	42.74	2422	57.26	-	
PRE POLL	2574	1070	41.57	1504	58.43	-	
PROVISIONAL	702	391	55.70	311	44.30	-	
Division Total	82518	40269	48.80	42249	51.20	-0.16	
							
							
McMillan							
							
Polling Place	Formal	ZAHRA		FORBES		Swing	
	Votes	(ALP)	%	(LP)	%	%	
Bona Vista	196	56	28.57	140	71.43	0.97
Boolarra	667	373	55.92	294	44.08	2.33
Buln Buln	377	138	36.60	239	63.40	2.78
Bunyip	1287	541	42.04	746	57.96	3.85
Churchill	2999	2050	68.36	949	31.64	1.33
Cloverlea	139	40	28.78	99	71.22	4.85
Cora Lynn	139	30	21.58	109	78.42	-0.43
Darnum	350	108	30.86	242	69.14	-4.75
Drouin	3717	1458	39.23	2259	60.77	1.40
Drouin South	527	132	25.05	395	74.95	-3.52
Drouin West	290	100	34.48	190	65.52	-2.55
Ellinbank	289	83	28.72	206	71.28	-1.01
Erica	203	115	56.65	88	43.35	5.98
Garfield	652	248	38.04	404	61.96	-1.16
Hallora	78	13	16.67	65	83.33	-3.33
Hazelwood North	668	322	48.20	346	51.80	2.64
Hill End	118	49	41.53	69	58.47	9.99
Iona	101	38	37.62	63	62.38	14.55
Jindivick	277	110	39.71	167	60.29	9.35
Labertouche	223	81	36.32	142	63.68	2.83
Lillico	256	69	26.95	187	73.05	6.95
Longwarry	719	311	43.25	408	56.75	7.23
Maryknoll	313	120	38.34	193	61.66	0.03
Melbourne (McMillan)	38	24	63.16	14	36.84	25.32
Moe	3376	2330	69.02	1046	30.98	2.85
Moe Central	1588	1209	76.13	379	23.87	3.58
Moe West	1039	703	67.66	336	32.34	-2.17
Morwell	1502	908	60.45	594	39.55	-3.10
Morwell Central	2926	1995	68.18	931	31.82	1.46
Morwell Estate	2497	1700	68.08	797	31.92	0.15
Morwell North	440	316	71.82	124	28.18	3.02
Nar Nar Goon	581	234	40.28	347	59.72	5.85
Nar Nar Goon North	263	95	36.12	168	63.88	-0.09
Narracan	191	83	43.46	108	56.54	-7.91
Neerim Junction	218	85	38.99	133	61.01	5.81
Neerim South	756	284	37.57	472	62.43	2.95
Newborough	2285	1586	69.41	699	30.59	2.99
Newborough East	1338	1025	76.61	313	23.39	5.18
Nilma	228	85	37.28	143	62.72	0.05
Noojee	142	77	54.23	65	45.77	8.51
Pakenham	2650	1238	46.72	1412	53.28	2.83
Pakenham Central	2212	937	42.36	1275	57.64	2.95
Pakenham North	1045	457	43.73	588	56.27	7.22
Pakenham South	132	47	35.61	85	64.39	-4.95
Pakenham Upper (McMillan)	346	133	38.44	213	61.56	5.00
Rawson	155	83	53.55	72	46.45	-6.10
Ripplebrook	107	24	22.43	83	77.57	1.33
Rokeby	197	82	41.62	115	58.38	-12.86
Special Hospital Team 1	181	91	50.28	90	49.72	-5.75
Special Hospital Team 2	220	72	32.73	148	67.27	3.45
Special Hospital Team 3	141	90	63.83	51	36.17	12.13
Special Hospital Team 4	81	44	54.32	37	45.68	-5.25
Tanjil South	285	115	40.35	170	59.65	2.72
Tetoora Road	135	56	41.48	79	58.52	4.47
Thorpdale	426	144	33.80	282	66.20	0.78
Toomuc Valley	106	33	31.13	73	68.87	-3.15
Trafalgar	1966	922	46.90	1044	53.10	5.24
Traralgon	3851	1896	49.23	1955	50.77	0.03
Traralgon East	3186	1845	57.91	1341	42.09	0.87
Traralgon North	4005	2171	54.21	1834	45.79	2.08
Traralgon South	458	246	53.71	212	46.29	0.25
Traralgon West	1031	492	47.72	539	52.28	-3.27
Tyers	541	290	53.60	251	46.40	-0.84
Tynong	332	142	42.77	190	57.23	3.66
Tynong North	123	36	29.27	87	70.73	-9.86	
Warragul	2775	1204	43.39	1571	56.61	4.71	
Warragul East	1005	415	41.29	590	58.71	1.90	
Warragul North	1745	650	37.25	1095	62.75	3.38	
Willowgrove	370	158	42.70	212	57.30	4.92	
Yallourn North	942	706	74.95	236	25.05	5.42	
Yarragon	819	355	43.35	464	56.65	1.23	
Yinnar	890	482	54.16	408	45.84	3.34	
ABSENT	3604	1890	52.44	1714	47.56	-	
POSTAL	2789	1403	50.30	1386	49.70	-	
PRE POLL	5912	2994	50.64	2918	49.36	-	
PROVISIONAL	463	292	63.07	171	36.93	-	
Division Total	79219	41559	52.46	37660	47.54	1.89	
							
							
Mallee							
							
Polling Place	Formal	ZIGOURAS		FORREST		Swing	
	Votes	(ALP)	%	(NP)	%	%	
Antwerp	99	12	12.12	87	87.88	-0.14	
Apsley	283	83	29.33	200	70.67	-0.17	
Berriwillock	155	30	19.35	125	80.65	-0.92	
Beulah	302	33	10.93	269	89.07	-4.46	
Beverford	356	82	23.03	274	76.97	-3.75	
Birchip	604	138	22.85	466	77.15	2.33	
Boundary Bend	111	22	19.82	89	80.18	-7.28	
Brim	153	12	7.84	141	92.16	-6.44	
Brimpaen	55	8	14.55	47	85.45	3.59	
Cabarita	550	150	27.27	400	72.73	-0.82	
Cardross	487	175	35.93	312	64.07	7.23	
Charlton	915	231	25.25	684	74.75	3.91	
Culgoa	104	22	21.15	82	78.85	1.95	
Cullulleraine	107	28	26.17	79	73.83	8.74
Dadswells Bridge	93	24	25.81	69	74.19	-0.78
Dimboola	1099	482	43.86	617	56.14	0.99
Donald	1146	288	25.13	858	74.87	-0.46
Dooen	140	26	18.57	114	81.43	4.78
Edenhope	817	266	32.56	551	67.44	1.59
Gerang Gerung	89	12	13.48	77	86.52	-2.05
Goroke	336	92	27.38	244	72.62	3.40
Harrow	239	56	23.43	183	76.57	-5.42
Haven	667	159	23.84	508	76.16	-2.94
Hopetoun	560	105	18.75	455	81.25	-2.68
Horsham	3709	1109	29.90	2600	70.10	-1.39
Horsham North	1525	614	40.26	911	59.74	-3.69
Horsham West	1613	471	29.20	1142	70.80	0.47
Irymple	2210	655	29.64	1555	70.36	-1.32
Jeparit	328	84	25.61	244	74.39	-3.73
Jung	79	25	31.65	54	68.35	2.78
Kaniva	769	164	21.33	605	78.67	0.12
Koorlong	372	112	30.11	260	69.89	6.33
Laharum	172	77	44.77	95	55.23	3.05
Lake Boga	715	211	29.51	504	70.49	-1.60
Litchfield	80	9	11.25	71	88.75	0.14
Manangatang	314	54	17.20	260	82.80	-0.22
Melbourne (Mallee)	62	19	30.65	43	69.35	4.56
Merbein	1732	650	37.53	1082	62.47	-2.19
Merbein South	245	65	26.53	180	73.47	1.84
Merbein West	327	91	27.83	236	72.17	4.96
Meringur	54	9	16.67	45	83.33	5.13
Mildura	4500	1852	41.16	2648	58.84	-2.95
Mildura City Central	1182	443	37.48	739	62.52	-0.61
Mildura Deakin	3026	1112	36.75	1914	63.25	-0.69
Mildura South	2202	659	29.93	1543	70.07	0.05
Mildura West	3008	989	32.88	2019	67.12	-2.58
Minimay	100	16	16.00	84	84.00	-0.19
Minyip	454	131	28.85	323	71.15	6.68
Murra Warra	104	6	5.77	98	94.23	-2.00
Murrayville	345	49	14.20	296	85.80	-0.80
Murtoa	662	277	41.84	385	58.16	-0.39
Nandaly	87	21	24.14	66	75.86	-2.33
Nangiloc	304	103	33.88	201	66.12	3.02
Natimuk	481	165	34.30	316	65.70	4.77
Netherby	101	15	14.85	86	85.15	0.11
Nhill	1476	365	24.73	1111	75.27	0.60
Nichols Point	801	210	26.22	591	73.78	-2.88
Noradjuha	109	30	27.52	79	72.48	-2.57
Nullawil	110	21	19.09	89	80.91	2.58
Nyah	445	133	29.89	312	70.11	1.11
Nyah West	463	152	32.83	311	67.17	-2.03
Ouyen	849	190	22.38	659	77.62	-5.25
Patchewollock	126	25	19.84	101	80.16	-0.90
Piangil	285	59	20.70	226	79.30	-1.17
Pimpinio	130	21	16.15	109	83.85	-0.13
Quantong	203	61	30.05	142	69.95	5.91
Rainbow	505	104	20.59	401	79.41	0.17
Red Cliffs	2469	961	38.92	1508	61.08	1.11
Riverside	208	48	23.08	160	76.92	8.79
Robinvale	1553	502	32.32	1051	67.68	0.73
Rupanyup	379	80	21.11	299	78.89	0.32
Sea Lake	466	134	28.76	332	71.24	0.16
Serviceton	106	14	13.21	92	86.79	-9.65
Special Hospital Team 1	145	51	35.17	94	64.83	6.11
Special Hospital Team 2	169	43	25.44	126	74.56	-0.83
Special Hospital Team 3	152	58	38.16	94	61.84	8.50
Special Hospital Team 4	154	42	27.27	112	72.73	-
Speed	151	19	12.58	132	87.42	3.49
St Arnaud	1870	676	36.15	1194	63.85	1.44
Stuart Mill	96	38	39.58	58	60.42	1.61
Sunnycliffs	200	51	25.50	149	74.50	-7.44
Swan Hill	3079	816	26.50	2263	73.50	-2.33
Swan Hill South	1109	252	22.72	857	77.28	-0.75
Swan Hill West	1514	379	25.03	1135	74.97	-3.45
Toolondo	138	25	18.12	113	81.88	2.86
Ultima	148	25	16.89	123	83.11	-1.73
Underbool	223	36	16.14	187	83.86	2.05
Walpeup	157	34	21.66	123	78.34	4.89
Warracknabeal	1764	446	25.28	1318	74.72	-0.38
Watchem	129	23	17.83	106	82.17	7.12
Wemen	112	19	16.96	93	83.04	4.17
Werrimull	114	41	35.96	73	64.04	10.57
Wimmera Base Hospital	585	171	29.23	414	70.77	-1.21
Wonwondah North	98	29	29.59	69	70.41	4.34	
Woomelang	267	38	14.23	229	85.77	-2.43	
Woorinen	396	92	23.23	304	76.77	-5.03	
Wycheproof	585	144	24.62	441	75.38	0.18	
Yaapeet	76	8	10.53	68	89.47	-10.72	
Yanac	109	14	12.84	95	87.16	0.34	
ABSENT	3431	1107	32.26	2324	67.74	-	
POSTAL	2576	625	24.26	1951	75.74	-	
PRE POLL	4879	1431	29.33	3448	70.67	-	
PROVISIONAL	366	161	43.99	205	56.01	-	
Division Total	75804	22797	30.07	53007	69.93	-0.56	
							
							
Maribyrnong							
							
Polling Place	Formal	SERCOMBE		BARCLAY		Swing	
	Votes	(ALP)	%	(LP)	%	%	
Aberfeldie	1700	946	55.65	754	44.35	-0.92	
Airport West	2211	1529	69.15	682	30.85	-6.49	
Albanvale	2961	2265	76.49	696	23.51	-6.62	
Albion North	2417	1844	76.29	573	23.71	-5.97	
Avondale Heights	2415	1751	72.51	664	27.49	-5.48	
Avondale Heights Central	3454	2233	64.65	1221	35.35	-3.67	
Avondale Heights North	1794	1233	68.73	561	31.27	-5.47	
Buckley Park	2527	1313	51.96	1214	48.04	-0.58	
Essendon (Maribyrnong)	601	266	44.26	335	55.74	-7.51	
Essendon West	2177	1107	50.85	1070	49.15	-0.61	
Kealba	2329	1613	69.26	716	30.74	-5.18	
Keilor East	2362	1591	67.36	771	32.64	-4.01	
Keilor Heights	2567	1552	60.46	1015	39.54	-3.60	
Keilor Park	1813	1162	64.09	651	35.91	-5.50	
Keilor South	2852	1709	59.92	1143	40.08	-1.90	
Kings Park	4151	3338	80.41	813	19.59	-6.91
Melbourne (Maribyrnong)	74	53	71.62	21	28.38	8.29
Moonee Ponds Central	1159	552	47.63	607	52.37	-1.96
Moonee Ponds West	2182	1396	63.98	786	36.02	-4.58
Niddrie	1752	1062	60.62	690	39.38	-4.50
Niddrie Central	2761	1484	53.75	1277	46.25	-2.48
Special Hospital Team 1	29	15	51.72	14	48.28	-21.00
St Albans	2337	1735	74.24	602	25.76	-6.58
St Albans East	3536	2693	76.16	843	23.84	-5.49
St Albans North	2505	1871	74.69	634	25.31	-5.56
St Albans South	2299	1770	76.99	529	23.01	-6.71
St Albans South East	2849	2189	76.83	660	23.17	-5.90
St Albans West	2893	2222	76.81	671	23.19	-5.04
Stevensville	1641	1270	77.39	371	22.61	-5.11
ABSENT	4735	2985	63.04	1750	36.96	-
POSTAL	1985	1222	61.56	763	38.44	-
PRE POLL	3367	2140	63.56	1227	36.44	-	
PROVISIONAL	380	299	78.68	81	21.32	-	
Division Total	74815	50410	67.38	24405	32.62	-4.68	
							
							
Melbourne							
							
Polling Place	Formal	TANNER		FRANTZESKOS		Swing	
	Votes	(ALP)	%	(LP)	%	%	
Abbotsford	1240	955	77.02	285	22.98	-2.03	
Ascot Vale	580	491	84.66	89	15.34	-3.89	
Ascot Vale Central	2046	1340	65.49	706	34.51	-5.22	
Ascot Vale East	1941	1366	70.38	575	29.62	-0.47	
Ascot Vale West	1409	904	64.16	505	35.84	0.41	
Brunswick East	1378	1056	76.63	322	23.37	-3.14	
Brunswick South	1006	789	78.43	217	21.57	-3.85	
Brunswick South East	1223	928	75.88	295	24.12	3.31
Brunswick South West	2198	1568	71.34	630	28.66	-1.00
Carlton	1866	1454	77.92	412	22.08	-2.61
Carlton Central	2427	1789	73.71	638	26.29	0.10
Carlton North	1872	1307	69.82	565	30.18	-0.03
Carlton South	954	612	64.15	342	35.85	4.00
Clifton Hill	1746	1316	75.37	430	24.63	0.68
Collingwood	2020	1657	82.03	363	17.97	0.30
Collingwood North	1723	1310	76.03	413	23.97	0.89
Delbridge	948	680	71.73	268	28.27	0.64
East Melbourne	1753	770	43.92	983	56.08	-1.32
Edward	2871	2226	77.53	645	22.47	-0.75
Fitzroy	1786	1486	83.20	300	16.80	0.93
Fitzroy Central	645	458	71.01	187	28.99	1.73
Fitzroy East	2121	1699	80.10	422	19.90	-2.21
Fitzroy North	2922	2276	77.89	646	22.11	0.80
Flemington	2592	2005	77.35	587	22.65	-2.56
Hotham Hill	966	828	85.71	138	14.29	-8.11
Kensington	2254	1558	69.12	696	30.88	-6.05
Melbourne (Melbourne)	2249	1309	58.20	940	41.80	-2.14
Merri	1233	949	76.97	284	23.03	-1.07
Newmarket	1944	1404	72.22	540	27.78	0.73
North Melbourne	2033	1398	68.77	635	31.23	-0.22
North Melbourne Central	1394	1004	72.02	390	27.98	-0.04
Parkville	1309	817	62.41	492	37.59	4.65
Prison Mobile Team 1	1	1	99.99	0	0.00	-
Richmond	3450	2137	61.94	1313	38.06	-0.15
Richmond Central	2044	1387	67.86	657	32.14	-2.71
Richmond East	2656	1665	62.69	991	37.31	-4.76
Richmond North	1025	888	86.63	137	13.37	-4.48
Richmond South	1570	931	59.30	639	40.70	-6.05
Richmond West	1327	1124	84.70	203	15.30	-6.38
Special Hospital Team 1	38	30	78.95	8	21.05	18.23	
Special Hospital Team 2	25	16	64.00	9	36.00	-7.43	
Special Hospital Team 3	28	22	78.57	6	21.43	13.35	
Special Hospital Team 4	137	76	55.47	61	44.53	2.28	
Special Hospital Team 5	81	45	55.56	36	44.44	-1.98	
Special Hospital Team 6	2	1	50.00	1	50.00	-16.67	
Special Hospital Team 7	35	30	85.71	5	14.29	5.71	
ABSENT	8366	5270	62.99	3096	37.01	-	
POSTAL	2687	1595	59.36	1092	40.64	-	
PRE POLL	4888	3206	65.59	1682	34.41	-	
PROVISIONAL	893	675	75.59	218	24.41	-	
Division Total	83902	58808	70.09	25094	29.91	-1.71	
							
							
Melbourne Ports							
							
Polling Place	Formal	DANBY		McLORINAN		Swing	
	Votes	(ALP)	%	(LP)	%	%	
Alfred Hospital	369	174	47.15	195	52.85	3.48	
Argyle	1054	751	71.25	303	28.75	-0.86	
Bridport	2355	1377	58.47	978	41.53	-4.77	
Camden	2111	1039	49.22	1072	50.78	0.54	
Caulfield	1796	817	45.49	979	54.51	-8.64	
Caulfield East	2105	1067	50.69	1038	49.31	-2.39	
Caulfield North	2500	1110	44.40	1390	55.60	0.21	
Caulfield South	1614	792	49.07	822	50.93	-0.56	
Caulfield Upper	2470	1259	50.97	1211	49.03	2.06	
Caulfield West	1142	501	43.87	641	56.13	0.76	
Elsternwick	3178	1764	55.51	1414	44.49	0.09	
Elsternwick North	1005	579	57.61	426	42.39	3.68	
Elwood	2604	1506	57.83	1098	42.17	0.43	
Elwood North	2979	1830	61.43	1149	38.57	-1.76	
Emerald Hill	2235	1191	53.29	1044	46.71	-2.29
Fawkner Park (Melbourne Ports)	2240	928	41.43	1312	58.57	3.55
Graham	1547	878	56.76	669	43.24	-6.34
Kerferd	4290	2124	49.51	2166	50.49	-0.72
Melbourne (Melbourne Ports)	758	385	50.79	373	49.21	3.60
Middle Park	0	0	0.00	0	0.00	-50.45
Port Melbourne	3051	1732	56.77	1319	43.23	-7.92
Redan Central	1462	901	61.63	561	38.37	-0.36
Ripponlea East	1077	598	55.52	479	44.48	4.42
Ripponlea North	1457	955	65.55	502	34.45	-0.06
Sandridge	1027	783	76.24	244	23.76	-5.40
South Melbourne	2818	1526	54.15	1292	45.85	-3.58
Special Hospital Team 1	235	120	51.06	115	48.94	-9.87
Special Hospital Team 2	80	48	60.00	32	40.00	-1.76
St Kilda	3886	2578	66.34	1308	33.66	-1.85
St Kilda Beach	1695	1156	68.20	539	31.80	7.14
St Kilda North	1939	1234	63.64	705	36.36	-0.43	
St Kilda Park	1944	1241	63.84	703	36.16	-2.96	
St Kilda South	1958	1325	67.67	633	32.33	-0.29	
ABSENT	6239	3218	51.58	3021	48.42	-	
POSTAL	5497	2938	53.45	2559	46.55	-	
PRE POLL	5638	3179	56.39	2459	43.61	-	
PROVISIONAL	684	414	60.53	270	39.47	-	
Division Total	79039	44018	55.69	35021	44.31	-0.14	
							
							
Menzies							
							
Polling Place	Formal	VASILOPOULOS		ANDREWS		Swing	
	Votes	(ALP)	%	(LP)	%	%	
Beverley Hills	2956	1382	46.75	1574	53.25	-4.38	
Bulleen	3524	1848	52.44	1676	47.56	-3.37	
Bulleen West	831	455	54.75	376	45.25	-2.64
Donburn	1073	424	39.52	649	60.48	-3.82
Doncaster	2543	1209	47.54	1334	52.46	-2.80
Doncaster Central	3019	1468	48.63	1551	51.37	-6.27
Doncaster East	5426	2498	46.04	2928	53.96	-5.85
Doncaster Gardens	1785	877	49.13	908	50.87	-2.88
Doncaster Heights	1314	593	45.13	721	54.87	-7.61
Doncaster Park	723	358	49.52	365	50.48	1.05
Doncaster South	1364	629	46.11	735	53.89	-0.98
Doncaster West	1932	1018	52.69	914	47.31	-2.04
Donvale	3347	1005	30.03	2342	69.97	-5.38
Gumnut Gully	952	368	38.66	584	61.34	0.03
Lower Templestowe	1627	800	49.17	827	50.83	-8.06
Manningham	1316	506	38.45	810	61.55	-0.85
Melbourne (Menzies)	84	33	39.29	51	60.71	5.08
Milgate	2449	925	37.77	1524	62.23	-3.42
Park Orchards	2200	696	31.64	1504	68.36	-3.21
Ringwood North (Menzies)	968	280	28.93	688	71.07	-3.64
Serpell	3129	1164	37.20	1965	62.80	-1.65
Special Hospital Team 1	260	41	15.77	219	84.23	-6.94
Special Hospital Team 2	222	69	31.08	153	68.92	-4.78
Special Hospital Team 3	169	56	33.14	113	66.86	0.21
Templestowe	1758	638	36.29	1120	63.71	-6.69
Templestowe Heights	5036	2132	42.34	2904	57.66	-1.35
Templestowe Park	2647	875	33.06	1772	66.94	-3.78
Templestowe Valley	1627	733	45.05	894	54.95	-4.28
The Pines	1584	586	36.99	998	63.01	-2.42
Tunstall	1402	609	43.44	793	56.56	-4.20
Warrandyte	2602	1086	41.74	1516	58.26	0.20
Warrandyte South	422	130	30.81	292	69.19	-9.71
Warranwood	2211	803	36.32	1408	63.68	-3.35
Wonga Park	1792	471	26.28	1321	73.72	-3.33
Yarraleen	1983	873	44.02	1110	55.98	-5.07	
ABSENT	4739	1935	40.83	2804	59.17	-	
POSTAL	3189	969	30.39	2220	69.61	-	
PRE POLL	3518	1370	38.94	2148	61.06	-	
PROVISIONAL	286	120	41.96	166	58.04	-	
Division Total	78009	32032	41.06	45977	58.94	-3.54	
							
							
Murray							
							
Polling Place	Formal	CALDER		STONE		Swing	
	Votes	(ALP)	%	(LP)	%	%	
Ardmona	429	116	27.04	313	72.96	0.48	
Ballendella	163	19	11.66	144	88.34	-1.48	
Bamawm	194	28	14.43	166	85.57	1.33	
Bamawm Extension	157	18	11.46	139	88.53	3.18	
Barmah	195	87	44.62	108	55.38	3.87
Boort	694	139	20.03	555	79.97	1.53
Bunbartha	163	31	19.02	132	80.98	7.83
Byrneside	244	30	12.30	214	87.70	-1.77
Calivil	145	13	8.97	132	91.03	0.63
Cobram	3024	927	30.65	2097	69.35	-3.91
Cohuna	1931	370	19.16	1561	80.84	1.39
Colbinabbin	249	32	12.85	217	87.15	2.03
Congupna	499	122	24.45	377	75.55	5.87
Cooma	169	9	5.33	160	94.67	1.07
Dhurringile	165	26	15.76	139	84.24	-1.40
Dingee	219	29	13.24	190	86.76	2.97
Dingwall	104	9	8.65	95	91.35	-1.87
Dookie	285	70	24.56	215	75.44	-1.72
Echuca	2089	548	26.23	1541	73.77	-6.04
Echuca Central	827	197	23.82	630	76.18	-3.60
Echuca East	2127	752	35.35	1375	64.65	-2.74
Echuca South	1758	513	29.18	1245	70.82	-4.72
Echuca Village	279	44	15.77	235	84.23	-0.77
Echuca West	435	68	15.63	367	84.37	1.31
Girgarre	421	60	14.25	361	85.75	-0.89
Gowrie Street	2187	728	33.29	1459	66.71	-5.83
Grahamvale	191	39	20.42	152	79.58	3.05
Gunbower	379	98	25.86	281	74.14	-0.19
Guthrie Street	1365	310	22.71	1055	77.29	-2.68
Katamatite	315	49	15.56	266	84.44	0.01
Katunga	462	68	14.72	394	85.28	-0.73
Kerang	1928	424	21.99	1504	78.01	0.44
Kerang North	863	196	22.71	667	77.29	0.76
Kialla	466	103	22.10	363	77.90	-0.85
Kialla Park	501	148	29.54	353	70.46	2.37
Kialla West	442	111	25.11	331	74.89	4.51
Knight Street	1959	520	26.54	1439	73.46	-2.33
Koondrook	736	175	23.78	561	76.22	-1.44
Koyuga	142	24	16.90	118	83.10	-1.95
Ky Valley	268	27	10.07	241	89.93	1.49
Kyabram	2427	617	25.42	1810	74.58	0.44
Kyabram West	1499	330	22.01	1169	77.99	-2.37
Lake Charm	253	67	26.48	186	73.52	-5.10
Lalbert	126	12	9.52	114	90.48	-0.48
Lancaster	331	47	14.20	284	85.80	0.73
Leitchville	499	61	12.22	438	87.78	-3.15
Lemnos	381	62	16.27	319	83.73	0.34
Lockington	597	105	17.59	492	82.41	-0.73
Macorna	117	7	5.98	110	94.02	-2.28
Melbourne (Murray)	71	20	28.17	51	71.83	-2.48
Merrigum	463	114	24.62	349	75.38	-0.72
Mitiamo	111	30	27.03	81	72.97	0.18
Mooroopna	1463	532	36.36	931	63.64	-0.68
Mooroopna Park	2656	922	34.71	1734	65.29	-3.91
Murchison	563	175	31.08	388	68.92	-2.88
Murrabit	317	27	8.52	290	91.48	-4.57
Nanneella	269	31	11.52	238	88.48	-1.07
Nathalia	1209	275	22.75	934	77.25	-2.46
Numurkah	2422	530	21.88	1892	78.12	-2.09
Orrvale	398	83	20.85	315	79.15	8.06
Picola	178	31	17.42	147	82.58	3.92
Pine Lodge	105	15	14.29	90	85.71	1.44
Pyramid Hill	426	85	19.95	341	80.05	-1.49
Quambatook	257	35	13.62	222	86.38	-8.76
Rochester	2112	500	23.67	1612	76.33	-1.23
Rushworth	996	372	37.35	624	62.65	-2.44
Serpentine	189	36	19.05	153	80.95	2.38
Shepparton	419	135	32.22	284	67.78	-6.23
Shepparton Central	560	160	28.57	400	71.43	1.78
Shepparton East	615	167	27.15	448	72.85	2.12
Shepparton North	2350	641	27.28	1709	72.72	-0.11
Shepparton South	2346	786	33.50	1560	66.50	-3.92
Special Hospital Team 1	74	13	17.57	61	82.43	2.86
Special Hospital Team 2	83	14	16.87	69	83.13	-5.11
Special Hospital Team 3	85	16	18.82	69	81.18	-0.41
Special Hospital Team 4	163	43	26.38	120	73.62	-7.63
Special Hospital Team 5	101	19	18.81	82	81.19	-5.00
Stanhope	728	142	19.51	586	80.49	-0.62
Strathmerton	690	186	26.96	504	73.04	0.68
Tallygaroopna	360	82	22.78	278	77.22	4.01
Tatura	2412	625	25.91	1787	74.09	-2.47
Tennyson	131	5	3.82	126	96.18	-4.25
Tongala	1107	253	22.85	854	77.15	-1.05
Toolamba	405	120	29.63	285	70.37	6.07
Toolleen	142	49	34.51	93	65.49	5.83	
Torrumbarry	216	50	23.15	166	76.85	1.37	
Undera	314	44	14.01	270	85.99	-3.42	
Waaia	296	33	11.15	263	88.85	-0.56	
Wanganui	1111	450	40.50	661	59.50	-9.40	
Wilmot Road	3467	1213	34.99	2254	65.01	-2.47	
Wunghnu	307	67	21.82	240	78.18	4.87	
Wyuna	218	41	18.81	177	81.19	-0.22	
Yarrawalla South	132	13	9.85	119	90.15	0.01	
Yarroweyah	431	83	19.26	348	80.74	2.32	
Yielima	124	21	16.94	103	83.06	-0.95	
ABSENT	3813	1108	29.06	2705	70.94	-	
POSTAL	2779	610	21.95	2169	78.05	-	
PRE POLL	3205	890	27.77	2315	72.23	-	
PROVISIONAL	779	266	34.15	513	65.85	-	
Division Total	79567	20743	26.07	58824	73.93	-1.87	
							
							
Scullin							
							
Polling Place	Formal	JENKINS			KOSTADINOSKI	Swing	
	Votes	(ALP)	%	(LP)	%	%	
Apollo Parkways	3347	1687	50.40	1660	49.60	-1.00	
Blossom Park	2494	1699	68.12	795	31.88	-2.59	
Epping	3044	2065	67.84	979	32.16	-2.54	
Epping East	2880	2003	69.55	877	30.45	-4.53	
Epping South	2628	2018	76.79	610	23.21	-0.93	
Findon	3245	2333	71.90	912	28.10	-1.81	
Greenhills	2259	1071	47.41	1188	52.59	-0.30	
Greensborough	1202	641	53.33	561	46.67	-4.07	
Greensborough East	1142	491	42.99	651	57.01	1.27	
Grimshaw	2133	1225	57.43	908	42.57	-4.23	
Keelbundoora	425	281	66.12	144	33.88	-3.20
Lalor	2226	1783	80.10	443	19.90	-0.23
Lalor East	3517	2785	79.19	732	20.81	-3.55
Lalor North	1877	1564	83.32	313	16.68	-1.94
Lalor Park	2254	1815	80.52	439	19.48	-1.34
Lalor South	2095	1760	84.01	335	15.99	-4.72
Lalor West	2196	1757	80.01	439	19.99	-4.84
Meadowglen	2168	1525	70.34	643	29.66	-1.40
Melbourne (Scullin)	73	47	64.38	26	35.62	-1.62
Mill Park	2625	1772	67.50	853	32.50	-2.53
Mill Park Heights	3157	2291	72.57	866	27.43	-0.55
Norris Bank	3529	2467	69.91	1062	30.09	-3.05
Plenty	694	253	36.46	441	63.54	-1.98
South Morang	2294	1255	54.71	1039	45.29	-0.99
Special Hospital Team 1	144	83	57.64	61	42.36	1.06
Special Hospital Team 2	5	3	60.00	2	40.00	-23.33
The Stables	4265	2938	68.89	1327	31.11	-1.78	
Thomastown	993	789	79.46	204	20.54	-4.89	
Thomastown East	2208	1788	80.98	420	19.02	-1.96	
Thomastown Meadows	2350	1995	84.89	355	15.11	-2.00	
Thomastown West	4880	4018	82.34	862	17.66	-3.38	
Watsonia North	3518	2128	60.49	1390	39.51	-0.68	
ABSENT	4654	2858	61.41	1796	38.59	-	
POSTAL	2332	1519	65.14	813	34.86	-	
PRE POLL	2006	1227	61.17	779	38.83	-	
PROVISIONAL	457	331	72.43	126	27.57	-	
Division Total	81316	56265	69.19	25051	30.81	-2.65	
							
							
Wannon							
							
Polling Place	Formal	MORROW		HAWKER		Swing	
	Votes	(ALP)	%	(LP)	%	%	
Allansford	750	270	36.00	480	64.00	-7.19	
Ararat	3002	1683	56.06	1319	43.94	-6.84	
Ararat West	1669	840	50.33	829	49.67	-1.63	
Balmoral	321	141	43.93	180	56.07	6.43	
Beaufort	1156	537	46.45	619	53.55	-2.74	
Bolwarra	500	220	44.00	280	56.00	-4.48	
Branxholme	228	79	34.65	149	65.35	1.55	
Buangor	151	54	35.76	97	64.24	-0.95	
Byaduk	110	22	20.00	88	80.00	-5.16	
Camperdown	2517	912	36.23	1605	63.77	-2.80	
Cape Clear	227	97	42.73	130	57.27	0.10	
Caramut	214	69	32.24	145	67.76	3.30	
Carpendeit	152	36	23.68	116	76.32	-7.46	
Casterton	1630	671	41.17	959	58.83	-2.40	
Cavendish	332	87	26.20	245	73.80	0.48	
Cobden	1460	400	27.40	1060	72.60	-2.00
Coleraine	931	419	45.01	512	54.99	1.09
Condah	161	49	30.43	112	69.57	0.77
Dartmoor	335	139	41.49	196	58.51	0.51
Dergholm	100	21	21.00	79	79.00	-3.44
Derrinallum	409	121	29.58	288	70.42	-3.67
Dunkeld	471	162	34.39	309	65.61	-2.85
Ecklin South	240	27	11.25	213	88.75	0.33
Elmhurst	127	45	35.43	82	64.57	-0.07
Glenthompson	221	83	37.56	138	62.44	-2.98
Hamilton	3205	1368	42.68	1837	57.32	-2.43
Hamilton Central	299	100	33.44	199	66.56	-12.79
Hamilton East	637	286	44.90	351	55.10	-10.17
Hamilton North	476	216	45.38	260	54.62	-8.41
Hawkesdale	325	92	28.31	233	71.69	-0.43
Heywood	1239	503	40.60	736	59.40	-0.64
Kennedy Street	1492	793	53.15	699	46.85	-3.46
Kings College	1351	457	33.83	894	66.17	-1.12
Koroit	1466	599	40.86	867	59.14	-4.13
Lake Bolac	323	87	26.93	236	73.06	-2.39
Linton	360	206	57.22	154	42.78	-0.80
Lismore	415	102	24.58	313	75.42	-0.17
Macarthur	442	138	31.22	304	68.78	-2.48
Mailors Flat	453	116	25.61	337	74.39	-1.96
Melbourne (Wannon)	76	29	38.16	47	61.84	-13.84
Merino	289	123	42.56	166	57.44	2.56
Merrivale	736	347	47.15	389	52.85	-9.15
Mortlake	992	360	36.29	632	63.71	2.39
Moyston	218	92	42.20	126	57.80	-1.80
Naringal	190	36	18.95	154	81.05	0.09
Narrawong	251	110	43.82	141	56.18	-3.46
Nelson	165	64	38.79	101	61.21	7.40
Noorat	441	107	24.26	334	75.74	0.14
Nullawarre	389	69	17.74	320	82.26	-0.63
Orford	110	31	28.18	79	71.82	4.14
Panmure	383	88	22.98	295	77.02	-7.59
Patterson Park	1543	785	50.87	758	49.13	-2.90
Penshurst	510	216	42.35	294	57.65	3.22
Peterborough	158	50	31.65	108	68.35	4.72
Pirron Yallock (Wannon)	128	45	35.16	83	64.84	3.07
Pomonal	214	108	50.47	106	49.53	3.12
Port Campbell	329	111	33.74	218	66.26	-2.29
Port Fairy	1883	860	45.67	1023	54.33	0.93
Portland Central	2382	1145	48.07	1237	51.93	-3.61
Portland North	327	131	40.06	196	59.94	-1.47
Portland South	1584	794	50.13	790	49.87	-5.09
Purnim	277	90	32.49	187	67.51	0.91
Scotts Creek	169	17	10.06	152	89.94	-3.27
Simpson (Wannon)	401	49	12.22	352	87.78	2.90
Skipton	447	142	31.77	305	68.23	-2.22
Smythesdale	785	450	57.32	335	42.68	-4.07
Snake Valley	483	259	53.62	224	46.38	1.14
Special Hospital Team 1	102	37	36.27	65	63.73	8.43
Special Hospital Team 2	119	37	31.09	82	68.91	-0.57
Special Hospital Team 3	62	29	46.77	33	53.23	-3.23
Streatham	198	35	17.68	163	82.32	-1.83
Tarrington	251	62	24.70	189	75.30	-5.06
Tatyoon	149	31	20.81	118	79.19	-0.93
Terang	1474	521	35.35	953	64.65	0.29
Timboon	1000	275	27.50	725	72.50	2.65
Tower Square	824	332	40.29	492	59.71	-1.97
Tyrendarra	151	36	23.84	115	76.16	-4.35
Wangoom	221	52	23.53	169	76.47	-5.85
Warrnambool	4229	1807	42.73	2422	57.27	-2.25
Warrnambool East	2157	969	44.92	1188	55.08	-2.83	
Warrnambool Hospital	357	176	49.30	181	50.70	5.60	
Warrnambool North	1386	619	44.66	767	55.34	-1.54	
Warrnambool SDS	1152	562	48.78	590	51.22	1.59	
Warrnambool South	473	226	47.78	247	52.22	-2.67	
Warrnambool West	2251	942	41.85	1309	58.15	-5.45	
Willaura	372	110	29.57	262	70.43	-3.21	
Wiridjil (Wannon)	98	8	8.16	90	91.84	-3.04	
Woodford	395	130	32.91	265	67.09	-0.42	
Woolsthorpe	319	98	30.72	221	69.28	-0.87	
Woorndoo	60	9	15.00	51	85.00	-3.33	
Yambuk	209	56	26.79	153	73.21	-4.08	
ABSENT	4091	1675	40.94	2416	59.06	-	
POSTAL	4373	1410	32.24	2963	67.76	-	
PRE POLL	4375	1722	39.36	2653	60.64	-	
PROVISIONAL	436	199	45.64	237	54.36	-	
Division Total	77041	31120	40.39	45921	59.61	-2.16	
							
							
Wills							
							
Polling Place	Formal	THOMSON		VALASINAVICIUS		Swing	
	Votes	(ALP)	%	(LP)	%	%	
Anstey	839	677	80.69	162	19.31	-1.14	
Brunswick North	3836	3060	79.77	776	20.23	-1.23	
Brunswick North East	1901	1544	81.22	357	18.78	-1.47	
Brunswick North West	1197	895	74.77	302	25.23	-0.10	
Coburg	2047	1582	77.28	465	22.72	-4.66	
Coburg East	1920	1421	74.01	499	25.99	-3.76	
Coburg North	2820	2195	77.84	625	22.16	-1.53	
Coburg South	657	496	75.49	161	24.51	-3.09	
Coburg West	3626	2700	74.46	926	25.54	-0.83	
Essendon (Wills)	1212	640	52.81	572	47.19	0.44
Essendon North	1155	641	55.50	514	44.50	-4.14
Essendon South	2874	1649	57.38	1225	42.62	-0.46
Fawkner East	1934	1540	79.63	394	20.37	-0.54
Fawkner North	2668	2074	77.74	594	22.26	-3.55
Gaffney	500	318	63.60	182	36.40	-2.34
Glenbervie	870	492	56.55	378	43.45	2.66
Glenroy	1465	998	68.12	467	31.88	-3.57
Glenroy Central	1741	1212	69.62	529	30.38	-2.49
Glenroy East	2072	1495	72.15	577	27.85	-3.00
Glenroy North	1688	1350	79.98	338	20.02	-3.87
Gowrie Park	1424	1108	77.81	316	22.19	1.68
Hadfield	1207	875	72.49	332	27.51	-3.45
Lake Park	347	278	80.12	69	19.88	7.84
Melbourne (Wills)	110	77	70.00	33	30.00	2.94
Melville	896	649	72.43	247	27.57	-1.30
Merlynston	1025	747	72.88	278	27.12	0.76
Mitchell	1460	1144	78.36	316	21.64	-1.08
Moomba Park	1793	1301	72.56	492	27.44	-3.96
Moonee Ponds North	2142	1411	65.87	731	34.13	0.84
Moreland	2096	1609	76.77	487	23.23	0.12
Pascoe Vale	3794	2552	67.26	1242	32.74	-0.74
Pascoe Vale Central	822	560	68.13	262	31.87	0.35
Pascoe Vale North	2269	1623	71.53	646	28.47	-0.88
Pascoe Vale South	3006	1983	65.97	1023	34.03	-0.79
Pascoe Vale West	1491	947	63.51	544	36.49	-5.11
Special Hospital Team 1	14	7	50.00	7	50.00	4.17
Strathmore	2691	1314	48.83	1377	51.17	0.73
Strathmore North	2030	1155	56.90	875	43.10	0.20
Strathmore South	812	385	47.41	427	52.59	1.27
ABSENT	5371	3566	66.39	1805	33.61	-
POSTAL	2744	1665	60.68	1079	39.32	-
PRE POLL	3497	2226	63.65	1271	36.35	-	
PROVISIONAL	506	381	75.30	125	24.70	-	
Division Total	78569	54542	69.42	24027	30.58	-1.54	
							
