House of Representatives - 2001 Election: Victoria																												
Distribution of Preferences																												
By Polling Place																												
Corio																												
				MENHEERE-THOMPSON			O'CONNOR			GOODEN			MALESIC			HILL			TIRKOT			FAIRBROTHER			JOHNSON			
				Erica			Gavan			Tim			Steve			Gareth			Herbert Georg			Cheryl			Catherine			
				DEM			ALP						LP			CEC			HAN						GRN			
	Count			Votes	%		Votes	%		Votes	%		Votes	%		Votes	%		Votes	%		Votes	%		Votes	%		Total
Aberdeen                                                       																												
	FIRST			100	8.14		323	26.30		5	0.41		680	55.37		2	0.16		15	1.22		3	0.24		100	8.14		1228
	SECOND			0	0.00		0	0.00		0	0.00		2	100.00			Excluded		0	0.00		0	0.00		0	0.00		2
		TOTAL		100	8.14		323	26.30		5	0.41		682	55.54					15	1.22		3	0.24		100	8.14		1228
	THIRD			0	0.00		0	0.00		2	66.67		1	33.33					0	0.00			Excluded		0	0.00		3
		TOTAL		100	8.14		323	26.30		7	0.57		683	55.62					15	1.22					100	8.14		1228
	FOURTH			0	0.00		2	28.57			Excluded		1	14.29					0	0.00					4	57.14		7
		TOTAL		100	8.14		325	26.47					684	55.70					15	1.22					104	8.47		1228
	FIFTH			0	0.00		4	26.67					5	33.33						Excluded					6	40.00		15
		TOTAL		100	8.14		329	26.79					689	56.11											110	8.96		1228
	SIXTH			60	54.55		24	21.82					26	23.64												Excluded		110
		TOTAL		160	13.03		353	28.75					715	58.22														1228
	SEVENTH				Excluded		114	71.25					46	28.75														160
		TOTAL					467	38.03					761	61.97														1228
							Elected																					
																												
Anakie                                                         																												
	FIRST			19	4.27		132	29.66		3	0.67		238	53.48		2	0.45		17	3.82		2	0.45		32	7.19		445
	SECOND			0	0.00		0	0.00		0	0.00		0	0.00			Excluded		2	100.00		0	0.00		0	0.00		2
		TOTAL		19	4.27		132	29.66		3	0.67		238	53.48					19	4.27		2	0.45		32	7.19		445
	THIRD			0	0.00		0	0.00		1	50.00		0	0.00					0	0.00			Excluded		1	50.00		2
		TOTAL		19	4.27		132	29.66		4	0.90		238	53.48					19	4.27					33	7.42		445
	FOURTH			0	0.00		0	0.00			Excluded		1	25.00					2	50.00					1	25.00		4
		TOTAL		19	4.27		132	29.66					239	53.71					21	4.72					34	7.64		445
	FIFTH			3	14.29		5	23.81					5	23.81						Excluded					8	38.10		21
		TOTAL		22	4.94		137	30.79					244	54.83											42	9.44		445
	SIXTH			18	42.86		14	33.33					10	23.81												Excluded		42
		TOTAL		40	8.99		151	33.93					254	57.08														445
	SEVENTH				Excluded		23	57.50					17	42.50														40
		TOTAL					174	39.10					271	60.90														445
							Elected																					
																												
Barwon                                                         																												
	FIRST			84	8.35		422	41.95		9	0.89		408	40.56		0	0.00		7	0.70		4	0.40		72	7.16		1006
	SECOND			0	0.00		0	0.00		0	0.00		0	0.00			Excluded		0	0.00		0	0.00		0	0.00		0
		TOTAL		84	8.35		422	41.95		9	0.89		408	40.56					7	0.70		4	0.40		72	7.16		1006
	THIRD			0	0.00		2	50.00		0	0.00		0	0.00					0	0.00			Excluded		2	50.00		4
		TOTAL		84	8.35		424	42.15		9	0.89		408	40.56					7	0.70					74	7.36		1006
	FOURTH			1	11.11		0	0.00			Excluded		2	22.22					2	22.22					4	44.44		9
		TOTAL		85	8.45		424	42.15					410	40.76					9	0.89					78	7.75		1006
	FIFTH			2	22.22		2	22.22					3	33.33						Excluded					2	22.22		9
		TOTAL		87	8.65		426	42.35					413	41.05											80	7.95		1006
	SIXTH			46	57.50		17	21.25					17	21.25												Excluded		80
		TOTAL		133	13.22		443	44.04					430	42.74														1006
	SEVENTH				Excluded		92	69.17					41	30.83														133
		TOTAL					535	53.18					471	46.82														1006
							Elected																					
																												
Batesford                                                      																												
	FIRST			19	10.61		69	38.55		0	0.00		74	41.34		0	0.00		7	3.91		1	0.56		9	5.03		179
	SECOND			0	0.00		0	0.00		0	0.00		0	0.00			Excluded		0	0.00		0	0.00		0	0.00		0
		TOTAL		19	10.61		69	38.55		0	0.00		74	41.34					7	3.91		1	0.56		9	5.03		179
	THIRD			0	0.00		0	0.00		0	0.00		0	0.00					0	0.00			Excluded		1	100.00		1
		TOTAL		19	10.61		69	38.55		0	0.00		74	41.34					7	3.91					10	5.59		179
	FOURTH			0	0.00		0	0.00			Excluded		0	0.00					0	0.00					0	0.00		0
		TOTAL		19	10.61		69	38.55					74	41.34					7	3.91					10	5.59		179
	FIFTH			1	14.29		1	14.29					4	57.14						Excluded					1	14.29		7
		TOTAL		20	11.17		70	39.11					78	43.58											11	6.15		179
	SIXTH			4	36.36		4	36.36					3	27.27												Excluded		11
		TOTAL		24	13.41		74	41.34					81	45.25														179
	SEVENTH				Excluded		18	75.00					6	25.00														24
		TOTAL					92	51.40					87	48.60														179
							Elected																					
																												
Bell Park                                                      																												
	FIRST			318	8.09		1955	49.75		49	1.25		1386	35.27		13	0.33		81	2.06		27	0.69		101	2.57		3930
	SECOND			2	15.38		1	7.69		1	7.69		3	23.08			Excluded		4	30.77		2	15.38		0	0.00		13
		TOTAL		320	8.14		1956	49.77		50	1.27		1389	35.34					85	2.16		29	0.74		101	2.57		3930
	THIRD			6	20.69		2	6.90		3	10.34		7	24.14					4	13.79			Excluded		7	24.14		29
		TOTAL		326	8.30		1958	49.82		53	1.35		1396	35.52					89	2.26					108	2.75		3930
	FOURTH			11	20.75		10	18.87			Excluded		1	1.89					3	5.66					28	52.83		53
		TOTAL		337	8.58		1968	50.08					1397	35.55					92	2.34					136	3.46		3930
	FIFTH			9	9.78		18	19.57					42	45.65						Excluded					23	25.00		92
		TOTAL		346	8.80		1986	50.53					1439	36.62											159	4.05		3930
	SIXTH			68	42.77		59	37.11					32	20.13												Excluded		159
		TOTAL		414	10.53		2045	52.04					1471	37.43														3930
	SEVENTH				Excluded		297	71.74					117	28.26														414
		TOTAL					2342	59.59					1588	40.41														3930
							Elected																					
																												
Breakwater                                                     																												
	FIRST			26	4.28		355	58.48		1	0.16		188	30.97		2	0.33		10	1.65		1	0.16		24	3.95		607
	SECOND			0	0.00		1	50.00		0	0.00		0	0.00			Excluded		0	0.00		0	0.00		1	50.00		2
		TOTAL		26	4.28		356	58.65		1	0.16		188	30.97					10	1.65		1	0.16		25	4.12		607
	THIRD			0	0.00		0	0.00		0	0.00		0	0.00					0	0.00			Excluded		1	100.00		1
		TOTAL		26	4.28		356	58.65		1	0.16		188	30.97					10	1.65					26	4.28		607
	FOURTH			0	0.00		0	0.00			Excluded		0	0.00					0	0.00					1	100.00		1
		TOTAL		26	4.28		356	58.65					188	30.97					10	1.65					27	4.45		607
	FIFTH			2	20.00		5	50.00					2	20.00						Excluded					1	10.00		10
		TOTAL		28	4.61		361	59.47					190	31.30											28	4.61		607
	SIXTH			16	57.14		8	28.57					4	14.29												Excluded		28
		TOTAL		44	7.25		369	60.79					194	31.96														607
	SEVENTH				Excluded		37	84.09					7	15.91														44
		TOTAL					406	66.89					201	33.11														607
							Elected																					
																												
Britannia                                                      																												
	FIRST			69	5.39		678	52.97		6	0.47		434	33.91		7	0.55		12	0.94		4	0.31		70	5.47		1280
	SECOND			0	0.00		1	14.29		0	0.00		4	57.14			Excluded		1	14.29		0	0.00		1	14.29		7
		TOTAL		69	5.39		679	53.05		6	0.47		438	34.22					13	1.02		4	0.31		71	5.55		1280
	THIRD			0	0.00		1	25.00		0	0.00		1	25.00					0	0.00			Excluded		2	50.00		4
		TOTAL		69	5.39		680	53.13		6	0.47		439	34.30					13	1.02					73	5.70		1280
	FOURTH			1	16.67		2	33.33			Excluded		1	16.67					0	0.00					2	33.33		6
		TOTAL		70	5.47		682	53.28					440	34.38					13	1.02					75	5.86		1280
	FIFTH			1	7.69		4	30.77					5	38.46						Excluded					3	23.08		13
		TOTAL		71	5.55		686	53.59					445	34.77											78	6.09		1280
	SIXTH			45	57.69		24	30.77					9	11.54												Excluded		78
		TOTAL		116	9.06		710	55.47					454	35.47														1280
	SEVENTH				Excluded		85	73.28					31	26.72														116
		TOTAL					795	62.11					485	37.89														1280
							Elected																					
																												
Chilwell                                                       																												
	FIRST			242	9.21		935	35.58		4	0.15		1195	45.47		8	0.30		22	0.84		6	0.23		216	8.22		2628
	SECOND			0	0.00		3	37.50		1	12.50		2	25.00			Excluded		0	0.00		1	12.50		1	12.50		8
		TOTAL		242	9.21		938	35.69		5	0.19		1197	45.55					22	0.84		7	0.27		217	8.26		2628
	THIRD			0	0.00		1	14.29		2	28.57		2	28.57					1	14.29			Excluded		1	14.29		7
		TOTAL		242	9.21		939	35.73		7	0.27		1199	45.62					23	0.88					218	8.30		2628
	FOURTH			1	14.29		2	28.57			Excluded		1	14.29					2	28.57					1	14.29		7
		TOTAL		243	9.25		941	35.81					1200	45.66					25	0.95					219	8.33		2628
	FIFTH			2	8.00		2	8.00					10	40.00						Excluded					11	44.00		25
		TOTAL		245	9.32		943	35.88					1210	46.04											230	8.75		2628
	SIXTH			121	52.61		68	29.57					41	17.83												Excluded		230
		TOTAL		366	13.93		1011	38.47					1251	47.60														2628
	SEVENTH				Excluded		241	65.85					125	34.15														366
		TOTAL					1252	47.64					1376	52.36														2628
							Elected																					
																												
Clifton Springs                                                																												
	FIRST			191	6.25		1265	41.39		15	0.49		1369	44.80		1	0.03		73	2.39		12	0.39		130	4.25		3056
	SECOND			0	0.00		0	0.00		0	0.00		1	100.00			Excluded		0	0.00		0	0.00		0	0.00		1
		TOTAL		191	6.25		1265	41.39		15	0.49		1370	44.83					73	2.39		12	0.39		130	4.25		3056
	THIRD			2	16.67		2	16.67		4	33.33		0	0.00					0	0.00			Excluded		4	33.33		12
		TOTAL		193	6.32		1267	41.46		19	0.62		1370	44.83					73	2.39					134	4.38		3056
	FOURTH			2	10.53		5	26.32			Excluded		4	21.05					4	21.05					4	21.05		19
		TOTAL		195	6.38		1272	41.62					1374	44.96					77	2.52					138	4.52		3056
	FIFTH			18	23.38		20	25.97					23	29.87						Excluded					16	20.78		77
		TOTAL		213	6.97		1292	42.28					1397	45.71											154	5.04		3056
	SIXTH			75	48.70		51	33.12					28	18.18												Excluded		154
		TOTAL		288	9.42		1343	43.95					1425	46.63														3056
	SEVENTH				Excluded		198	68.75					90	31.25														288
		TOTAL					1541	50.43					1515	49.57														3056
							Elected																					
																												
Corio                                                          																												
	FIRST			162	4.39		2464	66.78		76	2.06		765	20.73		1	0.03		61	1.65		59	1.60		102	2.76		3690
	SECOND			0	0.00		0	0.00		0	0.00		0	0.00			Excluded		0	0.00		1	100.00		0	0.00		1
		TOTAL		162	4.39		2464	66.78		76	2.06		765	20.73					61	1.65		60	1.63		102	2.76		3690
	THIRD			6	10.00		8	13.33		1	1.67		28	46.67					4	6.67			Excluded		13	21.67		60
		TOTAL		168	4.55		2472	66.99		77	2.09		793	21.49					65	1.76					115	3.12		3690
	FOURTH			6	7.79		14	18.18			Excluded		5	6.49					3	3.90					49	63.64		77
		TOTAL		174	4.72		2486	67.37					798	21.63					68	1.84					164	4.44		3690
	FIFTH			10	14.71		18	26.47					19	27.94						Excluded					21	30.88		68
		TOTAL		184	4.99		2504	67.86					817	22.14											185	5.01		3690
	SIXTH			53	28.65		103	55.68					29	15.68												Excluded		185
		TOTAL		237	6.42		2607	70.65					846	22.93														3690
	SEVENTH				Excluded		165	69.62					72	30.38														237
		TOTAL					2772	75.12					918	24.88														3690
							Elected																					
																												
Corio Central                                                  																												
	FIRST			152	5.04		2017	66.90		25	0.83		659	21.86		6	0.20		62	2.06		42	1.39		52	1.72		3015
	SECOND			1	16.67		0	0.00		1	16.67		2	33.33			Excluded		1	16.67		0	0.00		1	16.67		6
		TOTAL		153	5.07		2017	66.90		26	0.86		661	21.92					63	2.09		42	1.39		53	1.76		3015
	THIRD			2	4.76		1	2.38		1	2.38		31	73.81					3	7.14			Excluded		4	9.52		42
		TOTAL		155	5.14		2018	66.93		27	0.90		692	22.95					66	2.19					57	1.89		3015
	FOURTH			3	11.11		4	14.81			Excluded		5	18.52					1	3.70					14	51.85		27
		TOTAL		158	5.24		2022	67.06					697	23.12					67	2.22					71	2.35		3015
	FIFTH			16	23.88		23	34.33					19	28.36						Excluded					9	13.43		67
		TOTAL		174	5.77		2045	67.83					716	23.75											80	2.65		3015
	SIXTH			31	38.75		33	41.25					16	20.00												Excluded		80
		TOTAL		205	6.80		2078	68.92					732	24.28														3015
	SEVENTH				Excluded		157	76.59					48	23.41														205
		TOTAL					2235	74.13					780	25.87														3015
							Elected																					
																												
Corio West                                                     																												
	FIRST			0	0.00		0	0.00		0	0.00		0	0.00		0	0.00		0	0.00		0	0.00		0	0.00		0
	SECOND			0	0.00		0	0.00		0	0.00		0	0.00			Excluded		0	0.00		0	0.00		0	0.00		0
		TOTAL		0	0.00		0	0.00		0	0.00		0	0.00					0	0.00		0	0.00		0	0.00		0
	THIRD			0	0.00		0	0.00		0	0.00		0	0.00					0	0.00			Excluded		0	0.00		0
		TOTAL		0	0.00		0	0.00		0	0.00		0	0.00					0	0.00					0	0.00		0
	FOURTH			0	0.00		0	0.00			Excluded		0	0.00					0	0.00					0	0.00		0
		TOTAL		0	0.00		0	0.00					0	0.00					0	0.00					0	0.00		0
	FIFTH			0	0.00		0	0.00					0	0.00						Excluded					0	0.00		0
		TOTAL		0	0.00		0	0.00					0	0.00											0	0.00		0
	SIXTH			0	0.00		0	0.00					0	0.00												Excluded		0
		TOTAL		0	0.00		0	0.00					0	0.00														0
	SEVENTH				Excluded		0	0.00					0	0.00														0
		TOTAL					0	0.00					0	0.00														0
							Elected																					
																												
Drysdale (Corio)                                               																												
	FIRST			117	6.56		670	37.56		3	0.17		842	47.20		7	0.39		35	1.96		7	0.39		103	5.77		1784
	SECOND			0	0.00		0	0.00		2	28.57		1	14.29			Excluded		1	14.29		2	28.57		1	14.29		7
		TOTAL		117	6.56		670	37.56		5	0.28		843	47.25					36	2.02		9	0.50		104	5.83		1784
	THIRD			2	22.22		2	22.22		3	33.33		1	11.11					0	0.00			Excluded		1	11.11		9
		TOTAL		119	6.67		672	37.67		8	0.45		844	47.31					36	2.02					105	5.89		1784
	FOURTH			2	25.00		3	37.50			Excluded		0	0.00					2	25.00					1	12.50		8
		TOTAL		121	6.78		675	37.84					844	47.31					38	2.13					106	5.94		1784
	FIFTH			10	26.32		6	15.79					13	34.21						Excluded					9	23.68		38
		TOTAL		131	7.34		681	38.17					857	48.04											115	6.45		1784
	SIXTH			53	46.09		37	32.17					25	21.74												Excluded		115
		TOTAL		184	10.31		718	40.25					882	49.44														1784
	SEVENTH				Excluded		131	71.20					53	28.80														184
		TOTAL					849	47.59					935	52.41														1784
							Elected																					
																												
Fyans Park                                                     																												
	FIRST			49	4.53		321	29.67		5	0.46		636	58.78		0	0.00		10	0.92		5	0.46		56	5.18		1082
	SECOND			0	0.00		0	0.00		0	0.00		0	0.00			Excluded		0	0.00		0	0.00		0	0.00		0
		TOTAL		49	4.53		321	29.67		5	0.46		636	58.78					10	0.92		5	0.46		56	5.18		1082
	THIRD			3	60.00		0	0.00		0	0.00		1	20.00					1	20.00			Excluded		0	0.00		5
		TOTAL		52	4.81		321	29.67		5	0.46		637	58.87					11	1.02					56	5.18		1082
	FOURTH			1	20.00		1	20.00			Excluded		0	0.00					1	20.00					2	40.00		5
		TOTAL		53	4.90		322	29.76					637	58.87					12	1.11					58	5.36		1082
	FIFTH			1	8.33		1	8.33					6	50.00						Excluded					4	33.33		12
		TOTAL		54	4.99		323	29.85					643	59.43											62	5.73		1082
	SIXTH			30	48.39		15	24.19					17	27.42												Excluded		62
		TOTAL		84	7.76		338	31.24					660	61.00														1082
	SEVENTH				Excluded		58	69.05					26	30.95														84
		TOTAL					396	36.60					686	63.40														1082
							Elected																					
																												
Geelong East                                                   																												
	FIRST			227	9.05		1073	42.80		14	0.56		941	37.53		4	0.16		27	1.08		15	0.60		206	8.22		2507
	SECOND			0	0.00		0	0.00		2	50.00		0	0.00			Excluded		1	25.00		1	25.00		0	0.00		4
		TOTAL		227	9.05		1073	42.80		16	0.64		941	37.53					28	1.12		16	0.64		206	8.22		2507
	THIRD			1	6.25		2	12.50		3	18.75		2	12.50					1	6.25			Excluded		7	43.75		16
		TOTAL		228	9.09		1075	42.88		19	0.76		943	37.61					29	1.16					213	8.50		2507
	FOURTH			2	10.53		6	31.58			Excluded		2	10.53					3	15.79					6	31.58		19
		TOTAL		230	9.17		1081	43.12					945	37.69					32	1.28					219	8.74		2507
	FIFTH			4	12.50		6	18.75					12	37.50						Excluded					10	31.25		32
		TOTAL		234	9.33		1087	43.36					957	38.17											229	9.13		2507
	SIXTH			118	51.53		74	32.31					37	16.16												Excluded		229
		TOTAL		352	14.04		1161	46.31					994	39.65														2507
	SEVENTH				Excluded		257	73.01					95	26.99														352
		TOTAL					1418	56.56					1089	43.44														2507
							Elected																					
																												
Geelong West                                                   																												
	FIRST			280	9.55		1419	48.40		38	1.30		930	31.72		6	0.20		41	1.40		11	0.38		207	7.06		2932
	SECOND			1	16.67		0	0.00		2	33.33		1	16.67			Excluded		1	16.67		1	16.67		0	0.00		6
		TOTAL		281	9.58		1419	48.40		40	1.36		931	31.75					42	1.43		12	0.41		207	7.06		2932
	THIRD			0	0.00		4	33.33		3	25.00		1	8.33					2	16.67			Excluded		2	16.67		12
		TOTAL		281	9.58		1423	48.53		43	1.47		932	31.79					44	1.50					209	7.13		2932
	FOURTH			6	13.95		10	23.26			Excluded		2	4.65					2	4.65					23	53.49		43
		TOTAL		287	9.79		1433	48.87					934	31.86					46	1.57					232	7.91		2932
	FIFTH			4	8.70		9	19.57					21	45.65						Excluded					12	26.09		46
		TOTAL		291	9.92		1442	49.18					955	32.57											244	8.32		2932
	SIXTH			118	48.36		101	41.39					25	10.25												Excluded		244
		TOTAL		409	13.95		1543	52.63					980	33.42														2932
	SEVENTH				Excluded		317	77.51					92	22.49														409
		TOTAL					1860	63.44					1072	36.56														2932
							Elected																					
																												
Hamlyn Heights                                                 																												
	FIRST			322	8.90		1711	47.28		34	0.94		1386	38.30		4	0.11		42	1.16		19	0.53		101	2.79		3619
	SECOND			0	0.00		1	25.00		0	0.00		0	0.00			Excluded		1	25.00		1	25.00		1	25.00		4
		TOTAL		322	8.90		1712	47.31		34	0.94		1386	38.30					43	1.19		20	0.55		102	2.82		3619
	THIRD			1	5.00		2	10.00		1	5.00		7	35.00					3	15.00			Excluded		6	30.00		20
		TOTAL		323	8.93		1714	47.36		35	0.97		1393	38.49					46	1.27					108	2.98		3619
	FOURTH			3	8.57		11	31.43			Excluded		4	11.43					3	8.57					14	40.00		35
		TOTAL		326	9.01		1725	47.67					1397	38.60					49	1.35					122	3.37		3619
	FIFTH			4	8.16		12	24.49					18	36.73						Excluded					15	30.61		49
		TOTAL		330	9.12		1737	48.00					1415	39.10											137	3.79		3619
	SIXTH			56	40.88		58	42.34					23	16.79												Excluded		137
		TOTAL		386	10.67		1795	49.60					1438	39.73														3619
	SEVENTH				Excluded		275	71.24					111	28.76														386
		TOTAL					2070	57.20					1549	42.80														3619
							Elected																					
																												
Herne Hill                                                     																												
	FIRST			90	7.31		623	50.57		4	0.32		447	36.28		3	0.24		18	1.46		5	0.41		42	3.41		1232
	SECOND			0	0.00		1	33.33		1	33.33		1	33.33			Excluded		0	0.00		0	0.00		0	0.00		3
		TOTAL		90	7.31		624	50.65		5	0.41		448	36.36					18	1.46		5	0.41		42	3.41		1232
	THIRD			0	0.00		0	0.00		1	20.00		1	20.00					2	40.00			Excluded		1	20.00		5
		TOTAL		90	7.31		624	50.65		6	0.49		449	36.44					20	1.62					43	3.49		1232
	FOURTH			0	0.00		2	33.33			Excluded		2	33.33					1	16.67					1	16.67		6
		TOTAL		90	7.31		626	50.81					451	36.61					21	1.70					44	3.57		1232
	FIFTH			4	19.05		5	23.81					5	23.81						Excluded					7	33.33		21
		TOTAL		94	7.63		631	51.22					456	37.01											51	4.14		1232
	SIXTH			31	60.78		14	27.45					6	11.76												Excluded		51
		TOTAL		125	10.15		645	52.35					462	37.50														1232
	SEVENTH				Excluded		92	73.60					33	26.40														125
		TOTAL					737	59.82					495	40.18														1232
							Elected																					
																												
Kardinia Park                                                  																												
	FIRST			85	9.20		442	47.84		4	0.43		321	34.74		3	0.32		9	0.97		4	0.43		56	6.06		924
	SECOND			1	33.33		0	0.00		0	0.00		2	66.67			Excluded		0	0.00		0	0.00		0	0.00		3
		TOTAL		86	9.31		442	47.84		4	0.43		323	34.96					9	0.97		4	0.43		56	6.06		924
	THIRD			2	50.00		0	0.00		1	25.00		0	0.00					0	0.00			Excluded		1	25.00		4
		TOTAL		88	9.52		442	47.84		5	0.54		323	34.96					9	0.97					57	6.17		924
	FOURTH			0	0.00		2	40.00			Excluded		0	0.00					0	0.00					3	60.00		5
		TOTAL		88	9.52		444	48.05					323	34.96					9	0.97					60	6.49		924
	FIFTH			1	11.11		2	22.22					5	55.56						Excluded					1	11.11		9
		TOTAL		89	9.63		446	48.27					328	35.50											61	6.60		924
	SIXTH			33	54.10		20	32.79					8	13.11												Excluded		61
		TOTAL		122	13.20		466	50.43					336	36.36														924
	SEVENTH				Excluded		93	76.23					29	23.77														122
		TOTAL					559	60.50					365	39.50														924
							Elected																					
																												
Lara                                                           																												
	FIRST			260	7.60		1469	42.92		19	0.56		1377	40.23		6	0.18		87	2.54		61	1.78		144	4.21		3423
	SECOND			0	0.00		0	0.00		1	16.67		2	33.33			Excluded		1	16.67		0	0.00		2	33.33		6
		TOTAL		260	7.60		1469	42.92		20	0.58		1379	40.29					88	2.57		61	1.78		146	4.27		3423
	THIRD			3	4.92		7	11.48		4	6.56		38	62.30					1	1.64			Excluded		8	13.11		61
		TOTAL		263	7.68		1476	43.12		24	0.70		1417	41.40					89	2.60					154	4.50		3423
	FOURTH			3	12.50		10	41.67			Excluded		7	29.17					2	8.33					2	8.33		24
		TOTAL		266	7.77		1486	43.41					1424	41.60					91	2.66					156	4.56		3423
	FIFTH			10	10.99		17	18.68					51	56.04						Excluded					13	14.29		91
		TOTAL		276	8.06		1503	43.91					1475	43.09											169	4.94		3423
	SIXTH			91	53.85		45	26.63					33	19.53												Excluded		169
		TOTAL		367	10.72		1548	45.22					1508	44.05														3423
	SEVENTH				Excluded		263	71.66					104	28.34														367
		TOTAL					1811	52.91					1612	47.09														3423
							Elected																					
																												
Lara Central                                                   																												
	FIRST			184	7.32		1084	43.12		9	0.36		1035	41.17		13	0.52		58	2.31		37	1.47		94	3.74		2514
	SECOND			0	0.00		1	7.69		4	30.77		3	23.08			Excluded		1	7.69		1	7.69		3	23.08		13
		TOTAL		184	7.32		1085	43.16		13	0.52		1038	41.29					59	2.35		38	1.51		97	3.86		2514
	THIRD			4	10.53		1	2.63		3	7.89		23	60.53					2	5.26			Excluded		5	13.16		38
		TOTAL		188	7.48		1086	43.20		16	0.64		1061	42.20					61	2.43					102	4.06		2514
	FOURTH			3	18.75		5	31.25			Excluded		2	12.50					4	25.00					2	12.50		16
		TOTAL		191	7.60		1091	43.40					1063	42.28					65	2.59					104	4.14		2514
	FIFTH			6	9.23		6	9.23					41	63.08						Excluded					12	18.46		65
		TOTAL		197	7.84		1097	43.64					1104	43.91											116	4.61		2514
	SIXTH			52	44.83		32	27.59					32	27.59												Excluded		116
		TOTAL		249	9.90		1129	44.91					1136	45.19														2514
	SEVENTH				Excluded		179	71.89					70	28.11														249
		TOTAL					1308	52.03					1206	47.97														2514
							Elected																					
																												
Leopold                                                        																												
	FIRST			196	7.78		923	36.63		12	0.48		1244	49.37		9	0.36		32	1.27		8	0.32		96	3.81		2520
	SECOND			0	0.00		0	0.00		3	33.33		3	33.33			Excluded		2	22.22		1	11.11		0	0.00		9
		TOTAL		196	7.78		923	36.63		15	0.60		1247	49.48					34	1.35		9	0.36		96	3.81		2520
	THIRD			0	0.00		1	11.11		2	22.22		0	0.00					1	11.11			Excluded		5	55.56		9
		TOTAL		196	7.78		924	36.67		17	0.67		1247	49.48					35	1.39					101	4.01		2520
	FOURTH			6	35.29		1	5.88			Excluded		3	17.65					3	17.65					4	23.53		17
		TOTAL		202	8.02		925	36.71					1250	49.60					38	1.51					105	4.17		2520
	FIFTH			7	18.42		10	26.32					11	28.95						Excluded					10	26.32		38
		TOTAL		209	8.29		935	37.10					1261	50.04											115	4.56		2520
	SIXTH			73	63.48		25	21.74					17	14.78												Excluded		115
		TOTAL		282	11.19		960	38.10					1278	50.71														2520
	SEVENTH				Excluded		187	66.31					95	33.69														282
		TOTAL					1147	45.52					1373	54.48														2520
							Elected																					
																												
Leopold South                                                  																												
	FIRST			87	5.68		575	37.53		6	0.39		760	49.61		1	0.07		28	1.83		6	0.39		69	4.50		1532
	SECOND			0	0.00		0	0.00		0	0.00		1	100.00			Excluded		0	0.00		0	0.00		0	0.00		1
		TOTAL		87	5.68		575	37.53		6	0.39		761	49.67					28	1.83		6	0.39		69	4.50		1532
	THIRD			0	0.00		1	16.67		0	0.00		4	66.67					0	0.00			Excluded		1	16.67		6
		TOTAL		87	5.68		576	37.60		6	0.39		765	49.93					28	1.83					70	4.57		1532
	FOURTH			2	33.33		3	50.00			Excluded		0	0.00					1	16.67					0	0.00		6
		TOTAL		89	5.81		579	37.79					765	49.93					29	1.89					70	4.57		1532
	FIFTH			4	13.79		8	27.59					9	31.03						Excluded					8	27.59		29
		TOTAL		93	6.07		587	38.32					774	50.52											78	5.09		1532
	SIXTH			38	48.72		22	28.21					18	23.08												Excluded		78
		TOTAL		131	8.55		609	39.75					792	51.70														1532
	SEVENTH				Excluded		93	70.99					38	29.01														131
		TOTAL					702	45.82					830	54.18														1532
							Elected																					
																												
Manifold Heights                                               																												
	FIRST			177	9.67		774	42.27		4	0.22		766	41.84		1	0.05		25	1.37		6	0.33		78	4.26		1831
	SECOND			1	100.00		0	0.00		0	0.00		0	0.00			Excluded		0	0.00		0	0.00		0	0.00		1
		TOTAL		178	9.72		774	42.27		4	0.22		766	41.84					25	1.37		6	0.33		78	4.26		1831
	THIRD			1	16.67		0	0.00		2	33.33		2	33.33					0	0.00			Excluded		1	16.67		6
		TOTAL		179	9.78		774	42.27		6	0.33		768	41.94					25	1.37					79	4.31		1831
	FOURTH			3	50.00		1	16.67			Excluded		1	16.67					0	0.00					1	16.67		6
		TOTAL		182	9.94		775	42.33					769	42.00					25	1.37					80	4.37		1831
	FIFTH			8	32.00		8	32.00					1	4.00						Excluded					8	32.00		25
		TOTAL		190	10.38		783	42.76					770	42.05											88	4.81		1831
	SIXTH			55	62.50		23	26.14					10	11.36												Excluded		88
		TOTAL		245	13.38		806	44.02					780	42.60														1831
	SEVENTH				Excluded		160	65.31					85	34.69														245
		TOTAL					966	52.76					865	47.24														1831
							Elected																					
																												
Melbourne (Corio)                                              																												
	FIRST			10	17.54		10	17.54		1	1.75		29	50.88		0	0.00		1	1.75		1	1.75		5	8.77		57
	SECOND			0	0.00		0	0.00		0	0.00		0	0.00			Excluded		0	0.00		0	0.00		0	0.00		0
		TOTAL		10	17.54		10	17.54		1	1.75		29	50.88					1	1.75		1	1.75		5	8.77		57
	THIRD			0	0.00		1	100.00		0	0.00		0	0.00					0	0.00			Excluded		0	0.00		1
		TOTAL		10	17.54		11	19.30		1	1.75		29	50.88					1	1.75					5	8.77		57
	FOURTH			0	0.00		1	100.00			Excluded		0	0.00					0	0.00					0	0.00		1
		TOTAL		10	17.54		12	21.05					29	50.88					1	1.75					5	8.77		57
	FIFTH			0	0.00		0	0.00					1	100.00						Excluded					0	0.00		1
		TOTAL		10	17.54		12	21.05					30	52.63											5	8.77		57
	SIXTH			3	60.00		1	20.00					1	20.00												Excluded		5
		TOTAL		13	22.81		13	22.81					31	54.39														57
	SEVENTH				Excluded		6	46.15					7	53.85														13
		TOTAL					19	33.33					38	66.67														57
							Elected																					
																												
Moolap                                                         																												
	FIRST			35	5.05		294	42.42		2	0.29		316	45.60		2	0.29		21	3.03		2	0.29		21	3.03		693
	SECOND			0	0.00		1	50.00		0	0.00		1	50.00			Excluded		0	0.00		0	0.00		0	0.00		2
		TOTAL		35	5.05		295	42.57		2	0.29		317	45.74					21	3.03		2	0.29		21	3.03		693
	THIRD			1	50.00		0	0.00		1	50.00		0	0.00					0	0.00			Excluded		0	0.00		2
		TOTAL		36	5.19		295	42.57		3	0.43		317	45.74					21	3.03					21	3.03		693
	FOURTH			1	33.33		0	0.00			Excluded		1	33.33					1	33.33					0	0.00		3
		TOTAL		37	5.34		295	42.57					318	45.89					22	3.17					21	3.03		693
	FIFTH			1	4.55		10	45.45					4	18.18						Excluded					7	31.82		22
		TOTAL		38	5.48		305	44.01					322	46.46											28	4.04		693
	SIXTH			13	46.43		9	32.14					6	21.43												Excluded		28
		TOTAL		51	7.36		314	45.31					328	47.33														693
	SEVENTH				Excluded		37	72.55					14	27.45														51
		TOTAL					351	50.65					342	49.35														693
							Elected																					
																												
Newcomb                                                        																												
	FIRST			107	4.87		1160	52.80		34	1.55		761	34.64		6	0.27		43	1.96		8	0.36		78	3.55		2197
	SECOND			0	0.00		0	0.00		0	0.00		1	16.67			Excluded		2	33.33		1	16.67		2	33.33		6
		TOTAL		107	4.87		1160	52.80		34	1.55		762	34.68					45	2.05		9	0.41		80	3.64		2197
	THIRD			1	11.11		3	33.33		1	11.11		0	0.00					1	11.11			Excluded		3	33.33		9
		TOTAL		108	4.92		1163	52.94		35	1.59		762	34.68					46	2.09					83	3.78		2197
	FOURTH			2	5.71		8	22.86			Excluded		1	2.86					0	0.00					24	68.57		35
		TOTAL		110	5.01		1171	53.30					763	34.73					46	2.09					107	4.87		2197
	FIFTH			8	17.39		10	21.74					12	26.09						Excluded					16	34.78		46
		TOTAL		118	5.37		1181	53.76					775	35.28											123	5.60		2197
	SIXTH			47	38.21		56	45.53					20	16.26												Excluded		123
		TOTAL		165	7.51		1237	56.30					795	36.19														2197
	SEVENTH				Excluded		123	74.55					42	25.45														165
		TOTAL					1360	61.90					837	38.10														2197
							Elected																					
																												
Newcomb South                                                  																												
	FIRST			82	6.67		613	49.88		24	1.95		451	36.70		1	0.08		23	1.87		4	0.33		31	2.52		1229
	SECOND			1	100.00		0	0.00		0	0.00		0	0.00			Excluded		0	0.00		0	0.00		0	0.00		1
		TOTAL		83	6.75		613	49.88		24	1.95		451	36.70					23	1.87		4	0.33		31	2.52		1229
	THIRD			0	0.00		1	25.00		1	25.00		0	0.00					1	25.00			Excluded		1	25.00		4
		TOTAL		83	6.75		614	49.96		25	2.03		451	36.70					24	1.95					32	2.60		1229
	FOURTH			3	12.00		4	16.00			Excluded		1	4.00					2	8.00					15	60.00		25
		TOTAL		86	7.00		618	50.28					452	36.78					26	2.12					47	3.82		1229
	FIFTH			5	19.23		9	34.62					5	19.23						Excluded					7	26.92		26
		TOTAL		91	7.40		627	51.02					457	37.18											54	4.39		1229
	SIXTH			21	38.89		24	44.44					9	16.67												Excluded		54
		TOTAL		112	9.11		651	52.97					466	37.92														1229
	SEVENTH				Excluded		82	73.21					30	26.79														112
		TOTAL					733	59.64					496	40.36														1229
							Elected																					
																												
Norlane                                                        																												
	FIRST			295	6.19		3201	67.16		60	1.26		915	19.20		9	0.19		76	1.59		108	2.27		102	2.14		4766
	SECOND			2	22.22		1	11.11		1	11.11		1	11.11			Excluded		1	11.11		2	22.22		1	11.11		9
		TOTAL		297	6.23		3202	67.18		61	1.28		916	19.22					77	1.62		110	2.31		103	2.16		4766
	THIRD			7	6.36		19	17.27		4	3.64		61	55.45					11	10.00			Excluded		8	7.27		110
		TOTAL		304	6.38		3221	67.58		65	1.36		977	20.50					88	1.85					111	2.33		4766
	FOURTH			10	15.38		20	30.77			Excluded		5	7.69					3	4.62					27	41.54		65
		TOTAL		314	6.59		3241	68.00					982	20.60					91	1.91					138	2.90		4766
	FIFTH			22	24.18		24	26.37					29	31.87						Excluded					16	17.58		91
		TOTAL		336	7.05		3265	68.51					1011	21.21											154	3.23		4766
	SIXTH			52	33.77		62	40.26					40	25.97												Excluded		154
		TOTAL		388	8.14		3327	69.81					1051	22.05														4766
	SEVENTH				Excluded		303	78.09					85	21.91														388
		TOTAL					3630	76.16					1136	23.84														4766
							Elected																					
																												
North Shore                                                    																												
	FIRST			86	4.18		1432	69.55		51	2.48		341	16.56		7	0.34		53	2.57		37	1.80		52	2.53		2059
	SECOND			1	14.29		0	0.00		1	14.29		2	28.57			Excluded		2	28.57		0	0.00		1	14.29		7
		TOTAL		87	4.23		1432	69.55		52	2.53		343	16.66					55	2.67		37	1.80		53	2.57		2059
	THIRD			2	5.41		7	18.92		1	2.70		22	59.46					4	10.81			Excluded		1	2.70		37
		TOTAL		89	4.32		1439	69.89		53	2.57		365	17.73					59	2.87					54	2.62		2059
	FOURTH			11	20.75		9	16.98			Excluded		7	13.21					2	3.77					24	45.28		53
		TOTAL		100	4.86		1448	70.33					372	18.07					61	2.96					78	3.79		2059
	FIFTH			8	13.11		12	19.67					14	22.95						Excluded					27	44.26		61
		TOTAL		108	5.25		1460	70.91					386	18.75											105	5.10		2059
	SIXTH			34	32.38		49	46.67					22	20.95												Excluded		105
		TOTAL		142	6.90		1509	73.29					408	19.82														2059
	SEVENTH				Excluded		116	81.69					26	18.31														142
		TOTAL					1625	78.92					434	21.08														2059
							Elected																					
																												
Rollins                                                        																												
	FIRST			85	6.58		705	54.61		11	0.85		426	33.00		5	0.39		15	1.16		5	0.39		39	3.02		1291
	SECOND			0	0.00		0	0.00		0	0.00		2	40.00			Excluded		2	40.00		1	20.00		0	0.00		5
		TOTAL		85	6.58		705	54.61		11	0.85		428	33.15					17	1.32		6	0.46		39	3.02		1291
	THIRD			0	0.00		1	16.67		0	0.00		1	16.67					1	16.67			Excluded		3	50.00		6
		TOTAL		85	6.58		706	54.69		11	0.85		429	33.23					18	1.39					42	3.25		1291
	FOURTH			2	18.18		2	18.18			Excluded		1	9.09					0	0.00					6	54.55		11
		TOTAL		87	6.74		708	54.84					430	33.31					18	1.39					48	3.72		1291
	FIFTH			2	11.11		5	27.78					2	11.11						Excluded					9	50.00		18
		TOTAL		89	6.89		713	55.23					432	33.46											57	4.42		1291
	SIXTH			28	49.12		19	33.33					10	17.54												Excluded		57
		TOTAL		117	9.06		732	56.70					442	34.24														1291
	SEVENTH				Excluded		84	71.79					33	28.21														117
		TOTAL					816	63.21					475	36.79														1291
							Elected																					
																												
Shannon                                                        																												
	FIRST			66	5.44		511	42.13		3	0.25		526	43.36		1	0.08		14	1.15		5	0.41		87	7.17		1213
	SECOND			0	0.00		0	0.00		0	0.00		1	100.00			Excluded		0	0.00		0	0.00		0	0.00		1
		TOTAL		66	5.44		511	42.13		3	0.25		527	43.45					14	1.15		5	0.41		87	7.17		1213
	THIRD			1	20.00		0	0.00		3	60.00		0	0.00					1	20.00			Excluded		0	0.00		5
		TOTAL		67	5.52		511	42.13		6	0.49		527	43.45					15	1.24					87	7.17		1213
	FOURTH			0	0.00		2	33.33			Excluded		2	33.33					0	0.00					2	33.33		6
		TOTAL		67	5.52		513	42.29					529	43.61					15	1.24					89	7.34		1213
	FIFTH			1	6.67		3	20.00					5	33.33						Excluded					6	40.00		15
		TOTAL		68	5.61		516	42.54					534	44.02											95	7.83		1213
	SIXTH			50	52.63		32	33.68					13	13.68												Excluded		95
		TOTAL		118	9.73		548	45.18					547	45.09														1213
	SEVENTH				Excluded		94	79.66					24	20.34														118
		TOTAL					642	52.93					571	47.07														1213
							Elected																					
																												
St Helens                                                      																												
	FIRST			38	4.53		400	47.73		2	0.24		345	41.17		1	0.12		9	1.07		4	0.48		39	4.65		838
	SECOND			0	0.00		0	0.00		0	0.00		1	100.00			Excluded		0	0.00		0	0.00		0	0.00		1
		TOTAL		38	4.53		400	47.73		2	0.24		346	41.29					9	1.07		4	0.48		39	4.65		838
	THIRD			1	25.00		0	0.00		0	0.00		0	0.00					1	25.00			Excluded		2	50.00		4
		TOTAL		39	4.65		400	47.73		2	0.24		346	41.29					10	1.19					41	4.89		838
	FOURTH			0	0.00		0	0.00			Excluded		1	50.00					1	50.00					0	0.00		2
		TOTAL		39	4.65		400	47.73					347	41.41					11	1.31					41	4.89		838
	FIFTH			2	18.18		2	18.18					3	27.27						Excluded					4	36.36		11
		TOTAL		41	4.89		402	47.97					350	41.77											45	5.37		838
	SIXTH			22	48.89		19	42.22					4	8.89												Excluded		45
		TOTAL		63	7.52		421	50.24					354	42.24														838
	SEVENTH				Excluded		51	80.95					12	19.05														63
		TOTAL					472	56.32					366	43.68														838
							Elected																					
																												
Thomson                                                        																												
	FIRST			73	4.86		847	56.39		31	2.06		463	30.83		0	0.00		21	1.40		10	0.67		57	3.79		1502
	SECOND			0	0.00		0	0.00		0	0.00		0	0.00			Excluded		0	0.00		0	0.00		0	0.00		0
		TOTAL		73	4.86		847	56.39		31	2.06		463	30.83					21	1.40		10	0.67		57	3.79		1502
	THIRD			0	0.00		3	30.00		2	20.00		0	0.00					3	30.00			Excluded		2	20.00		10
		TOTAL		73	4.86		850	56.59		33	2.20		463	30.83					24	1.60					59	3.93		1502
	FOURTH			4	12.12		2	6.06			Excluded		1	3.03					4	12.12					22	66.67		33
		TOTAL		77	5.13		852	56.72					464	30.89					28	1.86					81	5.39		1502
	FIFTH			4	14.29		6	21.43					10	35.71						Excluded					8	28.57		28
		TOTAL		81	5.39		858	57.12					474	31.56											89	5.93		1502
	SIXTH			44	49.44		32	35.96					13	14.61												Excluded		89
		TOTAL		125	8.32		890	59.25					487	32.42														1502
	SEVENTH				Excluded		94	75.20					31	24.80														125
		TOTAL					984	65.51					518	34.49														1502
							Elected																					
																												
Whittington                                                    																												
	FIRST			216	6.09		1965	55.38		47	1.32		1035	29.17		6	0.17		110	3.10		32	0.90		137	3.86		3548
	SECOND			1	16.67		3	50.00		0	0.00		1	16.67			Excluded		1	16.67		0	0.00		0	0.00		6
		TOTAL		217	6.12		1968	55.47		47	1.32		1036	29.20					111	3.13		32	0.90		137	3.86		3548
	THIRD			3	9.38		3	9.38		5	15.63		13	40.63					3	9.38			Excluded		5	15.63		32
		TOTAL		220	6.20		1971	55.55		52	1.47		1049	29.57					114	3.21					142	4.00		3548
	FOURTH			11	21.15		5	9.62			Excluded		4	7.69					4	7.69					28	53.85		52
		TOTAL		231	6.51		1976	55.69					1053	29.68					118	3.33					170	4.79		3548
	FIFTH			10	8.47		25	21.19					46	38.98						Excluded					37	31.36		118
		TOTAL		241	6.79		2001	56.40					1099	30.98											207	5.83		3548
	SIXTH			70	33.82		77	37.20					60	28.99												Excluded		207
		TOTAL		311	8.77		2078	58.57					1159	32.67														3548
	SEVENTH				Excluded		219	70.42					92	29.58														311
		TOTAL					2297	64.74					1251	35.26														3548
							Elected																					
																												
Special Hospital Team 1                                        																												
	FIRST			4	3.48		60	52.17		1	0.87		48	41.74		1	0.87		1	0.87		0	0.00		0	0.00		115
	SECOND			0	0.00		0	0.00		0	0.00		0	0.00			Excluded		0	0.00		0	0.00		1	100.00		1
		TOTAL		4	3.48		60	52.17		1	0.87		48	41.74					1	0.87		0	0.00		1	0.87		115
	THIRD			0	0.00		0	0.00		0	0.00		0	0.00					0	0.00			Excluded		0	0.00		0
		TOTAL		4	3.48		60	52.17		1	0.87		48	41.74					1	0.87					1	0.87		115
	FOURTH			0	0.00		0	0.00			Excluded		0	0.00					0	0.00					1	100.00		1
		TOTAL		4	3.48		60	52.17					48	41.74					1	0.87					2	1.74		115
	FIFTH			1	100.00		0	0.00					0	0.00						Excluded					0	0.00		1
		TOTAL		5	4.35		60	52.17					48	41.74											2	1.74		115
	SIXTH			1	50.00		1	50.00					0	0.00												Excluded		2
		TOTAL		6	5.22		61	53.04					48	41.74														115
	SEVENTH				Excluded		5	83.33					1	16.67														6
		TOTAL					66	57.39					49	42.61														115
							Elected																					
																												
Special Hospital Team 2                                        																												
	FIRST			9	9.18		45	45.92		1	1.02		40	40.82		0	0.00		0	0.00		3	3.06		0	0.00		98
	SECOND			0	0.00		0	0.00		0	0.00		0	0.00			Excluded		0	0.00		0	0.00		0	0.00		0
		TOTAL		9	9.18		45	45.92		1	1.02		40	40.82					0	0.00		3	3.06		0	0.00		98
	THIRD			1	33.33		0	0.00		1	33.33		0	0.00					0	0.00			Excluded		1	33.33		3
		TOTAL		10	10.20		45	45.92		2	2.04		40	40.82					0	0.00					1	1.02		98
	FOURTH			0	0.00		1	50.00			Excluded		1	50.00					0	0.00					0	0.00		2
		TOTAL		10	10.20		46	46.94					41	41.84					0	0.00					1	1.02		98
	FIFTH			0	0.00		0	0.00					0	0.00						Excluded					0	0.00		0
		TOTAL		10	10.20		46	46.94					41	41.84											1	1.02		98
	SIXTH			0	0.00		0	0.00					1	100.00												Excluded		1
		TOTAL		10	10.20		46	46.94					42	42.86														98
	SEVENTH				Excluded		8	80.00					2	20.00														10
		TOTAL					54	55.10					44	44.90														98
							Elected																					
																												
ABSENT																												
	FIRST			356	10.57		1314	39.03		35	1.04		1227	36.44		17	0.50		71	2.11		45	1.34		302	8.97		3367
	SECOND			2	11.76		3	17.65		3	17.65		1	5.88			Excluded		5	29.41		2	11.76		1	5.88		17
		TOTAL		358	10.63		1317	39.11		38	1.13		1228	36.47					76	2.26		47	1.40		303	9.00		3367
	THIRD			7	14.89		1	2.13		25	53.19		3	6.38					5	10.64			Excluded		6	12.77		47
		TOTAL		365	10.84		1318	39.14		63	1.87		1231	36.56					81	2.41					309	9.18		3367
	FOURTH			9	14.29		33	52.38			Excluded		4	6.35					10	15.87					7	11.11		63
		TOTAL		374	11.11		1351	40.12					1235	36.68					91	2.70					316	9.39		3367
	FIFTH			14	15.38		19	20.88					41	45.05						Excluded					17	18.68		91
		TOTAL		388	11.52		1370	40.69					1276	37.90											333	9.89		3367
	SIXTH			177	53.15		86	25.83					70	21.02												Excluded		333
		TOTAL		565	16.78		1456	43.24					1346	39.98														3367
	SEVENTH				Excluded		387	68.50					178	31.50														565
		TOTAL					1843	54.74					1524	45.26														3367
							Elected																					
																												
POSTAL																												
	FIRST			154	4.24		1598	43.97		17	0.47		1644	45.24		10	0.28		91	2.50		18	0.50		102	2.81		3634
	SECOND			1	10.00		3	30.00		0	0.00		0	0.00			Excluded		1	10.00		3	30.00		2	20.00		10
		TOTAL		155	4.27		1601	44.06		17	0.47		1644	45.24					92	2.53		21	0.58		104	2.86		3634
	THIRD			1	4.76		3	14.29		4	19.05		6	28.57					1	4.76			Excluded		6	28.57		21
		TOTAL		156	4.29		1604	44.14		21	0.58		1650	45.40					93	2.56					110	3.03		3634
	FOURTH			3	14.29		5	23.81			Excluded		3	14.29					2	9.52					8	38.10		21
		TOTAL		159	4.38		1609	44.28					1653	45.49					95	2.61					118	3.25		3634
	FIFTH			12	12.63		22	23.16					36	37.89						Excluded					25	26.32		95
		TOTAL		171	4.71		1631	44.88					1689	46.48											143	3.94		3634
	SIXTH			72	50.35		44	30.77					27	18.88												Excluded		143
		TOTAL		243	6.69		1675	46.09					1716	47.22														3634
	SEVENTH				Excluded		166	68.31					77	31.69														243
		TOTAL					1841	50.66					1793	49.34														3634
							Elected																					
																												
PRE POLL																												
	FIRST			250	6.60		1825	48.18		23	0.61		1435	37.88		10	0.26		81	2.14		19	0.50		145	3.83		3788
	SECOND			3	30.00		1	10.00		0	0.00		3	30.00			Excluded		2	20.00		1	10.00		0	0.00		10
		TOTAL		253	6.68		1826	48.20		23	0.61		1438	37.96					83	2.19		20	0.53		145	3.83		3788
	THIRD			3	15.00		4	20.00		9	45.00		1	5.00					2	10.00			Excluded		1	5.00		20
		TOTAL		256	6.76		1830	48.31		32	0.84		1439	37.99					85	2.24					146	3.85		3788
	FOURTH			6	18.75		11	34.38			Excluded		4	12.50					2	6.25					9	28.13		32
		TOTAL		262	6.92		1841	48.60					1443	38.09					87	2.30					155	4.09		3788
	FIFTH			24	27.59		18	20.69					24	27.59						Excluded					21	24.14		87
		TOTAL		286	7.55		1859	49.08					1467	38.73											176	4.65		3788
	SIXTH			88	50.00		54	30.68					34	19.32												Excluded		176
		TOTAL		374	9.87		1913	50.50					1501	39.63														3788
	SEVENTH				Excluded		272	72.73					102	27.27														374
		TOTAL					2185	57.68					1603	42.32														3788
							Elected																					
																												
PROVISIONAL																												
	FIRST			66	10.33		342	53.52		10	1.56		171	26.76		1	0.16		11	1.72		7	1.10		31	4.85		639
	SECOND			0	0.00		0	0.00		1	100.00		0	0.00			Excluded		0	0.00		0	0.00		0	0.00		1
		TOTAL		66	10.33		342	53.52		11	1.72		171	26.76					11	1.72		7	1.10		31	4.85		639
	THIRD			0	0.00		3	42.86		2	28.57		1	14.29					0	0.00			Excluded		1	14.29		7
		TOTAL		66	10.33		345	53.99		13	2.03		172	26.92					11	1.72					32	5.01		639
	FOURTH			1	7.69		4	30.77			Excluded		2	15.38					0	0.00					6	46.15		13
		TOTAL		67	10.49		349	54.62					174	27.23					11	1.72					38	5.95		639
	FIFTH			2	18.18		2	18.18					1	9.09						Excluded					6	54.55		11
		TOTAL		69	10.80		351	54.93					175	27.39											44	6.89		639
	SIXTH			20	45.45		16	36.36					8	18.18												Excluded		44
		TOTAL		89	13.93		367	57.43					183	28.64														639
	SEVENTH				Excluded		68	76.40					21	23.60														89
		TOTAL					435	68.08					204	31.92														639
							Elected																					
																												
																												
																												
																												
																												
																												
																												
																												
																												
																												
																												
																												
																												
																												
																												
																												
																												
																												
																												
																												
																												
																												
																												
																												
																												
																												
																												
																												
																												
																												
																												
																												
																												
																												
																												
																												
																												
																												
																												
																												
																												
																												
																												
																												
																												
																												
																												
																												
																												
																												
																												
																												
																												
																												
																												
																												
																												
																												
																												
																												
																												
																												
																												
																												
																												
																												
																												
																												
																												
																												
																												
																												
																												
																												
																												
																												
																												
																												
																												
																												
																												
																												
																												
																												
																												
																												
																												
																												
																												
																												
																												
																												
																												
																												
																												
																												
																												
																												
																												
																												
																												
																												
																												
																												
																												
																												
																												
																												
																												
																												
																												
																												
																												
																												
																												
																												
																												
																												
																												
																												
																												
																												
																												
																												
																												
																												
																												
																												
																												
																												
																												
																												
																												
																												
																												
																												
																												
																												
																												
																												
																												
																												
																												
																												
																												
																												
																												
																												
																												
																												
																												
																												
																												
																												
																												
																												
																												
																												
																												
																												
