House of Representatives - 2001 Election: Victoria																										
Distribution of Preferences																										
By Polling Place																										
McMillan																										
				HOWELL			ROBERTS			FORBES			WALL			FARRAR			ZAHRA			HOLTMAN				
				Betty			David			Jim			David			Jenny			Christian			John F				
							NP			LP			DEM			GRN			ALP			HAN				
	Count			Votes	%		Votes	%		Votes	%		Votes	%		Votes	%		Votes	%		Votes	%		Total	
Bona Vista                                                     																										
	FIRST			1	0.51		14	7.14		115	58.67		6	3.06		10	5.10		43	21.94		7	3.57		196	
	SECOND				Excluded		1	100.00		0	0.00		0	0.00		0	0.00		0	0.00		0	0.00		1	
		TOTAL					15	7.65		115	58.67		6	3.06		10	5.10		43	21.94		7	3.57		196	
	THIRD							Excluded		13	86.67		1	6.67		0	0.00		0	0.00		1	6.67		15	
		TOTAL								128	65.31		7	3.57		10	5.10		43	21.94		8	4.08		196	
	FOURTH									4	50.00		3	37.50		0	0.00		1	12.50			Excluded		8	
		TOTAL								132	67.35		10	5.10		10	5.10		44	22.45					196	
	FIFTH									2	20.00			Excluded		5	50.00		3	30.00					10	
		TOTAL								134	68.37					15	7.65		47	23.98					196	
	SIXTH									6	40.00						Excluded		9	60.00					15	
		TOTAL								140	71.43								56	28.57					196	
																			Elected							
																										
Boolarra                                                       																										
	FIRST			4	0.60		37	5.55		233	34.93		23	3.45		56	8.40		289	43.33		25	3.75		667	
	SECOND				Excluded		1	25.00		0	0.00		0	0.00		0	0.00		1	25.00		2	50.00		4	
		TOTAL					38	5.70		233	34.93		23	3.45		56	8.40		290	43.48		27	4.05		667	
	THIRD							Excluded		36	94.74		2	5.26		0	0.00		0	0.00		0	0.00		38	
		TOTAL								269	40.33		25	3.75		56	8.40		290	43.48		27	4.05		667	
	FOURTH									9	33.33		1	3.70		7	25.93		10	37.04			Excluded		27	
		TOTAL								278	41.68		26	3.90		63	9.45		300	44.98					667	
	FIFTH									4	15.38			Excluded		12	46.15		10	38.46					26	
		TOTAL								282	42.28					75	11.24		310	46.48					667	
	SIXTH									12	16.00						Excluded		63	84.00					75	
		TOTAL								294	44.08								373	55.92					667	
																			Elected							
																										
Buln Buln                                                      																										
	FIRST			2	0.53		23	6.10		197	52.25		16	4.24		22	5.84		101	26.79		16	4.24		377	
	SECOND				Excluded		1	50.00		0	0.00		0	0.00		0	0.00		0	0.00		1	50.00		2	
		TOTAL					24	6.37		197	52.25		16	4.24		22	5.84		101	26.79		17	4.51		377	
	THIRD							Excluded		23	95.83		0	0.00		0	0.00		1	4.17		0	0.00		24	
		TOTAL								220	58.36		16	4.24		22	5.84		102	27.06		17	4.51		377	
	FOURTH									7	41.18		5	29.41		3	17.65		2	11.76			Excluded		17	
		TOTAL								227	60.21		21	5.57		25	6.63		104	27.59					377	
	FIFTH									6	28.57			Excluded		5	23.81		10	47.62					21	
		TOTAL								233	61.80					30	7.96		114	30.24					377	
	SIXTH									6	20.00						Excluded		24	80.00					30	
		TOTAL								239	63.40								138	36.60					377	
																			Elected							
																										
Bunyip                                                         																										
	FIRST			12	0.93		22	1.71		659	51.20		51	3.96		46	3.57		451	35.04		46	3.57		1287	
	SECOND				Excluded		4	33.33		2	16.67		2	16.67		2	16.67		1	8.33		1	8.33		12	
		TOTAL					26	2.02		661	51.36		53	4.12		48	3.73		452	35.12		47	3.65		1287	
	THIRD							Excluded		22	84.62		0	0.00		1	3.85		1	3.85		2	7.69		26	
		TOTAL								683	53.07		53	4.12		49	3.81		453	35.20		49	3.81		1287	
	FOURTH									15	30.61		5	10.20		11	22.45		18	36.73			Excluded		49	
		TOTAL								698	54.23		58	4.51		60	4.66		471	36.60					1287	
	FIFTH									16	27.59			Excluded		19	32.76		23	39.66					58	
		TOTAL								714	55.48					79	6.14		494	38.38					1287	
	SIXTH									32	40.51						Excluded		47	59.49					79	
		TOTAL								746	57.96								541	42.04					1287	
																			Elected							
																										
Churchill                                                      																										
	FIRST			89	2.97		48	1.60		736	24.54		121	4.03		165	5.50		1691	56.39		149	4.97		2999	
	SECOND				Excluded		23	25.84		28	31.46		8	8.99		11	12.36		14	15.73		5	5.62		89	
		TOTAL					71	2.37		764	25.48		129	4.30		176	5.87		1705	56.85		154	5.14		2999	
	THIRD							Excluded		54	76.06		6	8.45		4	5.63		4	5.63		3	4.23		71	
		TOTAL								818	27.28		135	4.50		180	6.00		1709	56.99		157	5.24		2999	
	FOURTH									14	8.92		16	10.19		55	35.03		72	45.86			Excluded		157	
		TOTAL								832	27.74		151	5.04		235	7.84		1781	59.39					2999	
	FIFTH									22	14.57			Excluded		98	64.90		31	20.53					151	
		TOTAL								854	28.48					333	11.10		1812	60.42					2999	
	SIXTH									95	28.53						Excluded		238	71.47					333	
		TOTAL								949	31.64								2050	68.36					2999	
																			Elected							
																										
Cloverlea                                                      																										
	FIRST			0	0.00		10	7.19		78	56.12		5	3.60		4	2.88		33	23.74		9	6.47		139	
	SECOND				Excluded		0	0.00		0	0.00		0	0.00		0	0.00		0	0.00		0	0.00		0	
		TOTAL					10	7.19		78	56.12		5	3.60		4	2.88		33	23.74		9	6.47		139	
	THIRD							Excluded		9	90.00		0	0.00		1	10.00		0	0.00		0	0.00		10	
		TOTAL								87	62.59		5	3.60		5	3.60		33	23.74		9	6.47		139	
	FOURTH									7	77.78		1	11.11		1	11.11		0	0.00			Excluded		9	
		TOTAL								94	67.63		6	4.32		6	4.32		33	23.74					139	
	FIFTH									1	16.67			Excluded		3	50.00		2	33.33					6	
		TOTAL								95	68.35					9	6.47		35	25.18					139	
	SIXTH									4	44.44						Excluded		5	55.56					9	
		TOTAL								99	71.22								40	28.78					139	
																			Elected							
																										
Cora Lynn                                                      																										
	FIRST			0	0.00		5	3.60		99	71.22		4	2.88		1	0.72		22	15.83		8	5.76		139	
	SECOND				Excluded		0	0.00		0	0.00		0	0.00		0	0.00		0	0.00		0	0.00		0	
		TOTAL					5	3.60		99	71.22		4	2.88		1	0.72		22	15.83		8	5.76		139	
	THIRD							Excluded		4	80.00		0	0.00		0	0.00		1	20.00		0	0.00		5	
		TOTAL								103	74.10		4	2.88		1	0.72		23	16.55		8	5.76		139	
	FOURTH									4	50.00		1	12.50		1	12.50		2	25.00			Excluded		8	
		TOTAL								107	76.98		5	3.60		2	1.44		25	17.99					139	
	FIFTH									1	20.00			Excluded		2	40.00		2	40.00					5	
		TOTAL								108	77.70					4	2.88		27	19.42					139	
	SIXTH									1	25.00						Excluded		3	75.00					4	
		TOTAL								109	78.42								30	21.58					139	
																			Elected							
																										
Darnum                                                         																										
	FIRST			5	1.43		18	5.14		200	57.14		15	4.29		10	2.86		85	24.29		17	4.86		350	
	SECOND				Excluded		2	40.00		1	20.00		0	0.00		0	0.00		1	20.00		1	20.00		5	
		TOTAL					20	5.71		201	57.43		15	4.29		10	2.86		86	24.57		18	5.14		350	
	THIRD							Excluded		16	80.00		2	10.00		0	0.00		1	5.00		1	5.00		20	
		TOTAL								217	62.00		17	4.86		10	2.86		87	24.86		19	5.43		350	
	FOURTH									9	47.37		1	5.26		4	21.05		5	26.32			Excluded		19	
		TOTAL								226	64.57		18	5.14		14	4.00		92	26.29					350	
	FIFTH									8	44.44			Excluded		7	38.89		3	16.67					18	
		TOTAL								234	66.86					21	6.00		95	27.14					350	
	SIXTH									8	38.10						Excluded		13	61.90					21	
		TOTAL								242	69.14								108	30.86					350	
																			Elected							
																										
Drouin                                                         																										
	FIRST			52	1.40		89	2.39		1944	52.30		165	4.44		127	3.42		1181	31.77		159	4.28		3717	
	SECOND				Excluded		27	51.92		16	30.77		2	3.85		2	3.85		1	1.92		4	7.69		52	
		TOTAL					116	3.12		1960	52.73		167	4.49		129	3.47		1182	31.80		163	4.39		3717	
	THIRD							Excluded		90	77.59		9	7.76		3	2.59		7	6.03		7	6.03		116	
		TOTAL								2050	55.15		176	4.74		132	3.55		1189	31.99		170	4.57		3717	
	FOURTH									48	28.24		20	11.76		74	43.53		28	16.47			Excluded		170	
		TOTAL								2098	56.44		196	5.27		206	5.54		1217	32.74					3717	
	FIFTH									42	21.43			Excluded		104	53.06		50	25.51					196	
		TOTAL								2140	57.57					310	8.34		1267	34.09					3717	
	SIXTH									119	38.39						Excluded		191	61.61					310	
		TOTAL								2259	60.77								1458	39.23					3717	
																			Elected							
																										
Drouin South                                                   																										
	FIRST			3	0.57		32	6.07		318	60.34		26	4.93		10	1.90		109	20.68		29	5.50		527	
	SECOND				Excluded		0	0.00		0	0.00		0	0.00		0	0.00		0	0.00		3	100.00		3	
		TOTAL					32	6.07		318	60.34		26	4.93		10	1.90		109	20.68		32	6.07		527	
	THIRD							Excluded		27	84.38		1	3.13		0	0.00		1	3.13		3	9.38		32	
		TOTAL								345	65.46		27	5.12		10	1.90		110	20.87		35	6.64		527	
	FOURTH									20	57.14		2	5.71		9	25.71		4	11.43			Excluded		35	
		TOTAL								365	69.26		29	5.50		19	3.61		114	21.63					527	
	FIFTH									12	41.38			Excluded		11	37.93		6	20.69					29	
		TOTAL								377	71.54					30	5.69		120	22.77					527	
	SIXTH									18	60.00						Excluded		12	40.00					30	
		TOTAL								395	74.95								132	25.05					527	
																			Elected							
																										
Drouin West                                                    																										
	FIRST			5	1.72		15	5.17		151	52.07		13	4.48		9	3.10		81	27.93		16	5.52		290	
	SECOND				Excluded		0	0.00		3	60.00		0	0.00		0	0.00		0	0.00		2	40.00		5	
		TOTAL					15	5.17		154	53.10		13	4.48		9	3.10		81	27.93		18	6.21		290	
	THIRD							Excluded		13	86.67		0	0.00		2	13.33		0	0.00		0	0.00		15	
		TOTAL								167	57.59		13	4.48		11	3.79		81	27.93		18	6.21		290	
	FOURTH									2	11.11		4	22.22		11	61.11		1	5.56			Excluded		18	
		TOTAL								169	58.28		17	5.86		22	7.59		82	28.28					290	
	FIFTH									3	17.65			Excluded		10	58.82		4	23.53					17	
		TOTAL								172	59.31					32	11.03		86	29.66					290	
	SIXTH									18	56.25						Excluded		14	43.75					32	
		TOTAL								190	65.52								100	34.48					290	
																			Elected							
																										
Ellinbank                                                      																										
	FIRST			1	0.35		16	5.54		169	58.48		8	2.77		10	3.46		74	25.61		11	3.81		289	
	SECOND				Excluded		0	0.00		0	0.00		0	0.00		0	0.00		1	100.00		0	0.00		1	
		TOTAL					16	5.54		169	58.48		8	2.77		10	3.46		75	25.95		11	3.81		289	
	THIRD							Excluded		16	100.00		0	0.00		0	0.00		0	0.00		0	0.00		16	
		TOTAL								185	64.01		8	2.77		10	3.46		75	25.95		11	3.81		289	
	FOURTH									6	54.55		2	18.18		0	0.00		3	27.27			Excluded		11	
		TOTAL								191	66.09		10	3.46		10	3.46		78	26.99					289	
	FIFTH									2	20.00			Excluded		8	80.00		0	0.00					10	
		TOTAL								193	66.78					18	6.23		78	26.99					289	
	SIXTH									13	72.22						Excluded		5	27.78					18	
		TOTAL								206	71.28								83	28.72					289	
																			Elected							
																										
Erica                                                          																										
	FIRST			5	2.46		10	4.93		59	29.06		3	1.48		14	6.90		93	45.81		19	9.36		203	
	SECOND				Excluded		2	40.00		0	0.00		1	20.00		1	20.00		0	0.00		1	20.00		5	
		TOTAL					12	5.91		59	29.06		4	1.97		15	7.39		93	45.81		20	9.85		203	
	THIRD							Excluded		11	91.67		0	0.00		1	8.33		0	0.00		0	0.00		12	
		TOTAL								70	34.48		4	1.97		16	7.88		93	45.81		20	9.85		203	
	FOURTH									7	35.00		3	15.00		3	15.00		7	35.00			Excluded		20	
		TOTAL								77	37.93		7	3.45		19	9.36		100	49.26					203	
	FIFTH									1	14.29			Excluded		6	85.71		0	0.00					7	
		TOTAL								78	38.42					25	12.32		100	49.26					203	
	SIXTH									10	40.00						Excluded		15	60.00					25	
		TOTAL								88	43.35								115	56.65					203	
																			Elected							
																										
Garfield                                                       																										
	FIRST			6	0.92		5	0.77		368	56.44		17	2.61		21	3.22		213	32.67		22	3.37		652	
	SECOND				Excluded		4	66.67		1	16.67		0	0.00		0	0.00		1	16.67		0	0.00		6	
		TOTAL					9	1.38		369	56.60		17	2.61		21	3.22		214	32.82		22	3.37		652	
	THIRD							Excluded		7	77.78		0	0.00		1	11.11		1	11.11		0	0.00		9	
		TOTAL								376	57.67		17	2.61		22	3.37		215	32.98		22	3.37		652	
	FOURTH									11	50.00		3	13.64		3	13.64		5	22.73			Excluded		22	
		TOTAL								387	59.36		20	3.07		25	3.83		220	33.74					652	
	FIFTH									5	25.00			Excluded		9	45.00		6	30.00					20	
		TOTAL								392	60.12					34	5.21		226	34.66					652	
	SIXTH									12	35.29						Excluded		22	64.71					34	
		TOTAL								404	61.96								248	38.04					652	
																			Elected							
																										
Hallora                                                        																										
	FIRST			0	0.00		8	10.26		55	70.51		2	2.56		1	1.28		10	12.82		2	2.56		78	
	SECOND				Excluded		0	0.00		0	0.00		0	0.00		0	0.00		0	0.00		0	0.00		0	
		TOTAL					8	10.26		55	70.51		2	2.56		1	1.28		10	12.82		2	2.56		78	
	THIRD							Excluded		7	87.50		0	0.00		0	0.00		1	12.50		0	0.00		8	
		TOTAL								62	79.49		2	2.56		1	1.28		11	14.10		2	2.56		78	
	FOURTH									2	100.00		0	0.00		0	0.00		0	0.00			Excluded		2	
		TOTAL								64	82.05		2	2.56		1	1.28		11	14.10					78	
	FIFTH									1	50.00			Excluded		0	0.00		1	50.00					2	
		TOTAL								65	83.33					1	1.28		12	15.38					78	
	SIXTH									0	0.00						Excluded		1	100.00					1	
		TOTAL								65	83.33								13	16.67					78	
																			Elected							
																										
Hazelwood North                                                																										
	FIRST			6	0.90		42	6.29		273	40.87		26	3.89		20	2.99		277	41.47		24	3.59		668	
	SECOND				Excluded		2	33.33		1	16.67		0	0.00		2	33.33		1	16.67		0	0.00		6	
		TOTAL					44	6.59		274	41.02		26	3.89		22	3.29		278	41.62		24	3.59		668	
	THIRD							Excluded		41	93.18		0	0.00		0	0.00		1	2.27		2	4.55		44	
		TOTAL								315	47.16		26	3.89		22	3.29		279	41.77		26	3.89		668	
	FOURTH									9	34.62		4	15.38		5	19.23		8	30.77			Excluded		26	
		TOTAL								324	48.50		30	4.49		27	4.04		287	42.96					668	
	FIFTH									5	16.67			Excluded		13	43.33		12	40.00					30	
		TOTAL								329	49.25					40	5.99		299	44.76					668	
	SIXTH									17	42.50						Excluded		23	57.50					40	
		TOTAL								346	51.80								322	48.20					668	
																			Elected							
																										
Hill End                                                       																										
	FIRST			0	0.00		5	4.24		59	50.00		7	5.93		3	2.54		41	34.75		3	2.54		118	
	SECOND				Excluded		0	0.00		0	0.00		0	0.00		0	0.00		0	0.00		0	0.00		0	
		TOTAL					5	4.24		59	50.00		7	5.93		3	2.54		41	34.75		3	2.54		118	
	THIRD							Excluded		5	100.00		0	0.00		0	0.00		0	0.00		0	0.00		5	
		TOTAL								64	54.24		7	5.93		3	2.54		41	34.75		3	2.54		118	
	FOURTH									2	66.67		0	0.00		0	0.00		1	33.33			Excluded		3	
		TOTAL								66	55.93		7	5.93		3	2.54		42	35.59					118	
	FIFTH									2	28.57			Excluded		3	42.86		2	28.57					7	
		TOTAL								68	57.63					6	5.08		44	37.29					118	
	SIXTH									1	16.67						Excluded		5	83.33					6	
		TOTAL								69	58.47								49	41.53					118	
																			Elected							
																										
Iona                                                           																										
	FIRST			0	0.00		5	4.95		57	56.44		4	3.96		2	1.98		33	32.67		0	0.00		101	
	SECOND				Excluded		0	0.00		0	0.00		0	0.00		0	0.00		0	0.00		0	0.00		0	
		TOTAL					5	4.95		57	56.44		4	3.96		2	1.98		33	32.67		0	0.00		101	
	THIRD							Excluded		5	100.00		0	0.00		0	0.00		0	0.00		0	0.00		5	
		TOTAL								62	61.39		4	3.96		2	1.98		33	32.67		0	0.00		101	
	FOURTH									0	0.00		0	0.00		0	0.00		0	0.00			Excluded		0	
		TOTAL								62	61.39		4	3.96		2	1.98		33	32.67					101	
	FIFTH									1	25.00			Excluded		3	75.00		0	0.00					4	
		TOTAL								63	62.38					5	4.95		33	32.67					101	
	SIXTH									0	0.00						Excluded		5	100.00					5	
		TOTAL								63	62.38								38	37.62					101	
																			Elected							
																										
Jindivick                                                      																										
	FIRST			6	2.17		12	4.33		137	49.46		6	2.17		23	8.30		83	29.96		10	3.61		277	
	SECOND				Excluded		5	83.33		1	16.67		0	0.00		0	0.00		0	0.00		0	0.00		6	
		TOTAL					17	6.14		138	49.82		6	2.17		23	8.30		83	29.96		10	3.61		277	
	THIRD							Excluded		16	94.12		0	0.00		0	0.00		0	0.00		1	5.88		17	
		TOTAL								154	55.60		6	2.17		23	8.30		83	29.96		11	3.97		277	
	FOURTH									5	45.45		0	0.00		4	36.36		2	18.18			Excluded		11	
		TOTAL								159	57.40		6	2.17		27	9.75		85	30.69					277	
	FIFTH									3	50.00			Excluded		1	16.67		2	33.33					6	
		TOTAL								162	58.48					28	10.11		87	31.41					277	
	SIXTH									5	17.86						Excluded		23	82.14					28	
		TOTAL								167	60.29								110	39.71					277	
																			Elected							
																										
Labertouche                                                    																										
	FIRST			3	1.35		10	4.48		126	56.50		6	2.69		6	2.69		65	29.15		7	3.14		223	
	SECOND				Excluded		1	33.33		0	0.00		1	33.33		0	0.00		1	33.33		0	0.00		3	
		TOTAL					11	4.93		126	56.50		7	3.14		6	2.69		66	29.60		7	3.14		223	
	THIRD							Excluded		9	81.82		1	9.09		0	0.00		1	9.09		0	0.00		11	
		TOTAL								135	60.54		8	3.59		6	2.69		67	30.04		7	3.14		223	
	FOURTH									1	14.29		1	14.29		2	28.57		3	42.86			Excluded		7	
		TOTAL								136	60.99		9	4.04		8	3.59		70	31.39					223	
	FIFTH									2	22.22			Excluded		4	44.44		3	33.33					9	
		TOTAL								138	61.88					12	5.38		73	32.74					223	
	SIXTH									4	33.33						Excluded		8	66.67					12	
		TOTAL								142	63.68								81	36.32					223	
																			Elected							
																										
Lillico                                                        																										
	FIRST			4	1.56		6	2.34		170	66.41		9	3.52		4	1.56		54	21.09		9	3.52		256	
	SECOND				Excluded		1	25.00		0	0.00		0	0.00		0	0.00		3	75.00		0	0.00		4	
		TOTAL					7	2.73		170	66.41		9	3.52		4	1.56		57	22.27		9	3.52		256	
	THIRD							Excluded		7	100.00		0	0.00		0	0.00		0	0.00		0	0.00		7	
		TOTAL								177	69.14		9	3.52		4	1.56		57	22.27		9	3.52		256	
	FOURTH									5	55.56		0	0.00		1	11.11		3	33.33			Excluded		9	
		TOTAL								182	71.09		9	3.52		5	1.95		60	23.44					256	
	FIFTH									1	11.11			Excluded		2	22.22		6	66.67					9	
		TOTAL								183	71.48					7	2.73		66	25.78					256	
	SIXTH									4	57.14						Excluded		3	42.86					7	
		TOTAL								187	73.05								69	26.95					256	
																			Elected							
																										
Longwarry                                                      																										
	FIRST			11	1.53		40	5.56		328	45.62		23	3.20		23	3.20		265	36.86		29	4.03		719	
	SECOND				Excluded		4	36.36		3	27.27		1	9.09		2	18.18		1	9.09		0	0.00		11	
		TOTAL					44	6.12		331	46.04		24	3.34		25	3.48		266	37.00		29	4.03		719	
	THIRD							Excluded		37	84.09		3	6.82		1	2.27		3	6.82		0	0.00		44	
		TOTAL								368	51.18		27	3.76		26	3.62		269	37.41		29	4.03		719	
	FOURTH									11	37.93		1	3.45		10	34.48		7	24.14			Excluded		29	
		TOTAL								379	52.71		28	3.89		36	5.01		276	38.39					719	
	FIFTH									9	32.14			Excluded		8	28.57		11	39.29					28	
		TOTAL								388	53.96					44	6.12		287	39.92					719	
	SIXTH									20	45.45						Excluded		24	54.55					44	
		TOTAL								408	56.75								311	43.25					719	
																			Elected							
																										
Maryknoll                                                      																										
	FIRST			2	0.64		7	2.24		167	53.35		12	3.83		14	4.47		102	32.59		9	2.88		313	
	SECOND				Excluded		1	50.00		0	0.00		0	0.00		0	0.00		1	50.00		0	0.00		2	
		TOTAL					8	2.56		167	53.35		12	3.83		14	4.47		103	32.91		9	2.88		313	
	THIRD							Excluded		8	100.00		0	0.00		0	0.00		0	0.00		0	0.00		8	
		TOTAL								175	55.91		12	3.83		14	4.47		103	32.91		9	2.88		313	
	FOURTH									6	66.67		2	22.22		0	0.00		1	11.11			Excluded		9	
		TOTAL								181	57.83		14	4.47		14	4.47		104	33.23					313	
	FIFTH									7	50.00			Excluded		3	21.43		4	28.57					14	
		TOTAL								188	60.06					17	5.43		108	34.50					313	
	SIXTH									5	29.41						Excluded		12	70.59					17	
		TOTAL								193	61.66								120	38.34					313	
																			Elected							
																										
Melbourne (McMillan)                                           																										
	FIRST			1	2.63		0	0.00		12	31.58		4	10.53		6	15.79		15	39.47		0	0.00		38	
	SECOND				Excluded		0	0.00		0	0.00		1	100.00		0	0.00		0	0.00		0	0.00		1	
		TOTAL					0	0.00		12	31.58		5	13.16		6	15.79		15	39.47		0	0.00		38	
	THIRD							Excluded		0	0.00		0	0.00		0	0.00		0	0.00		0	0.00		0	
		TOTAL								12	31.58		5	13.16		6	15.79		15	39.47		0	0.00		38	
	FOURTH									0	0.00		0	0.00		0	0.00		0	0.00			Excluded		0	
		TOTAL								12	31.58		5	13.16		6	15.79		15	39.47					38	
	FIFTH									0	0.00			Excluded		2	40.00		3	60.00					5	
		TOTAL								12	31.58					8	21.05		18	47.37					38	
	SIXTH									2	25.00						Excluded		6	75.00					8	
		TOTAL								14	36.84								24	63.16					38	
																			Elected							
																										
Moe                                                            																										
	FIRST			83	2.46		34	1.01		837	24.79		115	3.41		108	3.20		2085	61.76		114	3.38		3376	
	SECOND				Excluded		20	24.10		41	49.40		4	4.82		2	2.41		11	13.25		5	6.02		83	
		TOTAL					54	1.60		878	26.01		119	3.52		110	3.26		2096	62.09		119	3.52		3376	
	THIRD							Excluded		42	77.78		4	7.41		2	3.70		4	7.41		2	3.70		54	
		TOTAL								920	27.25		123	3.64		112	3.32		2100	62.20		121	3.58		3376	
	FOURTH									30	24.79		9	7.44		47	38.84		35	28.93			Excluded		121	
		TOTAL								950	28.14		132	3.91		159	4.71		2135	63.24					3376	
	FIFTH									25	18.94			Excluded		83	62.88		24	18.18					132	
		TOTAL								975	28.88					242	7.17		2159	63.95					3376	
	SIXTH									71	29.34						Excluded		171	70.66					242	
		TOTAL								1046	30.98								2330	69.02					3376	
																			Elected							
																										
Moe Central                                                    																										
	FIRST			29	1.83		24	1.51		286	18.01		63	3.97		33	2.08		1098	69.14		55	3.46		1588	
	SECOND				Excluded		11	37.93		6	20.69		4	13.79		4	13.79		4	13.79		0	0.00		29	
		TOTAL					35	2.20		292	18.39		67	4.22		37	2.33		1102	69.40		55	3.46		1588	
	THIRD							Excluded		29	82.86		1	2.86		3	8.57		2	5.71		0	0.00		35	
		TOTAL								321	20.21		68	4.28		40	2.52		1104	69.52		55	3.46		1588	
	FOURTH									9	16.36		4	7.27		28	50.91		14	25.45			Excluded		55	
		TOTAL								330	20.78		72	4.53		68	4.28		1118	70.40					1588	
	FIFTH									9	12.50			Excluded		40	55.56		23	31.94					72	
		TOTAL								339	21.35					108	6.80		1141	71.85					1588	
	SIXTH									40	37.04						Excluded		68	62.96					108	
		TOTAL								379	23.87								1209	76.13					1588	
																			Elected							
																										
Moe West                                                       																										
	FIRST			11	1.06		16	1.54		258	24.83		51	4.91		34	3.27		619	59.58		50	4.81		1039	
	SECOND				Excluded		5	45.45		3	27.27		1	9.09		0	0.00		2	18.18		0	0.00		11	
		TOTAL					21	2.02		261	25.12		52	5.00		34	3.27		621	59.77		50	4.81		1039	
	THIRD							Excluded		17	80.95		1	4.76		1	4.76		1	4.76		1	4.76		21	
		TOTAL								278	26.76		53	5.10		35	3.37		622	59.87		51	4.91		1039	
	FOURTH									13	25.49		4	7.84		21	41.18		13	25.49			Excluded		51	
		TOTAL								291	28.01		57	5.49		56	5.39		635	61.12					1039	
	FIFTH									15	26.32			Excluded		31	54.39		11	19.30					57	
		TOTAL								306	29.45					87	8.37		646	62.18					1039	
	SIXTH									30	34.48						Excluded		57	65.52					87	
		TOTAL								336	32.34								703	67.66					1039	
																			Elected							
																										
Morwell                                                        																										
	FIRST			54	3.60		32	2.13		469	31.23		71	4.73		41	2.73		773	51.46		62	4.13		1502	
	SECOND				Excluded		16	29.63		23	42.59		0	0.00		3	5.56		8	14.81		4	7.41		54	
		TOTAL					48	3.20		492	32.76		71	4.73		44	2.93		781	52.00		66	4.39		1502	
	THIRD							Excluded		40	83.33		1	2.08		2	4.17		3	6.25		2	4.17		48	
		TOTAL								532	35.42		72	4.79		46	3.06		784	52.20		68	4.53		1502	
	FOURTH									28	41.18		12	17.65		6	8.82		22	32.35			Excluded		68	
		TOTAL								560	37.28		84	5.59		52	3.46		806	53.66					1502	
	FIFTH									18	21.43			Excluded		46	54.76		20	23.81					84	
		TOTAL								578	38.48					98	6.52		826	54.99					1502	
	SIXTH									16	16.33						Excluded		82	83.67					98	
		TOTAL								594	39.55								908	60.45					1502	
																			Elected							
																										
Morwell Central                                                																										
	FIRST			85	2.90		49	1.67		738	25.22		148	5.06		95	3.25		1713	58.54		98	3.35		2926	
	SECOND				Excluded		27	31.76		33	38.82		3	3.53		4	4.71		11	12.94		7	8.24		85	
		TOTAL					76	2.60		771	26.35		151	5.16		99	3.38		1724	58.92		105	3.59		2926	
	THIRD							Excluded		56	73.68		10	13.16		1	1.32		4	5.26		5	6.58		76	
		TOTAL								827	28.26		161	5.50		100	3.42		1728	59.06		110	3.76		2926	
	FOURTH									34	30.91		12	10.91		19	17.27		45	40.91			Excluded		110	
		TOTAL								861	29.43		173	5.91		119	4.07		1773	60.59					2926	
	FIFTH									20	11.56			Excluded		106	61.27		47	27.17					173	
		TOTAL								881	30.11					225	7.69		1820	62.20					2926	
	SIXTH									50	22.22						Excluded		175	77.78					225	
		TOTAL								931	31.82								1995	68.18					2926	
																			Elected							
																										
Morwell Estate                                                 																										
	FIRST			57	2.28		54	2.16		661	26.47		95	3.80		74	2.96		1509	60.43		47	1.88		2497	
	SECOND				Excluded		17	29.82		21	36.84		5	8.77		3	5.26		9	15.79		2	3.51		57	
		TOTAL					71	2.84		682	27.31		100	4.00		77	3.08		1518	60.79		49	1.96		2497	
	THIRD							Excluded		53	74.65		10	14.08		5	7.04		1	1.41		2	2.82		71	
		TOTAL								735	29.44		110	4.41		82	3.28		1519	60.83		51	2.04		2497	
	FOURTH									13	25.49		11	21.57		9	17.65		18	35.29			Excluded		51	
		TOTAL								748	29.96		121	4.85		91	3.64		1537	61.55					2497	
	FIFTH									20	16.53			Excluded		67	55.37		34	28.10					121	
		TOTAL								768	30.76					158	6.33		1571	62.92					2497	
	SIXTH									29	18.35						Excluded		129	81.65					158	
		TOTAL								797	31.92								1700	68.08					2497	
																			Elected							
																										
Morwell North                                                  																										
	FIRST			9	2.05		9	2.05		100	22.73		14	3.18		21	4.77		268	60.91		19	4.32		440	
	SECOND				Excluded		2	22.22		2	22.22		0	0.00		0	0.00		3	33.33		2	22.22		9	
		TOTAL					11	2.50		102	23.18		14	3.18		21	4.77		271	61.59		21	4.77		440	
	THIRD							Excluded		10	90.91		1	9.09		0	0.00		0	0.00		0	0.00		11	
		TOTAL								112	25.45		15	3.41		21	4.77		271	61.59		21	4.77		440	
	FOURTH									8	38.10		0	0.00		6	28.57		7	33.33			Excluded		21	
		TOTAL								120	27.27		15	3.41		27	6.14		278	63.18					440	
	FIFTH									0	0.00			Excluded		12	80.00		3	20.00					15	
		TOTAL								120	27.27					39	8.86		281	63.86					440	
	SIXTH									4	10.26						Excluded		35	89.74					39	
		TOTAL								124	28.18								316	71.82					440	
																			Elected							
																										
Nar Nar Goon                                                   																										
	FIRST			5	0.86		17	2.93		310	53.36		22	3.79		12	2.07		197	33.91		18	3.10		581	
	SECOND				Excluded		1	20.00		1	20.00		0	0.00		0	0.00		2	40.00		1	20.00		5	
		TOTAL					18	3.10		311	53.53		22	3.79		12	2.07		199	34.25		19	3.27		581	
	THIRD							Excluded		18	100.00		0	0.00		0	0.00		0	0.00		0	0.00		18	
		TOTAL								329	56.63		22	3.79		12	2.07		199	34.25		19	3.27		581	
	FOURTH									10	52.63		3	15.79		2	10.53		4	21.05			Excluded		19	
		TOTAL								339	58.35		25	4.30		14	2.41		203	34.94					581	
	FIFTH									5	20.00			Excluded		5	20.00		15	60.00					25	
		TOTAL								344	59.21					19	3.27		218	37.52					581	
	SIXTH									3	15.79						Excluded		16	84.21					19	
		TOTAL								347	59.72								234	40.28					581	
																			Elected							
																										
Nar Nar Goon North                                             																										
	FIRST			1	0.38		1	0.38		156	59.32		5	1.90		11	4.18		80	30.42		9	3.42		263	
	SECOND				Excluded		0	0.00		1	100.00		0	0.00		0	0.00		0	0.00		0	0.00		1	
		TOTAL					1	0.38		157	59.70		5	1.90		11	4.18		80	30.42		9	3.42		263	
	THIRD							Excluded		1	100.00		0	0.00		0	0.00		0	0.00		0	0.00		1	
		TOTAL								158	60.08		5	1.90		11	4.18		80	30.42		9	3.42		263	
	FOURTH									4	44.44		2	22.22		1	11.11		2	22.22			Excluded		9	
		TOTAL								162	61.60		7	2.66		12	4.56		82	31.18					263	
	FIFTH									0	0.00			Excluded		6	85.71		1	14.29					7	
		TOTAL								162	61.60					18	6.84		83	31.56					263	
	SIXTH									6	33.33						Excluded		12	66.67					18	
		TOTAL								168	63.88								95	36.12					263	
																			Elected							
																										
Narracan                                                       																										
	FIRST			4	2.09		23	12.04		69	36.13		6	3.14		11	5.76		62	32.46		16	8.38		191	
	SECOND				Excluded		1	25.00		0	0.00		0	0.00		1	25.00		0	0.00		2	50.00		4	
		TOTAL					24	12.57		69	36.13		6	3.14		12	6.28		62	32.46		18	9.42		191	
	THIRD							Excluded		23	95.83		0	0.00		0	0.00		0	0.00		1	4.17		24	
		TOTAL								92	48.17		6	3.14		12	6.28		62	32.46		19	9.95		191	
	FOURTH									11	57.89		2	10.53		2	10.53		4	21.05			Excluded		19	
		TOTAL								103	53.93		8	4.19		14	7.33		66	34.55					191	
	FIFTH									2	25.00			Excluded		3	37.50		3	37.50					8	
		TOTAL								105	54.97					17	8.90		69	36.13					191	
	SIXTH									3	17.65						Excluded		14	82.35					17	
		TOTAL								108	56.54								83	43.46					191	
																			Elected							
																										
Neerim Junction                                                																										
	FIRST			5	2.29		5	2.29		118	54.13		7	3.21		13	5.96		63	28.90		7	3.21		218	
	SECOND				Excluded		1	20.00		0	0.00		0	0.00		1	20.00		2	40.00		1	20.00		5	
		TOTAL					6	2.75		118	54.13		7	3.21		14	6.42		65	29.82		8	3.67		218	
	THIRD							Excluded		4	66.67		0	0.00		0	0.00		2	33.33		0	0.00		6	
		TOTAL								122	55.96		7	3.21		14	6.42		67	30.73		8	3.67		218	
	FOURTH									3	37.50		1	12.50		2	25.00		2	25.00			Excluded		8	
		TOTAL								125	57.34		8	3.67		16	7.34		69	31.65					218	
	FIFTH									3	37.50			Excluded		4	50.00		1	12.50					8	
		TOTAL								128	58.72					20	9.17		70	32.11					218	
	SIXTH									5	25.00						Excluded		15	75.00					20	
		TOTAL								133	61.01								85	38.99					218	
																			Elected							
																										
Neerim South                                                   																										
	FIRST			8	1.06		24	3.17		405	53.57		26	3.44		31	4.10		236	31.22		26	3.44		756	
	SECOND				Excluded		5	62.50		1	12.50		0	0.00		1	12.50		0	0.00		1	12.50		8	
		TOTAL					29	3.84		406	53.70		26	3.44		32	4.23		236	31.22		27	3.57		756	
	THIRD							Excluded		21	72.41		4	13.79		0	0.00		2	6.90		2	6.90		29	
		TOTAL								427	56.48		30	3.97		32	4.23		238	31.48		29	3.84		756	
	FOURTH									12	41.38		9	31.03		3	10.34		5	17.24			Excluded		29	
		TOTAL								439	58.07		39	5.16		35	4.63		243	32.14					756	
	FIFTH									9	23.08			Excluded		15	38.46		15	38.46					39	
		TOTAL								448	59.26					50	6.61		258	34.13					756	
	SIXTH									24	48.00						Excluded		26	52.00					50	
		TOTAL								472	62.43								284	37.57					756	
																			Elected							
																										
Newborough                                                     																										
	FIRST			32	1.40		24	1.05		596	26.08		105	4.60		64	2.80		1405	61.49		59	2.58		2285	
	SECOND				Excluded		8	25.00		4	12.50		5	15.63		4	12.50		3	9.38		8	25.00		32	
		TOTAL					32	1.40		600	26.26		110	4.81		68	2.98		1408	61.62		67	2.93		2285	
	THIRD							Excluded		22	68.75		5	15.63		2	6.25		2	6.25		1	3.13		32	
		TOTAL								622	27.22		115	5.03		70	3.06		1410	61.71		68	2.98		2285	
	FOURTH									21	30.88		12	17.65		14	20.59		21	30.88			Excluded		68	
		TOTAL								643	28.14		127	5.56		84	3.68		1431	62.63					2285	
	FIFTH									19	14.96			Excluded		76	59.84		32	25.20					127	
		TOTAL								662	28.97					160	7.00		1463	64.03					2285	
	SIXTH									37	23.13						Excluded		123	76.88					160	
		TOTAL								699	30.59								1586	69.41					2285	
																			Elected							
																										
Newborough East                                                																										
	FIRST			20	1.49		9	0.67		270	20.18		46	3.44		29	2.17		927	69.28		37	2.77		1338	
	SECOND				Excluded		6	30.00		3	15.00		2	10.00		0	0.00		6	30.00		3	15.00		20	
		TOTAL					15	1.12		273	20.40		48	3.59		29	2.17		933	69.73		40	2.99		1338	
	THIRD							Excluded		11	73.33		0	0.00		2	13.33		0	0.00		2	13.33		15	
		TOTAL								284	21.23		48	3.59		31	2.32		933	69.73		42	3.14		1338	
	FOURTH									12	28.57		6	14.29		9	21.43		15	35.71			Excluded		42	
		TOTAL								296	22.12		54	4.04		40	2.99		948	70.85					1338	
	FIFTH									5	9.26			Excluded		36	66.67		13	24.07					54	
		TOTAL								301	22.50					76	5.68		961	71.82					1338	
	SIXTH									12	15.79						Excluded		64	84.21					76	
		TOTAL								313	23.39								1025	76.61					1338	
																			Elected							
																										
Nilma                                                          																										
	FIRST			0	0.00		13	5.70		122	53.51		8	3.51		10	4.39		64	28.07		11	4.82		228	
	SECOND				Excluded		0	0.00		0	0.00		0	0.00		0	0.00		0	0.00		0	0.00		0	
		TOTAL					13	5.70		122	53.51		8	3.51		10	4.39		64	28.07		11	4.82		228	
	THIRD							Excluded		11	84.62		0	0.00		0	0.00		1	7.69		1	7.69		13	
		TOTAL								133	58.33		8	3.51		10	4.39		65	28.51		12	5.26		228	
	FOURTH									6	50.00		0	0.00		3	25.00		3	25.00			Excluded		12	
		TOTAL								139	60.96		8	3.51		13	5.70		68	29.82					228	
	FIFTH									0	0.00			Excluded		4	50.00		4	50.00					8	
		TOTAL								139	60.96					17	7.46		72	31.58					228	
	SIXTH									4	23.53						Excluded		13	76.47					17	
		TOTAL								143	62.72								85	37.28					228	
																			Elected							
																										
Noojee                                                         																										
	FIRST			2	1.41		3	2.11		55	38.73		5	3.52		13	9.15		52	36.62		12	8.45		142	
	SECOND				Excluded		0	0.00		0	0.00		0	0.00		1	50.00		0	0.00		1	50.00		2	
		TOTAL					3	2.11		55	38.73		5	3.52		14	9.86		52	36.62		13	9.15		142	
	THIRD							Excluded		2	66.67		0	0.00		0	0.00		0	0.00		1	33.33		3	
		TOTAL								57	40.14		5	3.52		14	9.86		52	36.62		14	9.86		142	
	FOURTH									5	35.71		3	21.43		2	14.29		4	28.57			Excluded		14	
		TOTAL								62	43.66		8	5.63		16	11.27		56	39.44					142	
	FIFTH									2	25.00			Excluded		4	50.00		2	25.00					8	
		TOTAL								64	45.07					20	14.08		58	40.85					142	
	SIXTH									1	5.00						Excluded		19	95.00					20	
		TOTAL								65	45.77								77	54.23					142	
																			Elected							
																										
Pakenham                                                       																										
	FIRST			34	1.28		32	1.21		1215	45.85		111	4.19		134	5.06		1024	38.64		100	3.77		2650	
	SECOND				Excluded		14	41.18		6	17.65		6	17.65		3	8.82		2	5.88		3	8.82		34	
		TOTAL					46	1.74		1221	46.08		117	4.42		137	5.17		1026	38.72		103	3.89		2650	
	THIRD							Excluded		36	78.26		4	8.70		2	4.35		4	8.70		0	0.00		46	
		TOTAL								1257	47.43		121	4.57		139	5.25		1030	38.87		103	3.89		2650	
	FOURTH									27	26.21		9	8.74		53	51.46		14	13.59			Excluded		103	
		TOTAL								1284	48.45		130	4.91		192	7.25		1044	39.40					2650	
	FIFTH									35	26.92			Excluded		47	36.15		48	36.92					130	
		TOTAL								1319	49.77					239	9.02		1092	41.21					2650	
	SIXTH									93	38.91						Excluded		146	61.09					239	
		TOTAL								1412	53.28								1238	46.72					2650	
																			Elected							
																										
Pakenham Central                                               																										
	FIRST			30	1.36		39	1.76		1146	51.81		58	2.62		82	3.71		795	35.94		62	2.80		2212	
	SECOND				Excluded		9	30.00		7	23.33		3	10.00		2	6.67		6	20.00		3	10.00		30	
		TOTAL					48	2.17		1153	52.12		61	2.76		84	3.80		801	36.21		65	2.94		2212	
	THIRD							Excluded		35	72.92		5	10.42		1	2.08		6	12.50		1	2.08		48	
		TOTAL								1188	53.71		66	2.98		85	3.84		807	36.48		66	2.98		2212	
	FOURTH									21	31.82		9	13.64		22	33.33		14	21.21			Excluded		66	
		TOTAL								1209	54.66		75	3.39		107	4.84		821	37.12					2212	
	FIFTH									22	29.33			Excluded		30	40.00		23	30.67					75	
		TOTAL								1231	55.65					137	6.19		844	38.16					2212	
	SIXTH									44	32.12						Excluded		93	67.88					137	
		TOTAL								1275	57.64								937	42.36					2212	
																			Elected							
																										
Pakenham North                                                 																										
	FIRST			13	1.24		19	1.82		517	49.47		39	3.73		21	2.01		405	38.76		31	2.97		1045	
	SECOND				Excluded		3	23.08		2	15.38		0	0.00		1	7.69		4	30.77		3	23.08		13	
		TOTAL					22	2.11		519	49.67		39	3.73		22	2.11		409	39.14		34	3.25		1045	
	THIRD							Excluded		16	72.73		4	18.18		0	0.00		1	4.55		1	4.55		22	
		TOTAL								535	51.20		43	4.11		22	2.11		410	39.23		35	3.35		1045	
	FOURTH									11	31.43		2	5.71		17	48.57		5	14.29			Excluded		35	
		TOTAL								546	52.25		45	4.31		39	3.73		415	39.71					1045	
	FIFTH									11	24.44			Excluded		17	37.78		17	37.78					45	
		TOTAL								557	53.30					56	5.36		432	41.34					1045	
	SIXTH									31	55.36						Excluded		25	44.64					56	
		TOTAL								588	56.27								457	43.73					1045	
																			Elected							
																										
Pakenham South                                                 																										
	FIRST			1	0.76		4	3.03		66	50.00		6	4.55		9	6.82		39	29.55		7	5.30		132	
	SECOND				Excluded		0	0.00		0	0.00		0	0.00		0	0.00		0	0.00		1	100.00		1	
		TOTAL					4	3.03		66	50.00		6	4.55		9	6.82		39	29.55		8	6.06		132	
	THIRD							Excluded		4	100.00		0	0.00		0	0.00		0	0.00		0	0.00		4	
		TOTAL								70	53.03		6	4.55		9	6.82		39	29.55		8	6.06		132	
	FOURTH									4	50.00		0	0.00		4	50.00		0	0.00			Excluded		8	
		TOTAL								74	56.06		6	4.55		13	9.85		39	29.55					132	
	FIFTH									2	33.33			Excluded		4	66.67		0	0.00					6	
		TOTAL								76	57.58					17	12.88		39	29.55					132	
	SIXTH									9	52.94						Excluded		8	47.06					17	
		TOTAL								85	64.39								47	35.61					132	
																			Elected							
																										
Pakenham Upper (McMillan)                                      																										
	FIRST			3	0.87		8	2.31		194	56.07		13	3.76		23	6.65		100	28.90		5	1.45		346	
	SECOND				Excluded		1	33.33		1	33.33		0	0.00		1	33.33		0	0.00		0	0.00		3	
		TOTAL					9	2.60		195	56.36		13	3.76		24	6.94		100	28.90		5	1.45		346	
	THIRD							Excluded		8	88.89		0	0.00		1	11.11		0	0.00		0	0.00		9	
		TOTAL								203	58.67		13	3.76		25	7.23		100	28.90		5	1.45		346	
	FOURTH									1	20.00		0	0.00		1	20.00		3	60.00			Excluded		5	
		TOTAL								204	58.96		13	3.76		26	7.51		103	29.77					346	
	FIFTH									3	23.08			Excluded		5	38.46		5	38.46					13	
		TOTAL								207	59.83					31	8.96		108	31.21					346	
	SIXTH									6	19.35						Excluded		25	80.65					31	
		TOTAL								213	61.56								133	38.44					346	
																			Elected							
																										
Rawson                                                         																										
	FIRST			3	1.94		6	3.87		59	38.06		4	2.58		9	5.81		69	44.52		5	3.23		155	
	SECOND				Excluded		1	33.33		0	0.00		1	33.33		1	33.33		0	0.00		0	0.00		3	
		TOTAL					7	4.52		59	38.06		5	3.23		10	6.45		69	44.52		5	3.23		155	
	THIRD							Excluded		6	85.71		0	0.00		1	14.29		0	0.00		0	0.00		7	
		TOTAL								65	41.94		5	3.23		11	7.10		69	44.52		5	3.23		155	
	FOURTH									2	40.00		1	20.00		1	20.00		1	20.00			Excluded		5	
		TOTAL								67	43.23		6	3.87		12	7.74		70	45.16					155	
	FIFTH									2	33.33			Excluded		1	16.67		3	50.00					6	
		TOTAL								69	44.52					13	8.39		73	47.10					155	
	SIXTH									3	23.08						Excluded		10	76.92					13	
		TOTAL								72	46.45								83	53.55					155	
																			Elected							
																										
Ripplebrook                                                    																										
	FIRST			0	0.00		4	3.74		74	69.16		4	3.74		6	5.61		14	13.08		5	4.67		107	
	SECOND				Excluded		0	0.00		0	0.00		0	0.00		0	0.00		0	0.00		0	0.00		0	
		TOTAL					4	3.74		74	69.16		4	3.74		6	5.61		14	13.08		5	4.67		107	
	THIRD							Excluded		4	100.00		0	0.00		0	0.00		0	0.00		0	0.00		4	
		TOTAL								78	72.90		4	3.74		6	5.61		14	13.08		5	4.67		107	
	FOURTH									3	60.00		0	0.00		0	0.00		2	40.00			Excluded		5	
		TOTAL								81	75.70		4	3.74		6	5.61		16	14.95					107	
	FIFTH									1	25.00			Excluded		3	75.00		0	0.00					4	
		TOTAL								82	76.64					9	8.41		16	14.95					107	
	SIXTH									1	11.11						Excluded		8	88.89					9	
		TOTAL								83	77.57								24	22.43					107	
																			Elected							
																										
Rokeby                                                         																										
	FIRST			2	1.02		2	1.02		102	51.78		11	5.58		9	4.57		61	30.96		10	5.08		197	
	SECOND				Excluded		1	50.00		0	0.00		0	0.00		0	0.00		0	0.00		1	50.00		2	
		TOTAL					3	1.52		102	51.78		11	5.58		9	4.57		61	30.96		11	5.58		197	
	THIRD							Excluded		1	33.33		1	33.33		0	0.00		0	0.00		1	33.33		3	
		TOTAL								103	52.28		12	6.09		9	4.57		61	30.96		12	6.09		197	
	FOURTH									3	25.00		2	16.67		3	25.00		4	33.33			Excluded		12	
		TOTAL								106	53.81		14	7.11		12	6.09		65	32.99					197	
	FIFTH									4	28.57			Excluded		5	35.71		5	35.71					14	
		TOTAL								110	55.84					17	8.63		70	35.53					197	
	SIXTH									5	29.41						Excluded		12	70.59					17	
		TOTAL								115	58.38								82	41.62					197	
																			Elected							
																										
Tanjil South                                                   																										
	FIRST			2	0.70		16	5.61		138	48.42		4	1.40		5	1.75		106	37.19		14	4.91		285	
	SECOND				Excluded		1	50.00		1	50.00		0	0.00		0	0.00		0	0.00		0	0.00		2	
		TOTAL					17	5.96		139	48.77		4	1.40		5	1.75		106	37.19		14	4.91		285	
	THIRD							Excluded		16	94.12		1	5.88		0	0.00		0	0.00		0	0.00		17	
		TOTAL								155	54.39		5	1.75		5	1.75		106	37.19		14	4.91		285	
	FOURTH									8	57.14		2	14.29		1	7.14		3	21.43			Excluded		14	
		TOTAL								163	57.19		7	2.46		6	2.11		109	38.25					285	
	FIFTH									2	28.57			Excluded		1	14.29		4	57.14					7	
		TOTAL								165	57.89					7	2.46		113	39.65					285	
	SIXTH									5	71.43						Excluded		2	28.57					7	
		TOTAL								170	59.65								115	40.35					285	
																			Elected							
																										
Tetoora Road                                                   																										
	FIRST			3	2.22		6	4.44		67	49.63		3	2.22		10	7.41		38	28.15		8	5.93		135	
	SECOND				Excluded		2	66.67		1	33.33		0	0.00		0	0.00		0	0.00		0	0.00		3	
		TOTAL					8	5.93		68	50.37		3	2.22		10	7.41		38	28.15		8	5.93		135	
	THIRD							Excluded		6	75.00		1	12.50		1	12.50		0	0.00		0	0.00		8	
		TOTAL								74	54.81		4	2.96		11	8.15		38	28.15		8	5.93		135	
	FOURTH									2	25.00		0	0.00		6	75.00		0	0.00			Excluded		8	
		TOTAL								76	56.30		4	2.96		17	12.59		38	28.15					135	
	FIFTH									0	0.00			Excluded		3	75.00		1	25.00					4	
		TOTAL								76	56.30					20	14.81		39	28.89					135	
	SIXTH									3	15.00						Excluded		17	85.00					20	
		TOTAL								79	58.52								56	41.48					135	
																			Elected							
																										
Thorpdale                                                      																										
	FIRST			3	0.70		29	6.81		220	51.64		15	3.52		13	3.05		114	26.76		32	7.51		426	
	SECOND				Excluded		1	33.33		0	0.00		1	33.33		1	33.33		0	0.00		0	0.00		3	
		TOTAL					30	7.04		220	51.64		16	3.76		14	3.29		114	26.76		32	7.51		426	
	THIRD							Excluded		26	86.67		2	6.67		1	3.33		1	3.33		0	0.00		30	
		TOTAL								246	57.75		18	4.23		15	3.52		115	27.00		32	7.51		426	
	FOURTH									16	50.00		2	6.25		7	21.88		7	21.88			Excluded		32	
		TOTAL								262	61.50		20	4.69		22	5.16		122	28.64					426	
	FIFTH									3	15.00			Excluded		6	30.00		11	55.00					20	
		TOTAL								265	62.21					28	6.57		133	31.22					426	
	SIXTH									17	60.71						Excluded		11	39.29					28	
		TOTAL								282	66.20								144	33.80					426	
																			Elected							
																										
Toomuc Valley                                                  																										
	FIRST			0	0.00		1	0.94		67	63.21		4	3.77		3	2.83		28	26.42		3	2.83		106	
	SECOND				Excluded		0	0.00		0	0.00		0	0.00		0	0.00		0	0.00		0	0.00		0	
		TOTAL					1	0.94		67	63.21		4	3.77		3	2.83		28	26.42		3	2.83		106	
	THIRD							Excluded		1	100.00		0	0.00		0	0.00		0	0.00		0	0.00		1	
		TOTAL								68	64.15		4	3.77		3	2.83		28	26.42		3	2.83		106	
	FOURTH									2	66.67		0	0.00		1	33.33		0	0.00			Excluded		3	
		TOTAL								70	66.04		4	3.77		4	3.77		28	26.42					106	
	FIFTH									0	0.00			Excluded		3	75.00		1	25.00					4	
		TOTAL								70	66.04					7	6.60		29	27.36					106	
	SIXTH									3	42.86						Excluded		4	57.14					7	
		TOTAL								73	68.87								33	31.13					106	
																			Elected							
																										
Trafalgar                                                      																										
	FIRST			30	1.53		51	2.59		901	45.83		87	4.43		63	3.20		765	38.91		69	3.51		1966	
	SECOND				Excluded		9	30.00		5	16.67		3	10.00		6	20.00		7	23.33		0	0.00		30	
		TOTAL					60	3.05		906	46.08		90	4.58		69	3.51		772	39.27		69	3.51		1966	
	THIRD							Excluded		48	80.00		5	8.33		2	3.33		3	5.00		2	3.33		60	
		TOTAL								954	48.52		95	4.83		71	3.61		775	39.42		71	3.61		1966	
	FOURTH									21	29.58		7	9.86		31	43.66		12	16.90			Excluded		71	
		TOTAL								975	49.59		102	5.19		102	5.19		787	40.03					1966	
	FIFTH									21	20.59			Excluded		56	54.90		25	24.51					102	
		TOTAL								996	50.66					158	8.04		812	41.30					1966	
	SIXTH									48	30.38						Excluded		110	69.62					158	
		TOTAL								1044	53.10								922	46.90					1966	
																			Elected							
																										
Traralgon                                                      																										
	FIRST			53	1.38		151	3.92		1643	42.66		170	4.41		148	3.84		1581	41.05		105	2.73		3851	
	SECOND				Excluded		25	47.17		11	20.75		8	15.09		0	0.00		6	11.32		3	5.66		53	
		TOTAL					176	4.57		1654	42.95		178	4.62		148	3.84		1587	41.21		108	2.80		3851	
	THIRD							Excluded		139	78.98		16	9.09		5	2.84		12	6.82		4	2.27		176	
		TOTAL								1793	46.56		194	5.04		153	3.97		1599	41.52		112	2.91		3851	
	FOURTH									29	25.89		9	8.04		36	32.14		38	33.93			Excluded		112	
		TOTAL								1822	47.31		203	5.27		189	4.91		1637	42.51					3851	
	FIFTH									42	20.69			Excluded		101	49.75		60	29.56					203	
		TOTAL								1864	48.40					290	7.53		1697	44.07					3851	
	SIXTH									91	31.38						Excluded		199	68.62					290	
		TOTAL								1955	50.77								1896	49.23					3851	
																			Elected							
																										
Traralgon East                                                 																										
	FIRST			39	1.22		97	3.04		1106	34.71		132	4.14		96	3.01		1591	49.94		125	3.92		3186	
	SECOND				Excluded		19	48.72		6	15.38		2	5.13		5	12.82		1	2.56		6	15.38		39	
		TOTAL					116	3.64		1112	34.90		134	4.21		101	3.17		1592	49.97		131	4.11		3186	
	THIRD							Excluded		90	77.59		9	7.76		2	1.72		11	9.48		4	3.45		116	
		TOTAL								1202	37.73		143	4.49		103	3.23		1603	50.31		135	4.24		3186	
	FOURTH									38	28.15		10	7.41		53	39.26		34	25.19			Excluded		135	
		TOTAL								1240	38.92		153	4.80		156	4.90		1637	51.38					3186	
	FIFTH									18	11.76			Excluded		100	65.36		35	22.88					153	
		TOTAL								1258	39.49					256	8.04		1672	52.48					3186	
	SIXTH									83	32.42						Excluded		173	67.58					256	
		TOTAL								1341	42.09								1845	57.91					3186	
																			Elected							
																										
Traralgon North                                                																										
	FIRST			53	1.32		198	4.94		1484	37.05		139	3.47		128	3.20		1875	46.82		128	3.20		4005	
	SECOND				Excluded		21	39.62		4	7.55		5	9.43		8	15.09		5	9.43		10	18.87		53	
		TOTAL					219	5.47		1488	37.15		144	3.60		136	3.40		1880	46.94		138	3.45		4005	
	THIRD							Excluded		176	80.37		16	7.31		4	1.83		16	7.31		7	3.20		219	
		TOTAL								1664	41.55		160	4.00		140	3.50		1896	47.34		145	3.62		4005	
	FOURTH									50	34.48		17	11.72		42	28.97		36	24.83			Excluded		145	
		TOTAL								1714	42.80		177	4.42		182	4.54		1932	48.24					4005	
	FIFTH									26	14.69			Excluded		104	58.76		47	26.55					177	
		TOTAL								1740	43.45					286	7.14		1979	49.41					4005	
	SIXTH									94	32.87						Excluded		192	67.13					286	
		TOTAL								1834	45.79								2171	54.21					4005	
																			Elected							
																										
Traralgon South                                                																										
	FIRST			6	1.31		30	6.55		155	33.84		23	5.02		38	8.30		186	40.61		20	4.37		458	
	SECOND				Excluded		2	33.33		0	0.00		1	16.67		0	0.00		0	0.00		3	50.00		6	
		TOTAL					32	6.99		155	33.84		24	5.24		38	8.30		186	40.61		23	5.02		458	
	THIRD							Excluded		27	84.38		1	3.13		1	3.13		3	9.38		0	0.00		32	
		TOTAL								182	39.74		25	5.46		39	8.52		189	41.27		23	5.02		458	
	FOURTH									9	39.13		1	4.35		6	26.09		7	30.43			Excluded		23	
		TOTAL								191	41.70		26	5.68		45	9.83		196	42.79					458	
	FIFTH									8	30.77			Excluded		13	50.00		5	19.23					26	
		TOTAL								199	43.45					58	12.66		201	43.89					458	
	SIXTH									13	22.41						Excluded		45	77.59					58	
		TOTAL								212	46.29								246	53.71					458	
																			Elected							
																										
Traralgon West                                                 																										
	FIRST			12	1.16		55	5.33		429	41.61		56	5.43		38	3.69		400	38.80		41	3.98		1031	
	SECOND				Excluded		6	50.00		3	25.00		1	8.33		0	0.00		1	8.33		1	8.33		12	
		TOTAL					61	5.92		432	41.90		57	5.53		38	3.69		401	38.89		42	4.07		1031	
	THIRD							Excluded		46	75.41		4	6.56		1	1.64		4	6.56		6	9.84		61	
		TOTAL								478	46.36		61	5.92		39	3.78		405	39.28		48	4.66		1031	
	FOURTH									14	29.17		8	16.67		17	35.42		9	18.75			Excluded		48	
		TOTAL								492	47.72		69	6.69		56	5.43		414	40.16					1031	
	FIFTH									13	18.84			Excluded		44	63.77		12	17.39					69	
		TOTAL								505	48.98					100	9.70		426	41.32					1031	
	SIXTH									34	34.00						Excluded		66	66.00					100	
		TOTAL								539	52.28								492	47.72					1031	
																			Elected							
																										
Tyers                                                          																										
	FIRST			5	0.92		19	3.51		212	39.19		21	3.88		18	3.33		242	44.73		24	4.44		541	
	SECOND				Excluded		1	20.00		0	0.00		0	0.00		1	20.00		1	20.00		2	40.00		5	
		TOTAL					20	3.70		212	39.19		21	3.88		19	3.51		243	44.92		26	4.81		541	
	THIRD							Excluded		16	80.00		0	0.00		0	0.00		2	10.00		2	10.00		20	
		TOTAL								228	42.14		21	3.88		19	3.51		245	45.29		28	5.18		541	
	FOURTH									11	39.29		1	3.57		9	32.14		7	25.00			Excluded		28	
		TOTAL								239	44.18		22	4.07		28	5.18		252	46.58					541	
	FIFTH									3	13.64			Excluded		9	40.91		10	45.45					22	
		TOTAL								242	44.73					37	6.84		262	48.43					541	
	SIXTH									9	24.32						Excluded		28	75.68					37	
		TOTAL								251	46.40								290	53.60					541	
																			Elected							
																										
Tynong                                                         																										
	FIRST			4	1.20		9	2.71		162	48.80		8	2.41		17	5.12		119	35.84		13	3.92		332	
	SECOND				Excluded		1	25.00		3	75.00		0	0.00		0	0.00		0	0.00		0	0.00		4	
		TOTAL					10	3.01		165	49.70		8	2.41		17	5.12		119	35.84		13	3.92		332	
	THIRD							Excluded		8	80.00		1	10.00		0	0.00		0	0.00		1	10.00		10	
		TOTAL								173	52.11		9	2.71		17	5.12		119	35.84		14	4.22		332	
	FOURTH									6	42.86		4	28.57		0	0.00		4	28.57			Excluded		14	
		TOTAL								179	53.92		13	3.92		17	5.12		123	37.05					332	
	FIFTH									2	15.38			Excluded		7	53.85		4	30.77					13	
		TOTAL								181	54.52					24	7.23		127	38.25					332	
	SIXTH									9	37.50						Excluded		15	62.50					24	
		TOTAL								190	57.23								142	42.77					332	
																			Elected							
																										
Tynong North                                                   																										
	FIRST			0	0.00		2	1.63		78	63.41		3	2.44		8	6.50		29	23.58		3	2.44		123	
	SECOND				Excluded		0	0.00		0	0.00		0	0.00		0	0.00		0	0.00		0	0.00		0	
		TOTAL					2	1.63		78	63.41		3	2.44		8	6.50		29	23.58		3	2.44		123	
	THIRD							Excluded		2	100.00		0	0.00		0	0.00		0	0.00		0	0.00		2	
		TOTAL								80	65.04		3	2.44		8	6.50		29	23.58		3	2.44		123	
	FOURTH									1	33.33		0	0.00		2	66.67		0	0.00			Excluded		3	
		TOTAL								81	65.85		3	2.44		10	8.13		29	23.58					123	
	FIFTH									1	33.33			Excluded		0	0.00		2	66.67					3	
		TOTAL								82	66.67					10	8.13		31	25.20					123	
	SIXTH									5	50.00						Excluded		5	50.00					10	
		TOTAL								87	70.73								36	29.27					123	
																			Elected							
																										
Warragul                                                       																										
	FIRST			26	0.94		54	1.95		1386	49.95		119	4.29		139	5.01		972	35.03		79	2.85		2775	
	SECOND				Excluded		9	34.62		7	26.92		4	15.38		4	15.38		1	3.85		1	3.85		26	
		TOTAL					63	2.27		1393	50.20		123	4.43		143	5.15		973	35.06		80	2.88		2775	
	THIRD							Excluded		56	88.89		3	4.76		0	0.00		3	4.76		1	1.59		63	
		TOTAL								1449	52.22		126	4.54		143	5.15		976	35.17		81	2.92		2775	
	FOURTH									24	29.63		9	11.11		27	33.33		21	25.93			Excluded		81	
		TOTAL								1473	53.08		135	4.86		170	6.13		997	35.93					2775	
	FIFTH									36	26.67			Excluded		65	48.15		34	25.19					135	
		TOTAL								1509	54.38					235	8.47		1031	37.15					2775	
	SIXTH									62	26.38						Excluded		173	73.62					235	
		TOTAL								1571	56.61								1204	43.39					2775	
																			Elected							
																										
Warragul East                                                  																										
	FIRST			14	1.39		20	1.99		516	51.34		23	2.29		37	3.68		348	34.63		47	4.68		1005	
	SECOND				Excluded		5	35.71		2	14.29		3	21.43		2	14.29		1	7.14		1	7.14		14	
		TOTAL					25	2.49		518	51.54		26	2.59		39	3.88		349	34.73		48	4.78		1005	
	THIRD							Excluded		18	72.00		2	8.00		3	12.00		1	4.00		1	4.00		25	
		TOTAL								536	53.33		28	2.79		42	4.18		350	34.83		49	4.88		1005	
	FOURTH									7	14.29		4	8.16		24	48.98		14	28.57			Excluded		49	
		TOTAL								543	54.03		32	3.18		66	6.57		364	36.22					1005	
	FIFTH									11	34.38			Excluded		9	28.13		12	37.50					32	
		TOTAL								554	55.12					75	7.46		376	37.41					1005	
	SIXTH									36	48.00						Excluded		39	52.00					75	
		TOTAL								590	58.71								415	41.29					1005	
																			Elected							
																										
Warragul North                                                 																										
	FIRST			13	0.74		33	1.89		981	56.22		99	5.67		65	3.72		520	29.80		34	1.95		1745	
	SECOND				Excluded		4	30.77		0	0.00		4	30.77		2	15.38		1	7.69		2	15.38		13	
		TOTAL					37	2.12		981	56.22		103	5.90		67	3.84		521	29.86		36	2.06		1745	
	THIRD							Excluded		35	94.59		1	2.70		0	0.00		1	2.70		0	0.00		37	
		TOTAL								1016	58.22		104	5.96		67	3.84		522	29.91		36	2.06		1745	
	FOURTH									9	25.00		6	16.67		12	33.33		9	25.00			Excluded		36	
		TOTAL								1025	58.74		110	6.30		79	4.53		531	30.43					1745	
	FIFTH									27	24.55			Excluded		63	57.27		20	18.18					110	
		TOTAL								1052	60.29					142	8.14		551	31.58					1745	
	SIXTH									43	30.28						Excluded		99	69.72					142	
		TOTAL								1095	62.75								650	37.25					1745	
																			Elected							
																										
Willowgrove                                                    																										
	FIRST			2	0.54		15	4.05		168	45.41		20	5.41		6	1.62		135	36.49		24	6.49		370	
	SECOND				Excluded		1	50.00		0	0.00		1	50.00		0	0.00		0	0.00		0	0.00		2	
		TOTAL					16	4.32		168	45.41		21	5.68		6	1.62		135	36.49		24	6.49		370	
	THIRD							Excluded		13	81.25		0	0.00		0	0.00		2	12.50		1	6.25		16	
		TOTAL								181	48.92		21	5.68		6	1.62		137	37.03		25	6.76		370	
	FOURTH									10	40.00		0	0.00		13	52.00		2	8.00			Excluded		25	
		TOTAL								191	51.62		21	5.68		19	5.14		139	37.57					370	
	FIFTH									5	23.81			Excluded		7	33.33		9	42.86					21	
		TOTAL								196	52.97					26	7.03		148	40.00					370	
	SIXTH									16	61.54						Excluded		10	38.46					26	
		TOTAL								212	57.30								158	42.70					370	
																			Elected							
																										
Yallourn North                                                 																										
	FIRST			10	1.06		25	2.65		172	18.26		21	2.23		16	1.70		650	69.00		48	5.10		942	
	SECOND				Excluded		1	10.00		0	0.00		1	10.00		3	30.00		4	40.00		1	10.00		10	
		TOTAL					26	2.76		172	18.26		22	2.34		19	2.02		654	69.43		49	5.20		942	
	THIRD							Excluded		19	73.08		1	3.85		2	7.69		2	7.69		2	7.69		26	
		TOTAL								191	20.28		23	2.44		21	2.23		656	69.64		51	5.41		942	
	FOURTH									14	27.45		7	13.73		12	23.53		18	35.29			Excluded		51	
		TOTAL								205	21.76		30	3.18		33	3.50		674	71.55					942	
	FIFTH									11	36.67			Excluded		14	46.67		5	16.67					30	
		TOTAL								216	22.93					47	4.99		679	72.08					942	
	SIXTH									20	42.55						Excluded		27	57.45					47	
		TOTAL								236	25.05								706	74.95					942	
																			Elected							
																										
Yarragon                                                       																										
	FIRST			14	1.71		30	3.66		391	47.74		30	3.66		33	4.03		282	34.43		39	4.76		819	
	SECOND				Excluded		6	42.86		4	28.57		1	7.14		0	0.00		1	7.14		2	14.29		14	
		TOTAL					36	4.40		395	48.23		31	3.79		33	4.03		283	34.55		41	5.01		819	
	THIRD							Excluded		28	77.78		6	16.67		0	0.00		1	2.78		1	2.78		36	
		TOTAL								423	51.65		37	4.52		33	4.03		284	34.68		42	5.13		819	
	FOURTH									12	28.57		4	9.52		9	21.43		17	40.48			Excluded		42	
		TOTAL								435	53.11		41	5.01		42	5.13		301	36.75					819	
	FIFTH									9	21.95			Excluded		17	41.46		15	36.59					41	
		TOTAL								444	54.21					59	7.20		316	38.58					819	
	SIXTH									20	33.90						Excluded		39	66.10					59	
		TOTAL								464	56.65								355	43.35					819	
																			Elected							
																										
Yinnar                                                         																										
	FIRST			22	2.47		35	3.93		327	36.74		37	4.16		43	4.83		400	44.94		26	2.92		890	
	SECOND				Excluded		6	27.27		5	22.73		2	9.09		3	13.64		2	9.09		4	18.18		22	
		TOTAL					41	4.61		332	37.30		39	4.38		46	5.17		402	45.17		30	3.37		890	
	THIRD							Excluded		36	87.80		1	2.44		0	0.00		3	7.32		1	2.44		41	
		TOTAL								368	41.35		40	4.49		46	5.17		405	45.51		31	3.48		890	
	FOURTH									11	35.48		4	12.90		10	32.26		6	19.35			Excluded		31	
		TOTAL								379	42.58		44	4.94		56	6.29		411	46.18					890	
	FIFTH									8	18.18			Excluded		19	43.18		17	38.64					44	
		TOTAL								387	43.48					75	8.43		428	48.09					890	
	SIXTH									21	28.00						Excluded		54	72.00					75	
		TOTAL								408	45.84								482	54.16					890	
																			Elected							
																										
Special Hospital Team 1                                        																										
	FIRST			8	4.42		8	4.42		70	38.67		4	2.21		4	2.21		83	45.86		4	2.21		181	
	SECOND				Excluded		7	87.50		0	0.00		0	0.00		0	0.00		1	12.50		0	0.00		8	
		TOTAL					15	8.29		70	38.67		4	2.21		4	2.21		84	46.41		4	2.21		181	
	THIRD							Excluded		14	93.33		0	0.00		0	0.00		0	0.00		1	6.67		15	
		TOTAL								84	46.41		4	2.21		4	2.21		84	46.41		5	2.76		181	
	FOURTH									2	40.00		0	0.00		1	20.00		2	40.00			Excluded		5	
		TOTAL								86	47.51		4	2.21		5	2.76		86	47.51					181	
	FIFTH									1	25.00			Excluded		1	25.00		2	50.00					4	
		TOTAL								87	48.07					6	3.31		88	48.62					181	
	SIXTH									3	50.00						Excluded		3	50.00					6	
		TOTAL								90	49.72								91	50.28					181	
																			Elected							
																										
Special Hospital Team 2                                        																										
	FIRST			0	0.00		3	1.36		143	65.00		1	0.45		2	0.91		66	30.00		5	2.27		220	
	SECOND				Excluded		0	0.00		0	0.00		0	0.00		0	0.00		0	0.00		0	0.00		0	
		TOTAL					3	1.36		143	65.00		1	0.45		2	0.91		66	30.00		5	2.27		220	
	THIRD							Excluded		1	33.33		1	33.33		0	0.00		1	33.33		0	0.00		3	
		TOTAL								144	65.45		2	0.91		2	0.91		67	30.45		5	2.27		220	
	FOURTH									2	40.00		1	20.00		1	20.00		1	20.00			Excluded		5	
		TOTAL								146	66.36		3	1.36		3	1.36		68	30.91					220	
	FIFTH									0	0.00			Excluded		3	100.00		0	0.00					3	
		TOTAL								146	66.36					6	2.73		68	30.91					220	
	SIXTH									2	33.33						Excluded		4	66.67					6	
		TOTAL								148	67.27								72	32.73					220	
																			Elected							
																										
Special Hospital Team 3                                        																										
	FIRST			5	3.55		2	1.42		43	30.50		1	0.71		2	1.42		87	61.70		1	0.71		141	
	SECOND				Excluded		3	60.00		1	20.00		0	0.00		0	0.00		1	20.00		0	0.00		5	
		TOTAL					5	3.55		44	31.21		1	0.71		2	1.42		88	62.41		1	0.71		141	
	THIRD							Excluded		5	100.00		0	0.00		0	0.00		0	0.00		0	0.00		5	
		TOTAL								49	34.75		1	0.71		2	1.42		88	62.41		1	0.71		141	
	FOURTH									1	100.00		0	0.00		0	0.00		0	0.00			Excluded		1	
		TOTAL								50	35.46		1	0.71		2	1.42		88	62.41					141	
	FIFTH									0	0.00			Excluded		0	0.00		1	100.00					1	
		TOTAL								50	35.46					2	1.42		89	63.12					141	
	SIXTH									1	50.00						Excluded		1	50.00					2	
		TOTAL								51	36.17								90	63.83					141	
																			Elected							
																										
Special Hospital Team 4                                        																										
	FIRST			2	2.47		0	0.00		33	40.74		1	1.23		0	0.00		44	54.32		1	1.23		81	
	SECOND				Excluded		2	100.00		0	0.00		0	0.00		0	0.00		0	0.00		0	0.00		2	
		TOTAL					2	2.47		33	40.74		1	1.23		0	0.00		44	54.32		1	1.23		81	
	THIRD							Excluded		2	100.00		0	0.00		0	0.00		0	0.00		0	0.00		2	
		TOTAL								35	43.21		1	1.23		0	0.00		44	54.32		1	1.23		81	
	FOURTH									1	100.00		0	0.00		0	0.00		0	0.00			Excluded		1	
		TOTAL								36	44.44		1	1.23		0	0.00		44	54.32					81	
	FIFTH									0	0.00			Excluded		1	100.00		0	0.00					1	
		TOTAL								36	44.44					1	1.23		44	54.32					81	
	SIXTH									1	100.00						Excluded		0	0.00					1	
		TOTAL								37	45.68								44	54.32					81	
																			Elected							
																										
ABSENT																										
	FIRST			78	2.16		116	3.22		1287	35.71		310	8.60		264	7.33		1433	39.76		116	3.22		3604	
	SECOND				Excluded		42	53.85		12	15.38		11	14.10		6	7.69		5	6.41		2	2.56		78	
		TOTAL					158	4.38		1299	36.04		321	8.91		270	7.49		1438	39.90		118	3.27		3604	
	THIRD							Excluded		113	71.52		21	13.29		7	4.43		11	6.96		6	3.80		158	
		TOTAL								1412	39.18		342	9.49		277	7.69		1449	40.21		124	3.44		3604	
	FOURTH									44	35.48		14	11.29		24	19.35		42	33.87			Excluded		124	
		TOTAL								1456	40.40		356	9.88		301	8.35		1491	41.37					3604	
	FIFTH									108	30.34			Excluded		149	41.85		99	27.81					356	
		TOTAL								1564	43.40					450	12.49		1590	44.12					3604	
	SIXTH									150	33.33						Excluded		300	66.67					450	
		TOTAL								1714	47.56								1890	52.44					3604	
																			Elected							
																										
POSTAL																										
	FIRST			43	1.54		62	2.22		1190	42.67		93	3.33		50	1.79		1238	44.39		113	4.05		2789	
	SECOND				Excluded		15	34.88		6	13.95		5	11.63		3	6.98		7	16.28		7	16.28		43	
		TOTAL					77	2.76		1196	42.88		98	3.51		53	1.90		1245	44.64		120	4.30		2789	
	THIRD							Excluded		57	74.03		11	14.29		1	1.30		7	9.09		1	1.30		77	
		TOTAL								1253	44.93		109	3.91		54	1.94		1252	44.89		121	4.34		2789	
	FOURTH									43	35.54		16	13.22		26	21.49		36	29.75			Excluded		121	
		TOTAL								1296	46.47		125	4.48		80	2.87		1288	46.18					2789	
	FIFTH									39	31.20			Excluded		43	34.40		43	34.40					125	
		TOTAL								1335	47.87					123	4.41		1331	47.72					2789	
	SIXTH									51	41.46						Excluded		72	58.54					123	
		TOTAL								1386	49.70								1403	50.30					2789	
																			Elected							
																										
PRE POLL																										
	FIRST			93	1.57		166	2.81		2497	42.24		181	3.06		152	2.57		2588	43.78		235	3.97		5912	
	SECOND				Excluded		51	54.84		11	11.83		4	4.30		11	11.83		7	7.53		9	9.68		93	
		TOTAL					217	3.67		2508	42.42		185	3.13		163	2.76		2595	43.89		244	4.13		5912	
	THIRD							Excluded		175	80.65		12	5.53		5	2.30		11	5.07		14	6.45		217	
		TOTAL								2683	45.38		197	3.33		168	2.84		2606	44.08		258	4.36		5912	
	FOURTH									77	29.84		31	12.02		44	17.05		106	41.09			Excluded		258	
		TOTAL								2760	46.68		228	3.86		212	3.59		2712	45.87					5912	
	FIFTH									58	25.44			Excluded		91	39.91		79	34.65					228	
		TOTAL								2818	47.67					303	5.13		2791	47.21					5912	
	SIXTH									100	33.00						Excluded		203	67.00					303	
		TOTAL								2918	49.36								2994	50.64					5912	
																			Elected							
																										
PROVISIONAL																										
	FIRST			13	2.81		9	1.94		133	28.73		23	4.97		20	4.32		249	53.78		16	3.46		463	
	SECOND				Excluded		8	61.54		0	0.00		1	7.69		2	15.38		2	15.38		0	0.00		13	
		TOTAL					17	3.67		133	28.73		24	5.18		22	4.75		251	54.21		16	3.46		463	
	THIRD							Excluded		13	76.47		1	5.88		1	5.88		2	11.76		0	0.00		17	
		TOTAL								146	31.53		25	5.40		23	4.97		253	54.64		16	3.46		463	
	FOURTH									4	25.00		2	12.50		6	37.50		4	25.00			Excluded		16	
		TOTAL								150	32.40		27	5.83		29	6.26		257	55.51					463	
	FIFTH									8	29.63			Excluded		9	33.33		10	37.04					27	
		TOTAL								158	34.13					38	8.21		267	57.67					463	
	SIXTH									13	34.21						Excluded		25	65.79					38	
		TOTAL								171	36.93								292	63.07					463	
																			Elected							
																										
																										
																										
																										
																										
																										
																										
																										
																										
																										
																										
																										
																										
																										
																										
																										
																										
																										
																										
																										
																										
																										
																										
																										
																										
																										
																										
																										
																										
																										
																										
																										
																										
																										
																										
																										
																										
																										
																										
																										
																										
																										
																										
																										
																										
																										
																										
																										
																										
																										
																										
																										
																										
																										
																										
																										
																										
																										
																										
																										
																										
																										
																										
																										
																										
																										
																										
																										
																										
																										
																										
																										
																										
																										
																										
																										
																										
																										
																										
																										
																										
																										
																										
																										
																										
																										
																										
																										
																										
																										
																										
																										
																										
																										
																										
																										
																										
																										
																										
																										
																										
																										
																										
																										
																										
																										
																										
																										
																										
																										
																										
																										
																										
																										
																										
																										
																										
																										
																										
																										
																										
																										
																										
																										
																										
																										
																										
																										
																										
																										
																										
																										
																										
																										
																										
																										
																										
																										
																										
																										
																										
																										
																										
																										
																										
																										
																										
																										
																										
																										
																										
																										
																										
																										
																										
																										
																										
																										
																										
																										
																										
																										
																										
																										
																										
																										
																										
																										
																										
																										
																										
																										
																										
																										
																										
																										
																										
																										
																										
																										
																										
																										
																										
																										
																										
																										
																										
																										
																										
																										
																										
																										
																										
																										
																										
																										
																										
																										
																										
																										
																										
																										
																										
																										
																										
																										
																										
																										
																										
																										
																										
																										
																										
																										
																										
																										
																										
																										
																										
																										
																										
																										
																										
																										
																										
																										
																										
																										
																										
																										
																										
																										
																										
																										
																										
																										
																										
																										
																										
																										
																										
																										
																										
																										
																										
																										
																										
																										
																										
																										
																										
																										
																										
																										
																										
																										
																										
																										
																										
																										
																										
																										
																										
																										
																										
																										
																										
																										
																										
																										
																										
																										
																										
																										
																										
																										
																										
																										
																										
																										
																										
																										
																										
																										
																										
																										
																										
																										
																										
																										
																										
																										
																										
																										
																										
																										
																										
																										
																										
																										
