House of Representatives - 2001 Election: Victoria																													
Distribution of Preferences																													
By Polling Place																													
Isaacs																													
				OAKLEY			BROOK			CORCORAN			STANTON			GROVES			SHEPHERDSON			BUJEYA			FLETCHER				
				Shirly			Patricia			Ann			Heather			John			Michael			Darren			Haydn				
				IND			IND			ALP			CEC			HAN			LP			GRN			DEM				
	Count			Votes	%		Votes	%		Votes	%		Votes	%		Votes	%		Votes	%		Votes	%		Votes	%		Total	
Aspendale                                                      																													
	FIRST			31	1.17		9	0.34		1046	39.34		10	0.38		40	1.50		1227	46.15		122	4.59		174	6.54		2659	
	SECOND			2	20.00		0	0.00		2	20.00			Excluded		3	30.00		1	10.00		1	10.00		1	10.00		10	
		TOTAL		33	1.24		9	0.34		1048	39.41					43	1.62		1228	46.18		123	4.63		175	6.58		2659	
	THIRD			7	77.78			Excluded		1	11.11					0	0.00		1	11.11		0	0.00		0	0.00		9	
		TOTAL		40	1.50					1049	39.45					43	1.62		1229	46.22		123	4.63		175	6.58		2659	
	FOURTH			9	20.93					8	18.60						Excluded		15	34.88		9	20.93		2	4.65		43	
		TOTAL		49	1.84					1057	39.75								1244	46.78		132	4.96		177	6.66		2659	
	FIFTH				Excluded					27	55.10								7	14.29		7	14.29		8	16.33		49	
		TOTAL								1084	40.77								1251	47.05		139	5.23		185	6.96		2659	
	SIXTH									71	51.08								18	12.95			Excluded		50	35.97		139	
		TOTAL								1155	43.44								1269	47.72					235	8.84		2659	
	SEVENTH									159	67.66								76	32.34						Excluded		235	
		TOTAL								1314	49.42								1345	50.58								2659	
										Elected																			
																													
Aspendale Gardens                                              																													
	FIRST			25	0.96		12	0.46		1185	45.61		6	0.23		28	1.08		1064	40.95		67	2.58		211	8.12		2598	
	SECOND			0	0.00		3	50.00		1	16.67			Excluded		2	33.33		0	0.00		0	0.00		0	0.00		6	
		TOTAL		25	0.96		15	0.58		1186	45.65					30	1.15		1064	40.95		67	2.58		211	8.12		2598	
	THIRD			11	73.33			Excluded		2	13.33					1	6.67		1	6.67		0	0.00		0	0.00		15	
		TOTAL		36	1.39					1188	45.73					31	1.19		1065	40.99		67	2.58		211	8.12		2598	
	FOURTH			7	22.58					10	32.26						Excluded		8	25.81		4	12.90		2	6.45		31	
		TOTAL		43	1.66					1198	46.11								1073	41.30		71	2.73		213	8.20		2598	
	FIFTH				Excluded					25	58.14								4	9.30		11	25.58		3	6.98		43	
		TOTAL								1223	47.07								1077	41.45		82	3.16		216	8.31		2598	
	SIXTH									26	31.71								12	14.63			Excluded		44	53.66		82	
		TOTAL								1249	48.08								1089	41.92					260	10.01		2598	
	SEVENTH									162	62.31								98	37.69						Excluded		260	
		TOTAL								1411	54.31								1187	45.69								2598	
										Elected																			
																													
Aspendale North                                                																													
	FIRST			9	0.98		5	0.54		319	34.67		0	0.00		18	1.96		441	47.93		80	8.70		48	5.22		920	
	SECOND			0	0.00		0	0.00		0	0.00			Excluded		0	0.00		0	0.00		0	0.00		0	0.00		0	
		TOTAL		9	0.98		5	0.54		319	34.67					18	1.96		441	47.93		80	8.70		48	5.22		920	
	THIRD			3	60.00			Excluded		2	40.00					0	0.00		0	0.00		0	0.00		0	0.00		5	
		TOTAL		12	1.30					321	34.89					18	1.96		441	47.93		80	8.70		48	5.22		920	
	FOURTH			4	22.22					1	5.56						Excluded		8	44.44		3	16.67		2	11.11		18	
		TOTAL		16	1.74					322	35.00								449	48.80		83	9.02		50	5.43		920	
	FIFTH				Excluded					10	62.50								0	0.00		5	31.25		1	6.25		16	
		TOTAL								332	36.09								449	48.80		88	9.57		51	5.54		920	
	SIXTH									47	53.41								9	10.23			Excluded		32	36.36		88	
		TOTAL								379	41.20								458	49.78					83	9.02		920	
	SEVENTH									57	68.67								26	31.33						Excluded		83	
		TOTAL								436	47.39								484	52.61								920	
										Elected																			
																													
Beaumaris East (Isaacs)                                        																													
	FIRST			19	0.82		12	0.52		809	34.90		5	0.22		18	0.78		1140	49.18		122	5.26		193	8.33		2318	
	SECOND			1	20.00		1	20.00		1	20.00			Excluded		1	20.00		0	0.00		1	20.00		0	0.00		5	
		TOTAL		20	0.86		13	0.56		810	34.94					19	0.82		1140	49.18		123	5.31		193	8.33		2318	
	THIRD			8	61.54			Excluded		2	15.38					1	7.69		1	7.69		0	0.00		1	7.69		13	
		TOTAL		28	1.21					812	35.03					20	0.86		1141	49.22		123	5.31		194	8.37		2318	
	FOURTH			3	15.00					3	15.00						Excluded		9	45.00		5	25.00		0	0.00		20	
		TOTAL		31	1.34					815	35.16								1150	49.61		128	5.52		194	8.37		2318	
	FIFTH				Excluded					13	41.94								5	16.13		9	29.03		4	12.90		31	
		TOTAL								828	35.72								1155	49.83		137	5.91		198	8.54		2318	
	SIXTH									39	28.47								12	8.76			Excluded		86	62.77		137	
		TOTAL								867	37.40								1167	50.35					284	12.25		2318	
	SEVENTH									181	63.73								103	36.27						Excluded		284	
		TOTAL								1048	45.21								1270	54.79								2318	
										Elected																			
																													
Belvedere Park (Isaacs)                                        																													
	FIRST			51	2.14		12	0.50		1160	48.58		11	0.46		48	2.01		867	36.31		109	4.56		130	5.44		2388	
	SECOND			6	54.55		1	9.09		2	18.18			Excluded		1	9.09		1	9.09		0	0.00		0	0.00		11	
		TOTAL		57	2.39		13	0.54		1162	48.66					49	2.05		868	36.35		109	4.56		130	5.44		2388	
	THIRD			10	76.92			Excluded		1	7.69					1	7.69		1	7.69		0	0.00		0	0.00		13	
		TOTAL		67	2.81					1163	48.70					50	2.09		869	36.39		109	4.56		130	5.44		2388	
	FOURTH			13	26.00					14	28.00						Excluded		13	26.00		4	8.00		6	12.00		50	
		TOTAL		80	3.35					1177	49.29								882	36.93		113	4.73		136	5.70		2388	
	FIFTH				Excluded					45	56.25								17	21.25		9	11.25		9	11.25		80	
		TOTAL								1222	51.17								899	37.65		122	5.11		145	6.07		2388	
	SIXTH									63	51.64								9	7.38			Excluded		50	40.98		122	
		TOTAL								1285	53.81								908	38.02					195	8.17		2388	
	SEVENTH									117	60.00								78	40.00						Excluded		195	
		TOTAL								1402	58.71								986	41.29								2388	
										Elected																			
																													
Bonbeach                                                       																													
	FIRST			19	1.75		15	1.38		462	42.46		1	0.09		22	2.02		410	37.68		51	4.69		108	9.93		1088	
	SECOND			0	0.00		0	0.00		0	0.00			Excluded		0	0.00		0	0.00		1	100.00		0	0.00		1	
		TOTAL		19	1.75		15	1.38		462	42.46					22	2.02		410	37.68		52	4.78		108	9.93		1088	
	THIRD			12	80.00			Excluded		3	20.00					0	0.00		0	0.00		0	0.00		0	0.00		15	
		TOTAL		31	2.85					465	42.74					22	2.02		410	37.68		52	4.78		108	9.93		1088	
	FOURTH			3	13.64					7	31.82						Excluded		5	22.73		4	18.18		3	13.64		22	
		TOTAL		34	3.13					472	43.38								415	38.14		56	5.15		111	10.20		1088	
	FIFTH				Excluded					19	55.88								5	14.71		4	11.76		6	17.65		34	
		TOTAL								491	45.13								420	38.60		60	5.51		117	10.75		1088	
	SIXTH									30	50.00								10	16.67			Excluded		20	33.33		60	
		TOTAL								521	47.89								430	39.52					137	12.59		1088	
	SEVENTH									97	70.80								40	29.20						Excluded		137	
		TOTAL								618	56.80								470	43.20								1088	
										Elected																			
																													
Carrum                                                         																													
	FIRST			18	1.02		13	0.74		837	47.48		6	0.34		43	2.44		623	35.34		105	5.96		118	6.69		1763	
	SECOND			1	16.67		1	16.67		2	33.33			Excluded		0	0.00		0	0.00		1	16.67		1	16.67		6	
		TOTAL		19	1.08		14	0.79		839	47.59					43	2.44		623	35.34		106	6.01		119	6.75		1763	
	THIRD			9	64.29			Excluded		3	21.43					0	0.00		2	14.29		0	0.00		0	0.00		14	
		TOTAL		28	1.59					842	47.76					43	2.44		625	35.45		106	6.01		119	6.75		1763	
	FOURTH			12	27.91					5	11.63						Excluded		10	23.26		10	23.26		6	13.95		43	
		TOTAL		40	2.27					847	48.04								635	36.02		116	6.58		125	7.09		1763	
	FIFTH				Excluded					23	57.50								4	10.00		7	17.50		6	15.00		40	
		TOTAL								870	49.35								639	36.25		123	6.98		131	7.43		1763	
	SIXTH									61	49.59								14	11.38			Excluded		48	39.02		123	
		TOTAL								931	52.81								653	37.04					179	10.15		1763	
	SEVENTH									120	67.04								59	32.96						Excluded		179	
		TOTAL								1051	59.61								712	40.39								1763	
										Elected																			
																													
Carrum Downs                                                   																													
	FIRST			19	1.43		7	0.53		647	48.65		6	0.45		38	2.86		486	36.54		29	2.18		98	7.37		1330	
	SECOND			4	66.67		0	0.00		1	16.67			Excluded		1	16.67		0	0.00		0	0.00		0	0.00		6	
		TOTAL		23	1.73		7	0.53		648	48.72					39	2.93		486	36.54		29	2.18		98	7.37		1330	
	THIRD			5	71.43			Excluded		2	28.57					0	0.00		0	0.00		0	0.00		0	0.00		7	
		TOTAL		28	2.11					650	48.87					39	2.93		486	36.54		29	2.18		98	7.37		1330	
	FOURTH			12	30.77					11	28.21						Excluded		6	15.38		4	10.26		6	15.38		39	
		TOTAL		40	3.01					661	49.70								492	36.99		33	2.48		104	7.82		1330	
	FIFTH				Excluded					20	50.00								8	20.00		7	17.50		5	12.50		40	
		TOTAL								681	51.20								500	37.59		40	3.01		109	8.20		1330	
	SIXTH									16	40.00								4	10.00			Excluded		20	50.00		40	
		TOTAL								697	52.41								504	37.89					129	9.70		1330	
	SEVENTH									80	62.02								49	37.98						Excluded		129	
		TOTAL								777	58.42								553	41.58								1330	
										Elected																			
																													
Chelsea                                                        																													
	FIRST			17	1.32		12	0.93		592	46.00		3	0.23		23	1.79		508	39.47		55	4.27		77	5.98		1287	
	SECOND			0	0.00		0	0.00		0	0.00			Excluded		1	33.33		1	33.33		0	0.00		1	33.33		3	
		TOTAL		17	1.32		12	0.93		592	46.00					24	1.86		509	39.55		55	4.27		78	6.06		1287	
	THIRD			7	58.33			Excluded		1	8.33					1	8.33		2	16.67		1	8.33		0	0.00		12	
		TOTAL		24	1.86					593	46.08					25	1.94		511	39.70		56	4.35		78	6.06		1287	
	FOURTH			4	16.00					8	32.00						Excluded		10	40.00		1	4.00		2	8.00		25	
		TOTAL		28	2.18					601	46.70								521	40.48		57	4.43		80	6.22		1287	
	FIFTH				Excluded					16	57.14								2	7.14		6	21.43		4	14.29		28	
		TOTAL								617	47.94								523	40.64		63	4.90		84	6.53		1287	
	SIXTH									29	46.03								12	19.05			Excluded		22	34.92		63	
		TOTAL								646	50.19								535	41.57					106	8.24		1287	
	SEVENTH									68	64.15								38	35.85						Excluded		106	
		TOTAL								714	55.48								573	44.52								1287	
										Elected																			
																													
Chelsea Central                                                																													
	FIRST			39	1.40		15	0.54		1334	47.75		7	0.25		40	1.43		993	35.54		165	5.91		201	7.19		2794	
	SECOND			2	28.57		0	0.00		2	28.57			Excluded		0	0.00		2	28.57		1	14.29		0	0.00		7	
		TOTAL		41	1.47		15	0.54		1336	47.82					40	1.43		995	35.61		166	5.94		201	7.19		2794	
	THIRD			4	26.67			Excluded		1	6.67					1	6.67		3	20.00		1	6.67		5	33.33		15	
		TOTAL		45	1.61					1337	47.85					41	1.47		998	35.72		167	5.98		206	7.37		2794	
	FOURTH			10	24.39					9	21.95						Excluded		11	26.83		8	19.51		3	7.32		41	
		TOTAL		55	1.97					1346	48.17								1009	36.11		175	6.26		209	7.48		2794	
	FIFTH				Excluded					32	58.18								5	9.09		13	23.64		5	9.09		55	
		TOTAL								1378	49.32								1014	36.29		188	6.73		214	7.66		2794	
	SIXTH									103	54.79								17	9.04			Excluded		68	36.17		188	
		TOTAL								1481	53.01								1031	36.90					282	10.09		2794	
	SEVENTH									179	63.48								103	36.52						Excluded		282	
		TOTAL								1660	59.41								1134	40.59								2794	
										Elected																			
																													
Chelsea Heights                                                																													
	FIRST			47	1.24		32	0.84		1773	46.79		9	0.24		62	1.64		1397	36.87		122	3.22		347	9.16		3789	
	SECOND			2	22.22		2	22.22		1	11.11			Excluded		0	0.00		0	0.00		1	11.11		3	33.33		9	
		TOTAL		49	1.29		34	0.90		1774	46.82					62	1.64		1397	36.87		123	3.25		350	9.24		3789	
	THIRD			18	52.94			Excluded		7	20.59					3	8.82		4	11.76		0	0.00		2	5.88		34	
		TOTAL		67	1.77					1781	47.00					65	1.72		1401	36.98		123	3.25		352	9.29		3789	
	FOURTH			22	33.85					12	18.46						Excluded		14	21.54		11	16.92		6	9.23		65	
		TOTAL		89	2.35					1793	47.32								1415	37.34		134	3.54		358	9.45		3789	
	FIFTH				Excluded					46	51.69								16	17.98		14	15.73		13	14.61		89	
		TOTAL								1839	48.54								1431	37.77		148	3.91		371	9.79		3789	
	SIXTH									60	40.54								18	12.16			Excluded		70	47.30		148	
		TOTAL								1899	50.12								1449	38.24					441	11.64		3789	
	SEVENTH									296	67.12								145	32.88						Excluded		441	
		TOTAL								2195	57.93								1594	42.07								3789	
										Elected																			
																													
Cheltenham (Isaacs)                                            																													
	FIRST			13	1.20		6	0.56		401	37.16		5	0.46		10	0.93		503	46.62		54	5.00		87	8.06		1079	
	SECOND			0	0.00		0	0.00		3	60.00			Excluded		0	0.00		1	20.00		0	0.00		1	20.00		5	
		TOTAL		13	1.20		6	0.56		404	37.44					10	0.93		504	46.71		54	5.00		88	8.16		1079	
	THIRD			4	66.67			Excluded		0	0.00					0	0.00		0	0.00		1	16.67		1	16.67		6	
		TOTAL		17	1.58					404	37.44					10	0.93		504	46.71		55	5.10		89	8.25		1079	
	FOURTH			3	30.00					2	20.00						Excluded		2	20.00		3	30.00		0	0.00		10	
		TOTAL		20	1.85					406	37.63								506	46.90		58	5.38		89	8.25		1079	
	FIFTH				Excluded					10	50.00								4	20.00		5	25.00		1	5.00		20	
		TOTAL								416	38.55								510	47.27		63	5.84		90	8.34		1079	
	SIXTH									27	42.86								6	9.52			Excluded		30	47.62		63	
		TOTAL								443	41.06								516	47.82					120	11.12		1079	
	SEVENTH									76	63.33								44	36.67						Excluded		120	
		TOTAL								519	48.10								560	51.90								1079	
										Elected																			
																													
Cheltenham East (Isaacs)                                       																													
	FIRST			4	0.90		4	0.90		200	44.94		4	0.90		3	0.67		200	44.94		9	2.02		21	4.72		445	
	SECOND			2	50.00		0	0.00		1	25.00			Excluded		1	25.00		0	0.00		0	0.00		0	0.00		4	
		TOTAL		6	1.35		4	0.90		201	45.17					4	0.90		200	44.94		9	2.02		21	4.72		445	
	THIRD			2	50.00			Excluded		2	50.00					0	0.00		0	0.00		0	0.00		0	0.00		4	
		TOTAL		8	1.80					203	45.62					4	0.90		200	44.94		9	2.02		21	4.72		445	
	FOURTH			2	50.00					1	25.00						Excluded		1	25.00		0	0.00		0	0.00		4	
		TOTAL		10	2.25					204	45.84								201	45.17		9	2.02		21	4.72		445	
	FIFTH				Excluded					6	60.00								3	30.00		1	10.00		0	0.00		10	
		TOTAL								210	47.19								204	45.84		10	2.25		21	4.72		445	
	SIXTH									4	40.00								2	20.00			Excluded		4	40.00		10	
		TOTAL								214	48.09								206	46.29					25	5.62		445	
	SEVENTH									16	64.00								9	36.00						Excluded		25	
		TOTAL								230	51.69								215	48.31								445	
										Elected																			
																													
Cheltenham South                                               																													
	FIRST			14	1.22		14	1.22		423	36.75		3	0.26		10	0.87		537	46.66		62	5.39		88	7.65		1151	
	SECOND			0	0.00		0	0.00		2	66.67			Excluded		1	33.33		0	0.00		0	0.00		0	0.00		3	
		TOTAL		14	1.22		14	1.22		425	36.92					11	0.96		537	46.66		62	5.39		88	7.65		1151	
	THIRD			10	71.43			Excluded		2	14.29					0	0.00		1	7.14		0	0.00		1	7.14		14	
		TOTAL		24	2.09					427	37.10					11	0.96		538	46.74		62	5.39		89	7.73		1151	
	FOURTH			3	27.27					4	36.36						Excluded		3	27.27		1	9.09		0	0.00		11	
		TOTAL		27	2.35					431	37.45								541	47.00		63	5.47		89	7.73		1151	
	FIFTH				Excluded					13	48.15								3	11.11		8	29.63		3	11.11		27	
		TOTAL								444	38.58								544	47.26		71	6.17		92	7.99		1151	
	SIXTH									31	43.66								7	9.86			Excluded		33	46.48		71	
		TOTAL								475	41.27								551	47.87					125	10.86		1151	
	SEVENTH									66	52.80								59	47.20						Excluded		125	
		TOTAL								541	47.00								610	53.00								1151	
										Elected																			
																													
Courtney Gardens                                               																													
	FIRST			72	2.37		23	0.76		1418	46.60		10	0.33		54	1.77		1202	39.50		47	1.54		217	7.13		3043	
	SECOND			2	20.00		2	20.00		1	10.00			Excluded		3	30.00		0	0.00		0	0.00		2	20.00		10	
		TOTAL		74	2.43		25	0.82		1419	46.63					57	1.87		1202	39.50		47	1.54		219	7.20		3043	
	THIRD			16	64.00			Excluded		5	20.00					1	4.00		2	8.00		1	4.00		0	0.00		25	
		TOTAL		90	2.96					1424	46.80					58	1.91		1204	39.57		48	1.58		219	7.20		3043	
	FOURTH			14	24.14					18	31.03						Excluded		16	27.59		4	6.90		6	10.34		58	
		TOTAL		104	3.42					1442	47.39								1220	40.09		52	1.71		225	7.39		3043	
	FIFTH				Excluded					57	54.81								17	16.35		16	15.38		14	13.46		104	
		TOTAL								1499	49.26								1237	40.65		68	2.23		239	7.85		3043	
	SIXTH									16	23.53								9	13.24			Excluded		43	63.24		68	
		TOTAL								1515	49.79								1246	40.95					282	9.27		3043	
	SEVENTH									177	62.77								105	37.23						Excluded		282	
		TOTAL								1692	55.60								1351	44.40								3043	
										Elected																			
																													
Cranbourne (Isaacs)                                            																													
	FIRST			93	4.22		21	0.95		963	43.73		12	0.54		61	2.77		874	39.69		42	1.91		136	6.18		2202	
	SECOND			2	16.67		1	8.33		5	41.67			Excluded		3	25.00		1	8.33		0	0.00		0	0.00		12	
		TOTAL		95	4.31		22	1.00		968	43.96					64	2.91		875	39.74		42	1.91		136	6.18		2202	
	THIRD			12	54.55			Excluded		3	13.64					3	13.64		2	9.09		0	0.00		2	9.09		22	
		TOTAL		107	4.86					971	44.10					67	3.04		877	39.83		42	1.91		138	6.27		2202	
	FOURTH			18	26.87					21	31.34						Excluded		16	23.88		3	4.48		9	13.43		67	
		TOTAL		125	5.68					992	45.05								893	40.55		45	2.04		147	6.68		2202	
	FIFTH				Excluded					53	42.40								36	28.80		18	14.40		18	14.40		125	
		TOTAL								1045	47.46								929	42.19		63	2.86		165	7.49		2202	
	SIXTH									19	30.16								7	11.11			Excluded		37	58.73		63	
		TOTAL								1064	48.32								936	42.51					202	9.17		2202	
	SEVENTH									129	63.86								73	36.14						Excluded		202	
		TOTAL								1193	54.18								1009	45.82								2202	
										Elected																			
																													
Cranbourne Park                                                																													
	FIRST			99	3.18		48	1.54		1445	46.43		13	0.42		57	1.83		1205	38.72		72	2.31		173	5.56		3112	
	SECOND			2	15.38		2	15.38		6	46.15			Excluded		0	0.00		1	7.69		2	15.38		0	0.00		13	
		TOTAL		101	3.25		50	1.61		1451	46.63					57	1.83		1206	38.75		74	2.38		173	5.56		3112	
	THIRD			26	52.00			Excluded		9	18.00					3	6.00		5	10.00		4	8.00		3	6.00		50	
		TOTAL		127	4.08					1460	46.92					60	1.93		1211	38.91		78	2.51		176	5.66		3112	
	FOURTH			15	25.00					12	20.00						Excluded		14	23.33		13	21.67		6	10.00		60	
		TOTAL		142	4.56					1472	47.30								1225	39.36		91	2.92		182	5.85		3112	
	FIFTH				Excluded					63	44.37								29	20.42		33	23.24		17	11.97		142	
		TOTAL								1535	49.33								1254	40.30		124	3.98		199	6.39		3112	
	SIXTH									43	34.68								16	12.90			Excluded		65	52.42		124	
		TOTAL								1578	50.71								1270	40.81					264	8.48		3112	
	SEVENTH									153	57.95								111	42.05						Excluded		264	
		TOTAL								1731	55.62								1381	44.38								3112	
										Elected																			
																													
Cranbourne West                                                																													
	FIRST			84	3.14		20	0.75		1271	47.55		12	0.45		75	2.81		943	35.28		56	2.10		212	7.93		2673	
	SECOND			0	0.00		3	25.00		5	41.67			Excluded		1	8.33		0	0.00		1	8.33		2	16.67		12	
		TOTAL		84	3.14		23	0.86		1276	47.74					76	2.84		943	35.28		57	2.13		214	8.01		2673	
	THIRD			13	56.52			Excluded		3	13.04					1	4.35		4	17.39		1	4.35		1	4.35		23	
		TOTAL		97	3.63					1279	47.85					77	2.88		947	35.43		58	2.17		215	8.04		2673	
	FOURTH			24	31.17					15	19.48						Excluded		16	20.78		13	16.88		9	11.69		77	
		TOTAL		121	4.53					1294	48.41								963	36.03		71	2.66		224	8.38		2673	
	FIFTH				Excluded					57	47.11								25	20.66		17	14.05		22	18.18		121	
		TOTAL								1351	50.54								988	36.96		88	3.29		246	9.20		2673	
	SIXTH									23	26.14								15	17.05			Excluded		50	56.82		88	
		TOTAL								1374	51.40								1003	37.52					296	11.07		2673	
	SEVENTH									194	65.54								102	34.46						Excluded		296	
		TOTAL								1568	58.66								1105	41.34								2673	
										Elected																			
																													
Edithvale                                                      																													
	FIRST			38	1.14		28	0.84		1385	41.72		10	0.30		55	1.66		1380	41.57		182	5.48		242	7.29		3320	
	SECOND			3	30.00		1	10.00		2	20.00			Excluded		1	10.00		1	10.00		0	0.00		2	20.00		10	
		TOTAL		41	1.23		29	0.87		1387	41.78					56	1.69		1381	41.60		182	5.48		244	7.35		3320	
	THIRD			17	58.62			Excluded		5	17.24					2	6.90		2	6.90		1	3.45		2	6.90		29	
		TOTAL		58	1.75					1392	41.93					58	1.75		1383	41.66		183	5.51		246	7.41		3320	
	FOURTH			14	24.14					10	17.24						Excluded		16	27.59		14	24.14		4	6.90		58	
		TOTAL		72	2.17					1402	42.23								1399	42.14		197	5.93		250	7.53		3320	
	FIFTH				Excluded					29	40.28								11	15.28		23	31.94		9	12.50		72	
		TOTAL								1431	43.10								1410	42.47		220	6.63		259	7.80		3320	
	SIXTH									110	50.00								26	11.82			Excluded		84	38.18		220	
		TOTAL								1541	46.42								1436	43.25					343	10.33		3320	
	SEVENTH									227	66.18								116	33.82						Excluded		343	
		TOTAL								1768	53.25								1552	46.75								3320	
										Elected																			
																													
Lyndhurst                                                      																													
	FIRST			47	2.11		14	0.63		1052	47.13		5	0.22		33	1.48		851	38.13		42	1.88		188	8.42		2232	
	SECOND			1	20.00		1	20.00		2	40.00			Excluded		1	20.00		0	0.00		0	0.00		0	0.00		5	
		TOTAL		48	2.15		15	0.67		1054	47.22					34	1.52		851	38.13		42	1.88		188	8.42		2232	
	THIRD			6	40.00			Excluded		3	20.00					1	6.67		2	13.33		2	13.33		1	6.67		15	
		TOTAL		54	2.42					1057	47.36					35	1.57		853	38.22		44	1.97		189	8.47		2232	
	FOURTH			12	34.29					10	28.57						Excluded		6	17.14		4	11.43		3	8.57		35	
		TOTAL		66	2.96					1067	47.80								859	38.49		48	2.15		192	8.60		2232	
	FIFTH				Excluded					31	46.97								10	15.15		12	18.18		13	19.70		66	
		TOTAL								1098	49.19								869	38.93		60	2.69		205	9.18		2232	
	SIXTH									17	28.33								7	11.67			Excluded		36	60.00		60	
		TOTAL								1115	49.96								876	39.25					241	10.80		2232	
	SEVENTH									158	65.56								83	34.44						Excluded		241	
		TOTAL								1273	57.03								959	42.97								2232	
										Elected																			
																													
Lyrebird                                                       																													
	FIRST			62	1.99		56	1.80		1517	48.72		9	0.29		69	2.22		1125	36.13		75	2.41		201	6.45		3114	
	SECOND			4	44.44		1	11.11		2	22.22			Excluded		2	22.22		0	0.00		0	0.00		0	0.00		9	
		TOTAL		66	2.12		57	1.83		1519	48.78					71	2.28		1125	36.13		75	2.41		201	6.45		3114	
	THIRD			35	61.40			Excluded		6	10.53					1	1.75		6	10.53		7	12.28		2	3.51		57	
		TOTAL		101	3.24					1525	48.97					72	2.31		1131	36.32		82	2.63		203	6.52		3114	
	FOURTH			13	18.06					18	25.00						Excluded		23	31.94		13	18.06		5	6.94		72	
		TOTAL		114	3.66					1543	49.55								1154	37.06		95	3.05		208	6.68		3114	
	FIFTH				Excluded					52	45.61								18	15.79		27	23.68		17	14.91		114	
		TOTAL								1595	51.22								1172	37.64		122	3.92		225	7.23		3114	
	SIXTH									42	34.43								11	9.02			Excluded		69	56.56		122	
		TOTAL								1637	52.57								1183	37.99					294	9.44		3114	
	SEVENTH									172	58.50								122	41.50						Excluded		294	
		TOTAL								1809	58.09								1305	41.91								3114	
										Elected																			
																													
Melbourne (Isaacs)                                             																													
	FIRST			3	5.88		0	0.00		20	39.22		1	1.96		0	0.00		15	29.41		4	7.84		8	15.69		51	
	SECOND			0	0.00		0	0.00		0	0.00			Excluded		0	0.00		1	100.00		0	0.00		0	0.00		1	
		TOTAL		3	5.88		0	0.00		20	39.22					0	0.00		16	31.37		4	7.84		8	15.69		51	
	THIRD			0	0.00			Excluded		0	0.00					0	0.00		0	0.00		0	0.00		0	0.00		0	
		TOTAL		3	5.88					20	39.22					0	0.00		16	31.37		4	7.84		8	15.69		51	
	FOURTH			0	0.00					0	0.00						Excluded		0	0.00		0	0.00		0	0.00		0	
		TOTAL		3	5.88					20	39.22								16	31.37		4	7.84		8	15.69		51	
	FIFTH				Excluded					1	33.33								0	0.00		1	33.33		1	33.33		3	
		TOTAL								21	41.18								16	31.37		5	9.80		9	17.65		51	
	SIXTH									4	80.00								0	0.00			Excluded		1	20.00		5	
		TOTAL								25	49.02								16	31.37					10	19.61		51	
	SEVENTH									4	40.00								6	60.00						Excluded		10	
		TOTAL								29	56.86								22	43.14								51	
										Elected																			
																													
Mentone                                                        																													
	FIRST			26	1.13		17	0.74		802	34.75		2	0.09		27	1.17		1125	48.74		123	5.33		186	8.06		2308	
	SECOND			0	0.00		1	50.00		0	0.00			Excluded		1	50.00		0	0.00		0	0.00		0	0.00		2	
		TOTAL		26	1.13		18	0.78		802	34.75					28	1.21		1125	48.74		123	5.33		186	8.06		2308	
	THIRD			10	55.56			Excluded		4	22.22					1	5.56		1	5.56		2	11.11		0	0.00		18	
		TOTAL		36	1.56					806	34.92					29	1.26		1126	48.79		125	5.42		186	8.06		2308	
	FOURTH			4	13.79					6	20.69						Excluded		16	55.17		2	6.90		1	3.45		29	
		TOTAL		40	1.73					812	35.18								1142	49.48		127	5.50		187	8.10		2308	
	FIFTH				Excluded					22	55.00								7	17.50		9	22.50		2	5.00		40	
		TOTAL								834	36.14								1149	49.78		136	5.89		189	8.19		2308	
	SIXTH									67	49.26								15	11.03			Excluded		54	39.71		136	
		TOTAL								901	39.04								1164	50.43					243	10.53		2308	
	SEVENTH									156	64.20								87	35.80						Excluded		243	
		TOTAL								1057	45.80								1251	54.20								2308	
										Elected																			
																													
Mentone North                                                  																													
	FIRST			20	1.45		12	0.87		495	35.92		0	0.00		8	0.58		653	47.39		94	6.82		96	6.97		1378	
	SECOND			0	0.00		0	0.00		0	0.00			Excluded		0	0.00		0	0.00		0	0.00		0	0.00		0	
		TOTAL		20	1.45		12	0.87		495	35.92					8	0.58		653	47.39		94	6.82		96	6.97		1378	
	THIRD			9	75.00			Excluded		0	0.00					2	16.67		0	0.00		0	0.00		1	8.33		12	
		TOTAL		29	2.10					495	35.92					10	0.73		653	47.39		94	6.82		97	7.04		1378	
	FOURTH			2	20.00					3	30.00						Excluded		2	20.00		3	30.00		0	0.00		10	
		TOTAL		31	2.25					498	36.14								655	47.53		97	7.04		97	7.04		1378	
	FIFTH				Excluded					18	58.06								5	16.13		4	12.90		4	12.90		31	
		TOTAL								516	37.45								660	47.90		101	7.33		101	7.33		1378	
	SIXTH									59	58.42								6	5.94			Excluded		36	35.64		101	
		TOTAL								575	41.73								666	48.33					137	9.94		1378	
	SEVENTH									85	62.04								52	37.96						Excluded		137	
		TOTAL								660	47.90								718	52.10								1378	
										Elected																			
																													
Mordialloc East                                                																													
	FIRST			28	1.41		8	0.40		877	44.07		3	0.15		23	1.16		753	37.84		136	6.83		162	8.14		1990	
	SECOND			2	66.67		0	0.00		1	33.33			Excluded		0	0.00		0	0.00		0	0.00		0	0.00		3	
		TOTAL		30	1.51		8	0.40		878	44.12					23	1.16		753	37.84		136	6.83		162	8.14		1990	
	THIRD			6	75.00			Excluded		1	12.50					0	0.00		1	12.50		0	0.00		0	0.00		8	
		TOTAL		36	1.81					879	44.17					23	1.16		754	37.89		136	6.83		162	8.14		1990	
	FOURTH			9	39.13					5	21.74						Excluded		7	30.43		1	4.35		1	4.35		23	
		TOTAL		45	2.26					884	44.42								761	38.24		137	6.88		163	8.19		1990	
	FIFTH				Excluded					22	48.89								8	17.78		10	22.22		5	11.11		45	
		TOTAL								906	45.53								769	38.64		147	7.39		168	8.44		1990	
	SIXTH									85	57.82								9	6.12			Excluded		53	36.05		147	
		TOTAL								991	49.80								778	39.10					221	11.11		1990	
	SEVENTH									151	68.33								70	31.67						Excluded		221	
		TOTAL								1142	57.39								848	42.61								1990	
										Elected																			
																													
Parkdale                                                       																													
	FIRST			25	0.90		6	0.21		982	35.18		8	0.29		31	1.11		1304	46.72		177	6.34		258	9.24		2791	
	SECOND			2	25.00		1	12.50		3	37.50			Excluded		1	12.50		0	0.00		1	12.50		0	0.00		8	
		TOTAL		27	0.97		7	0.25		985	35.29					32	1.15		1304	46.72		178	6.38		258	9.24		2791	
	THIRD			4	57.14			Excluded		2	28.57					0	0.00		1	14.29		0	0.00		0	0.00		7	
		TOTAL		31	1.11					987	35.36					32	1.15		1305	46.76		178	6.38		258	9.24		2791	
	FOURTH			8	25.00					4	12.50						Excluded		15	46.88		4	12.50		1	3.13		32	
		TOTAL		39	1.40					991	35.51								1320	47.29		182	6.52		259	9.28		2791	
	FIFTH				Excluded					18	46.15								5	12.82		7	17.95		9	23.08		39	
		TOTAL								1009	36.15								1325	47.47		189	6.77		268	9.60		2791	
	SIXTH									103	54.50								17	8.99			Excluded		69	36.51		189	
		TOTAL								1112	39.84								1342	48.08					337	12.07		2791	
	SEVENTH									220	65.28								117	34.72						Excluded		337	
		TOTAL								1332	47.72								1459	52.28								2791	
										Elected																			
																													
Parkdale Central                                               																													
	FIRST			12	0.88		9	0.66		541	39.81		2	0.15		27	1.99		585	43.05		58	4.27		125	9.20		1359	
	SECOND			0	0.00		1	50.00		0	0.00			Excluded		1	50.00		0	0.00		0	0.00		0	0.00		2	
		TOTAL		12	0.88		10	0.74		541	39.81					28	2.06		585	43.05		58	4.27		125	9.20		1359	
	THIRD			6	60.00			Excluded		1	10.00					1	10.00		0	0.00		1	10.00		1	10.00		10	
		TOTAL		18	1.32					542	39.88					29	2.13		585	43.05		59	4.34		126	9.27		1359	
	FOURTH			16	55.17					2	6.90						Excluded		7	24.14		3	10.34		1	3.45		29	
		TOTAL		34	2.50					544	40.03								592	43.56		62	4.56		127	9.35		1359	
	FIFTH				Excluded					14	41.18								9	26.47		8	23.53		3	8.82		34	
		TOTAL								558	41.06								601	44.22		70	5.15		130	9.57		1359	
	SIXTH									17	24.29								8	11.43			Excluded		45	64.29		70	
		TOTAL								575	42.31								609	44.81					175	12.88		1359	
	SEVENTH									121	69.14								54	30.86						Excluded		175	
		TOTAL								696	51.21								663	48.79								1359	
										Elected																			
																													
Parkdale East                                                  																													
	FIRST			37	1.48		11	0.44		980	39.11		2	0.08		29	1.16		1093	43.62		120	4.79		234	9.34		2506	
	SECOND			0	0.00		0	0.00		1	50.00			Excluded		1	50.00		0	0.00		0	0.00		0	0.00		2	
		TOTAL		37	1.48		11	0.44		981	39.15					30	1.20		1093	43.62		120	4.79		234	9.34		2506	
	THIRD			8	72.73			Excluded		0	0.00					0	0.00		2	18.18		0	0.00		1	9.09		11	
		TOTAL		45	1.80					981	39.15					30	1.20		1095	43.70		120	4.79		235	9.38		2506	
	FOURTH			6	20.00					6	20.00						Excluded		9	30.00		7	23.33		2	6.67		30	
		TOTAL		51	2.04					987	39.39								1104	44.05		127	5.07		237	9.46		2506	
	FIFTH				Excluded					26	50.98								8	15.69		8	15.69		9	17.65		51	
		TOTAL								1013	40.42								1112	44.37		135	5.39		246	9.82		2506	
	SIXTH									59	43.70								10	7.41			Excluded		66	48.89		135	
		TOTAL								1072	42.78								1122	44.77					312	12.45		2506	
	SEVENTH									188	60.26								124	39.74						Excluded		312	
		TOTAL								1260	50.28								1246	49.72								2506	
										Elected																			
																													
Patterson Lakes                                                																													
	FIRST			35	1.05		42	1.25		972	29.03		8	0.24		41	1.22		1919	57.32		108	3.23		223	6.66		3348	
	SECOND			3	37.50		0	0.00		3	37.50			Excluded		1	12.50		0	0.00		0	0.00		1	12.50		8	
		TOTAL		38	1.14		42	1.25		975	29.12					42	1.25		1919	57.32		108	3.23		224	6.69		3348	
	THIRD			21	50.00			Excluded		5	11.90					4	9.52		11	26.19		1	2.38		0	0.00		42	
		TOTAL		59	1.76					980	29.27					46	1.37		1930	57.65		109	3.26		224	6.69		3348	
	FOURTH			10	21.74					11	23.91						Excluded		16	34.78		5	10.87		4	8.70		46	
		TOTAL		69	2.06					991	29.60								1946	58.12		114	3.41		228	6.81		3348	
	FIFTH				Excluded					25	36.23								18	26.09		12	17.39		14	20.29		69	
		TOTAL								1016	30.35								1964	58.66		126	3.76		242	7.23		3348	
	SIXTH									39	30.95								30	23.81			Excluded		57	45.24		126	
		TOTAL								1055	31.51								1994	59.56					299	8.93		3348	
	SEVENTH									184	61.54								115	38.46						Excluded		299	
		TOTAL								1239	37.01								2109	62.99								3348	
										Elected																			
																													
Rowellyn Park                                                  																													
	FIRST			35	1.27		21	0.76		1334	48.53		8	0.29		42	1.53		984	35.79		80	2.91		245	8.91		2749	
	SECOND			0	0.00		1	12.50		4	50.00			Excluded		1	12.50		2	25.00		0	0.00		0	0.00		8	
		TOTAL		35	1.27		22	0.80		1338	48.67					43	1.56		986	35.87		80	2.91		245	8.91		2749	
	THIRD			13	59.09			Excluded		3	13.64					1	4.55		5	22.73		0	0.00		0	0.00		22	
		TOTAL		48	1.75					1341	48.78					44	1.60		991	36.05		80	2.91		245	8.91		2749	
	FOURTH			9	20.45					13	29.55						Excluded		10	22.73		8	18.18		4	9.09		44	
		TOTAL		57	2.07					1354	49.25								1001	36.41		88	3.20		249	9.06		2749	
	FIFTH				Excluded					31	54.39								9	15.79		9	15.79		8	14.04		57	
		TOTAL								1385	50.38								1010	36.74		97	3.53		257	9.35		2749	
	SIXTH									49	50.52								8	8.25			Excluded		40	41.24		97	
		TOTAL								1434	52.16								1018	37.03					297	10.80		2749	
	SEVENTH									172	57.91								125	42.09						Excluded		297	
		TOTAL								1606	58.42								1143	41.58								2749	
										Elected																			
																													
Skye (Isaacs)                                                  																													
	FIRST			17	2.53		5	0.74		296	43.98		5	0.74		20	2.97		263	39.08		19	2.82		48	7.13		673	
	SECOND			2	40.00		0	0.00		1	20.00			Excluded		0	0.00		2	40.00		0	0.00		0	0.00		5	
		TOTAL		19	2.82		5	0.74		297	44.13					20	2.97		265	39.38		19	2.82		48	7.13		673	
	THIRD			3	60.00			Excluded		1	20.00					0	0.00		0	0.00		1	20.00		0	0.00		5	
		TOTAL		22	3.27					298	44.28					20	2.97		265	39.38		20	2.97		48	7.13		673	
	FOURTH			7	35.00					7	35.00						Excluded		3	15.00		1	5.00		2	10.00		20	
		TOTAL		29	4.31					305	45.32								268	39.82		21	3.12		50	7.43		673	
	FIFTH				Excluded					18	62.07								6	20.69		5	17.24		0	0.00		29	
		TOTAL								323	47.99								274	40.71		26	3.86		50	7.43		673	
	SIXTH									11	42.31								4	15.38			Excluded		11	42.31		26	
		TOTAL								334	49.63								278	41.31					61	9.06		673	
	SEVENTH									30	49.18								31	50.82						Excluded		61	
		TOTAL								364	54.09								309	45.91								673	
										Elected																			
																													
Special Hospital Team 1                                        																													
	FIRST			4	2.76		1	0.69		67	46.21		2	1.38		1	0.69		69	47.59		0	0.00		1	0.69		145	
	SECOND			1	50.00		0	0.00		1	50.00			Excluded		0	0.00		0	0.00		0	0.00		0	0.00		2	
		TOTAL		5	3.45		1	0.69		68	46.90					1	0.69		69	47.59		0	0.00		1	0.69		145	
	THIRD			1	100.00			Excluded		0	0.00					0	0.00		0	0.00		0	0.00		0	0.00		1	
		TOTAL		6	4.14					68	46.90					1	0.69		69	47.59		0	0.00		1	0.69		145	
	FOURTH			0	0.00					0	0.00						Excluded		1	100.00		0	0.00		0	0.00		1	
		TOTAL		6	4.14					68	46.90								70	48.28		0	0.00		1	0.69		145	
	FIFTH				Excluded					5	83.33								0	0.00		0	0.00		1	16.67		6	
		TOTAL								73	50.34								70	48.28		0	0.00		2	1.38		145	
	SIXTH									0	0.00								0	0.00			Excluded		0	0.00		0	
		TOTAL								73	50.34								70	48.28					2	1.38		145	
	SEVENTH									1	50.00								1	50.00						Excluded		2	
		TOTAL								74	51.03								71	48.97								145	
										Elected																			
																													
Special Hospital Team 2                                        																													
	FIRST			5	1.75		5	1.75		121	42.31		1	0.35		0	0.00		142	49.65		3	1.05		9	3.15		286	
	SECOND			0	0.00		1	100.00		0	0.00			Excluded		0	0.00		0	0.00		0	0.00		0	0.00		1	
		TOTAL		5	1.75		6	2.10		121	42.31					0	0.00		142	49.65		3	1.05		9	3.15		286	
	THIRD			2	33.33			Excluded		2	33.33					0	0.00		1	16.67		0	0.00		1	16.67		6	
		TOTAL		7	2.45					123	43.01					0	0.00		143	50.00		3	1.05		10	3.50		286	
	FOURTH			0	0.00					0	0.00						Excluded		0	0.00		0	0.00		0	0.00		0	
		TOTAL		7	2.45					123	43.01								143	50.00		3	1.05		10	3.50		286	
	FIFTH				Excluded					5	71.43								1	14.29		0	0.00		1	14.29		7	
		TOTAL								128	44.76								144	50.35		3	1.05		11	3.85		286	
	SIXTH									0	0.00								1	33.33			Excluded		2	66.67		3	
		TOTAL								128	44.76								145	50.70					13	4.55		286	
	SEVENTH									9	69.23								4	30.77						Excluded		13	
		TOTAL								137	47.90								149	52.10								286	
										Elected																			
																													
ABSENT																													
	FIRST			138	3.34		67	1.62		1545	37.43		32	0.78		133	3.22		1544	37.40		269	6.52		400	9.69		4128	
	SECOND			5	15.63		2	6.25		14	43.75			Excluded		4	12.50		2	6.25		1	3.13		4	12.50		32	
		TOTAL		143	3.46		69	1.67		1559	37.77					137	3.32		1546	37.45		270	6.54		404	9.79		4128	
	THIRD			34	49.28			Excluded		10	14.49					6	8.70		14	20.29		5	7.25		0	0.00		69	
		TOTAL		177	4.29					1569	38.01					143	3.46		1560	37.79		275	6.66		404	9.79		4128	
	FOURTH			37	25.87					39	27.27						Excluded		37	25.87		21	14.69		9	6.29		143	
		TOTAL		214	5.18					1608	38.95								1597	38.69		296	7.17		413	10.00		4128	
	FIFTH				Excluded					105	49.07								34	15.89		43	20.09		32	14.95		214	
		TOTAL								1713	41.50								1631	39.51		339	8.21		445	10.78		4128	
	SIXTH									88	25.96								54	15.93			Excluded		197	58.11		339	
		TOTAL								1801	43.63								1685	40.82					642	15.55		4128	
	SEVENTH									384	59.81								258	40.19						Excluded		642	
		TOTAL								2185	52.93								1943	47.07								4128	
										Elected																			
																													
POSTAL																													
	FIRST			52	1.51		25	0.73		1331	38.65		9	0.26		86	2.50		1721	49.97		79	2.29		141	4.09		3444	
	SECOND			2	22.22		0	0.00		2	22.22			Excluded		2	22.22		1	11.11		1	11.11		1	11.11		9	
		TOTAL		54	1.57		25	0.73		1333	38.70					88	2.56		1722	50.00		80	2.32		142	4.12		3444	
	THIRD			15	60.00			Excluded		4	16.00					2	8.00		1	4.00		2	8.00		1	4.00		25	
		TOTAL		69	2.00					1337	38.82					90	2.61		1723	50.03		82	2.38		143	4.15		3444	
	FOURTH			30	33.33					22	24.44						Excluded		28	31.11		5	5.56		5	5.56		90	
		TOTAL		99	2.87					1359	39.46								1751	50.84		87	2.53		148	4.30		3444	
	FIFTH				Excluded					34	34.34								20	20.20		28	28.28		17	17.17		99	
		TOTAL								1393	40.45								1771	51.42		115	3.34		165	4.79		3444	
	SIXTH									27	23.48								15	13.04			Excluded		73	63.48		115	
		TOTAL								1420	41.23								1786	51.86					238	6.91		3444	
	SEVENTH									138	57.98								100	42.02						Excluded		238	
		TOTAL								1558	45.24								1886	54.76								3444	
										Elected																			
																													
PRE POLL																													
	FIRST			58	2.26		23	0.90		1031	40.26		8	0.31		63	2.46		1116	43.58		100	3.90		162	6.33		2561	
	SECOND			1	12.50		1	12.50		0	0.00			Excluded		4	50.00		1	12.50		0	0.00		1	12.50		8	
		TOTAL		59	2.30		24	0.94		1031	40.26					67	2.62		1117	43.62		100	3.90		163	6.36		2561	
	THIRD			13	54.17			Excluded		3	12.50					3	12.50		4	16.67		1	4.17		0	0.00		24	
		TOTAL		72	2.81					1034	40.37					70	2.73		1121	43.77		101	3.94		163	6.36		2561	
	FOURTH			14	20.00					17	24.29						Excluded		21	30.00		13	18.57		5	7.14		70	
		TOTAL		86	3.36					1051	41.04								1142	44.59		114	4.45		168	6.56		2561	
	FIFTH				Excluded					43	50.00								17	19.77		17	19.77		9	10.47		86	
		TOTAL								1094	42.72								1159	45.26		131	5.12		177	6.91		2561	
	SIXTH									38	29.01								22	16.79			Excluded		71	54.20		131	
		TOTAL								1132	44.20								1181	46.11					248	9.68		2561	
	SEVENTH									163	65.73								85	34.27						Excluded		248	
		TOTAL								1295	50.57								1266	49.43								2561	
										Elected																			
																													
PROVISIONAL																													
	FIRST			27	3.67		10	1.36		318	43.27		8	1.09		20	2.72		258	35.10		35	4.76		59	8.03		735	
	SECOND			1	12.50		0	0.00		4	50.00			Excluded		1	12.50		0	0.00		1	12.50		1	12.50		8	
		TOTAL		28	3.81		10	1.36		322	43.81					21	2.86		258	35.10		36	4.90		60	8.16		735	
	THIRD			7	70.00			Excluded		1	10.00					0	0.00		2	20.00		0	0.00		0	0.00		10	
		TOTAL		35	4.76					323	43.95					21	2.86		260	35.37		36	4.90		60	8.16		735	
	FOURTH			4	19.05					6	28.57						Excluded		5	23.81		3	14.29		3	14.29		21	
		TOTAL		39	5.31					329	44.76								265	36.05		39	5.31		63	8.57		735	
	FIFTH				Excluded					25	64.10								6	15.38		5	12.82		3	7.69		39	
		TOTAL								354	48.16								271	36.87		44	5.99		66	8.98		735	
	SIXTH									18	40.91								5	11.36			Excluded		21	47.73		44	
		TOTAL								372	50.61								276	37.55					87	11.84		735	
	SEVENTH									55	63.22								32	36.78						Excluded		87	
		TOTAL								427	58.10								308	41.90								735	
										Elected																			
																													
																													
																													
																													
																													
																													
																													
																													
																													
																													
																													
																													
																													
																													
																													
																													
																													
																													
																													
																													
																													
																													
																													
																													
																													
																													
																													
																													
																													
																													
																													
																													
																													
																													
																													
																													
																													
																													
																													
																													
																													
																													
																													
																													
																													
																													
																													
																													
																													
																													
																													
																													
																													
																													
																													
																													
																													
																													
																													
																													
																													
																													
																													
																													
																													
																													
																													
																													
																													
																													
																													
																													
																													
																													
																													
																													
																													
																													
																													
																													
																													
																													
																													
																													
																													
																													
																													
																													
																													
																													
																													
																													
																													
																													
																													
																													
																													
																													
																													
																													
																													
																													
																													
																													
																													
																													
																													
																													
																													
																													
																													
																													
																													
																													
																													
																													
																													
																													
																													
																													
																													
																													
																													
																													
																													
																													
																													
																													
																													
																													
																													
																													
																													
																													
																													
																													
																													
																													
																													
																													
																													
																													
																													
																													
