House of Representatives - 2001 Election: Victoria																							
Distribution of Preferences																							
By Polling Place																							
Mallee																							
				KELLY			ZIGOURAS			RIVENDELL			MACKLEY			FORREST			DOUGLASS				
				Timothy			John			Julie			Bob			John			Ross				
				DEM			ALP			GRN			HAN			NP			IND				
	Count			Votes	%		Votes	%		Votes	%		Votes	%		Votes	%		Votes	%		Total	
Antwerp                                                        																							
	FIRST			2	2.02		6	6.06		2	2.02		10	10.10		78	78.79		1	1.01		99	
	SECOND			0	0.00		1	50.00			Excluded		0	0.00		1	50.00		0	0.00		2	
		TOTAL		2	2.02		7	7.07					10	10.10		79	79.80		1	1.01		99	
	THIRD			0	0.00		0	0.00					1	100.00		0	0.00			Excluded		1	
		TOTAL		2	2.02		7	7.07					11	11.11		79	79.80					99	
	FOURTH				Excluded		1	50.00					0	0.00		1	50.00					2	
		TOTAL					8	8.08					11	11.11		80	80.81					99	
	FIFTH						4	36.36						Excluded		7	63.64					11	
		TOTAL					12	12.12								87	87.88					99	
																Elected							
																							
Apsley                                                         																							
	FIRST			9	3.18		57	20.14		2	0.71		41	14.49		169	59.72		5	1.77		283	
	SECOND			0	0.00		1	50.00			Excluded		1	50.00		0	0.00		0	0.00		2	
		TOTAL		9	3.18		58	20.49					42	14.84		169	59.72		5	1.77		283	
	THIRD			0	0.00		2	40.00					2	40.00		1	20.00			Excluded		5	
		TOTAL		9	3.18		60	21.20					44	15.55		170	60.07					283	
	FOURTH				Excluded		5	55.56					1	11.11		3	33.33					9	
		TOTAL					65	22.97					45	15.90		173	61.13					283	
	FIFTH						18	40.00						Excluded		27	60.00					45	
		TOTAL					83	29.33								200	70.67					283	
																Elected							
																							
Berriwillock                                                   																							
	FIRST			4	2.58		20	12.90		0	0.00		9	5.81		120	77.42		2	1.29		155	
	SECOND			0	0.00		0	0.00			Excluded		0	0.00		0	0.00		0	0.00		0	
		TOTAL		4	2.58		20	12.90					9	5.81		120	77.42		2	1.29		155	
	THIRD			0	0.00		0	0.00					2	100.00		0	0.00			Excluded		2	
		TOTAL		4	2.58		20	12.90					11	7.10		120	77.42					155	
	FOURTH				Excluded		4	100.00					0	0.00		0	0.00					4	
		TOTAL					24	15.48					11	7.10		120	77.42					155	
	FIFTH						6	54.55						Excluded		5	45.45					11	
		TOTAL					30	19.35								125	80.65					155	
																Elected							
																							
Beulah                                                         																							
	FIRST			3	0.99		25	8.28		1	0.33		16	5.30		249	82.45		8	2.65		302	
	SECOND			0	0.00		0	0.00			Excluded		0	0.00		0	0.00		1	100.00		1	
		TOTAL		3	0.99		25	8.28					16	5.30		249	82.45		9	2.98		302	
	THIRD			3	33.33		0	0.00					2	22.22		4	44.44			Excluded		9	
		TOTAL		6	1.99		25	8.28					18	5.96		253	83.77					302	
	FOURTH				Excluded		3	50.00					1	16.67		2	33.33					6	
		TOTAL					28	9.27					19	6.29		255	84.44					302	
	FIFTH						5	26.32						Excluded		14	73.68					19	
		TOTAL					33	10.93								269	89.07					302	
																Elected							
																							
Beverford                                                      																							
	FIRST			15	4.21		63	17.70		9	2.53		27	7.58		231	64.89		11	3.09		356	
	SECOND			3	33.33		2	22.22			Excluded		1	11.11		2	22.22		1	11.11		9	
		TOTAL		18	5.06		65	18.26					28	7.87		233	65.45		12	3.37		356	
	THIRD			2	16.67		1	8.33					3	25.00		6	50.00			Excluded		12	
		TOTAL		20	5.62		66	18.54					31	8.71		239	67.13					356	
	FOURTH				Excluded		10	50.00					3	15.00		7	35.00					20	
		TOTAL					76	21.35					34	9.55		246	69.10					356	
	FIFTH						6	17.65						Excluded		28	82.35					34	
		TOTAL					82	23.03								274	76.97					356	
																Elected							
																							
Birchip                                                        																							
	FIRST			14	2.32		102	16.89		5	0.83		32	5.30		410	67.88		41	6.79		604	
	SECOND			3	60.00		1	20.00			Excluded		1	20.00		0	0.00		0	0.00		5	
		TOTAL		17	2.81		103	17.05					33	5.46		410	67.88		41	6.79		604	
	THIRD			0	0.00		5	12.20					21	51.22		15	36.59			Excluded		41	
		TOTAL		17	2.81		108	17.88					54	8.94		425	70.36					604	
	FOURTH				Excluded		7	41.18					2	11.76		8	47.06					17	
		TOTAL					115	19.04					56	9.27		433	71.69					604	
	FIFTH						23	41.07						Excluded		33	58.93					56	
		TOTAL					138	22.85								466	77.15					604	
																Elected							
																							
Boundary Bend                                                  																							
	FIRST			4	3.60		15	13.51		3	2.70		15	13.51		69	62.16		5	4.50		111	
	SECOND			0	0.00		1	33.33			Excluded		1	33.33		1	33.33		0	0.00		3	
		TOTAL		4	3.60		16	14.41					16	14.41		70	63.06		5	4.50		111	
	THIRD			0	0.00		0	0.00					1	20.00		4	80.00			Excluded		5	
		TOTAL		4	3.60		16	14.41					17	15.32		74	66.67					111	
	FOURTH				Excluded		2	50.00					0	0.00		2	50.00					4	
		TOTAL					18	16.22					17	15.32		76	68.47					111	
	FIFTH						4	23.53						Excluded		13	76.47					17	
		TOTAL					22	19.82								89	80.18					111	
																Elected							
																							
Brim                                                           																							
	FIRST			1	0.65		9	5.88		0	0.00		12	7.84		125	81.70		6	3.92		153	
	SECOND			0	0.00		0	0.00			Excluded		0	0.00		0	0.00		0	0.00		0	
		TOTAL		1	0.65		9	5.88					12	7.84		125	81.70		6	3.92		153	
	THIRD			1	16.67		0	0.00					1	16.67		4	66.67			Excluded		6	
		TOTAL		2	1.31		9	5.88					13	8.50		129	84.31					153	
	FOURTH				Excluded		1	50.00					0	0.00		1	50.00					2	
		TOTAL					10	6.54					13	8.50		130	84.97					153	
	FIFTH						2	15.38						Excluded		11	84.62					13	
		TOTAL					12	7.84								141	92.16					153	
																Elected							
																							
Brimpaen                                                       																							
	FIRST			0	0.00		5	9.09		2	3.64		10	18.18		36	65.45		2	3.64		55	
	SECOND			1	50.00		1	50.00			Excluded		0	0.00		0	0.00		0	0.00		2	
		TOTAL		1	1.82		6	10.91					10	18.18		36	65.45		2	3.64		55	
	THIRD			1	50.00		0	0.00					0	0.00		1	50.00			Excluded		2	
		TOTAL		2	3.64		6	10.91					10	18.18		37	67.27					55	
	FOURTH				Excluded		0	0.00					0	0.00		2	100.00					2	
		TOTAL					6	10.91					10	18.18		39	70.91					55	
	FIFTH						2	20.00						Excluded		8	80.00					10	
		TOTAL					8	14.55								47	85.45					55	
																Elected							
																							
Cabarita                                                       																							
	FIRST			24	4.36		88	16.00		14	2.55		50	9.09		331	60.18		43	7.82		550	
	SECOND			6	42.86		3	21.43			Excluded		2	14.29		1	7.14		2	14.29		14	
		TOTAL		30	5.45		91	16.55					52	9.45		332	60.36		45	8.18		550	
	THIRD			4	8.89		3	6.67					21	46.67		17	37.78			Excluded		45	
		TOTAL		34	6.18		94	17.09					73	13.27		349	63.45					550	
	FOURTH				Excluded		17	50.00					2	5.88		15	44.12					34	
		TOTAL					111	20.18					75	13.64		364	66.18					550	
	FIFTH						39	52.00						Excluded		36	48.00					75	
		TOTAL					150	27.27								400	72.73					550	
																Elected							
																							
Cardross                                                       																							
	FIRST			13	2.67		117	24.02		17	3.49		64	13.14		241	49.49		35	7.19		487	
	SECOND			5	29.41		5	29.41			Excluded		2	11.76		3	17.65		2	11.76		17	
		TOTAL		18	3.70		122	25.05					66	13.55		244	50.10		37	7.60		487	
	THIRD			4	10.81		5	13.51					15	40.54		13	35.14			Excluded		37	
		TOTAL		22	4.52		127	26.08					81	16.63		257	52.77					487	
	FOURTH				Excluded		12	54.55					4	18.18		6	27.27					22	
		TOTAL					139	28.54					85	17.45		263	54.00					487	
	FIFTH						36	42.35						Excluded		49	57.65					85	
		TOTAL					175	35.93								312	64.07					487	
																Elected							
																							
Charlton                                                       																							
	FIRST			52	5.68		131	14.32		24	2.62		69	7.54		617	67.43		22	2.40		915	
	SECOND			9	37.50		8	33.33			Excluded		1	4.17		2	8.33		4	16.67		24	
		TOTAL		61	6.67		139	15.19					70	7.65		619	67.65		26	2.84		915	
	THIRD			5	19.23		4	15.38					8	30.77		9	34.62			Excluded		26	
		TOTAL		66	7.21		143	15.63					78	8.52		628	68.63					915	
	FOURTH				Excluded		34	51.52					14	21.21		18	27.27					66	
		TOTAL					177	19.34					92	10.05		646	70.60					915	
	FIFTH						54	58.70						Excluded		38	41.30					92	
		TOTAL					231	25.25								684	74.75					915	
																Elected							
																							
Culgoa                                                         																							
	FIRST			1	0.96		20	19.23		1	0.96		5	4.81		73	70.19		4	3.85		104	
	SECOND			0	0.00		0	0.00			Excluded		1	100.00		0	0.00		0	0.00		1	
		TOTAL		1	0.96		20	19.23					6	5.77		73	70.19		4	3.85		104	
	THIRD			1	25.00		0	0.00					1	25.00		2	50.00			Excluded		4	
		TOTAL		2	1.92		20	19.23					7	6.73		75	72.12					104	
	FOURTH				Excluded		2	100.00					0	0.00		0	0.00					2	
		TOTAL					22	21.15					7	6.73		75	72.12					104	
	FIFTH						0	0.00						Excluded		7	100.00					7	
		TOTAL					22	21.15								82	78.85					104	
																Elected							
																							
Cullulleraine                                                  																							
	FIRST			0	0.00		23	21.50		1	0.93		7	6.54		72	67.29		4	3.74		107	
	SECOND			1	100.00		0	0.00			Excluded		0	0.00		0	0.00		0	0.00		1	
		TOTAL		1	0.93		23	21.50					7	6.54		72	67.29		4	3.74		107	
	THIRD			1	25.00		1	25.00					0	0.00		2	50.00			Excluded		4	
		TOTAL		2	1.87		24	22.43					7	6.54		74	69.16					107	
	FOURTH				Excluded		1	50.00					0	0.00		1	50.00					2	
		TOTAL					25	23.36					7	6.54		75	70.09					107	
	FIFTH						3	42.86						Excluded		4	57.14					7	
		TOTAL					28	26.17								79	73.83					107	
																Elected							
																							
Dadswells Bridge                                               																							
	FIRST			3	3.23		13	13.98		4	4.30		17	18.28		54	58.06		2	2.15		93	
	SECOND			2	50.00		0	0.00			Excluded		0	0.00		0	0.00		2	50.00		4	
		TOTAL		5	5.38		13	13.98					17	18.28		54	58.06		4	4.30		93	
	THIRD			0	0.00		0	0.00					2	50.00		2	50.00			Excluded		4	
		TOTAL		5	5.38		13	13.98					19	20.43		56	60.22					93	
	FOURTH				Excluded		3	60.00					0	0.00		2	40.00					5	
		TOTAL					16	17.20					19	20.43		58	62.37					93	
	FIFTH						8	42.11						Excluded		11	57.89					19	
		TOTAL					24	25.81								69	74.19					93	
																Elected							
																							
Dimboola                                                       																							
	FIRST			51	4.64		348	31.67		21	1.91		113	10.28		513	46.68		53	4.82		1099	
	SECOND			7	33.33		8	38.10			Excluded		1	4.76		4	19.05		1	4.76		21	
		TOTAL		58	5.28		356	32.39					114	10.37		517	47.04		54	4.91		1099	
	THIRD			16	29.63		11	20.37					9	16.67		18	33.33			Excluded		54	
		TOTAL		74	6.73		367	33.39					123	11.19		535	48.68					1099	
	FOURTH				Excluded		41	55.41					14	18.92		19	25.68					74	
		TOTAL					408	37.12					137	12.47		554	50.41					1099	
	FIFTH						74	54.01						Excluded		63	45.99					137	
		TOTAL					482	43.86								617	56.14					1099	
																Elected							
																							
Donald                                                         																							
	FIRST			28	2.44		207	18.06		19	1.66		80	6.98		746	65.10		66	5.76		1146	
	SECOND			7	36.84		2	10.53			Excluded		1	5.26		1	5.26		8	42.11		19	
		TOTAL		35	3.05		209	18.24					81	7.07		747	65.18		74	6.46		1146	
	THIRD			18	24.32		11	14.86					13	17.57		32	43.24			Excluded		74	
		TOTAL		53	4.62		220	19.20					94	8.20		779	67.98					1146	
	FOURTH				Excluded		24	45.28					6	11.32		23	43.40					53	
		TOTAL					244	21.29					100	8.73		802	69.98					1146	
	FIFTH						44	44.00						Excluded		56	56.00					100	
		TOTAL					288	25.13								858	74.87					1146	
																Elected							
																							
Dooen                                                          																							
	FIRST			6	4.29		10	7.14		3	2.14		18	12.86		97	69.29		6	4.29		140	
	SECOND			2	66.67		0	0.00			Excluded		0	0.00		1	33.33		0	0.00		3	
		TOTAL		8	5.71		10	7.14					18	12.86		98	70.00		6	4.29		140	
	THIRD			0	0.00		2	33.33					2	33.33		2	33.33			Excluded		6	
		TOTAL		8	5.71		12	8.57					20	14.29		100	71.43					140	
	FOURTH				Excluded		5	62.50					1	12.50		2	25.00					8	
		TOTAL					17	12.14					21	15.00		102	72.86					140	
	FIFTH						9	42.86						Excluded		12	57.14					21	
		TOTAL					26	18.57								114	81.43					140	
																Elected							
																							
Edenhope                                                       																							
	FIRST			32	3.92		174	21.30		17	2.08		91	11.14		470	57.53		33	4.04		817	
	SECOND			7	41.18		3	17.65			Excluded		0	0.00		3	17.65		4	23.53		17	
		TOTAL		39	4.77		177	21.66					91	11.14		473	57.89		37	4.53		817	
	THIRD			7	18.92		4	10.81					11	29.73		15	40.54			Excluded		37	
		TOTAL		46	5.63		181	22.15					102	12.48		488	59.73					817	
	FOURTH				Excluded		32	69.57					4	8.70		10	21.74					46	
		TOTAL					213	26.07					106	12.97		498	60.95					817	
	FIFTH						53	50.00						Excluded		53	50.00					106	
		TOTAL					266	32.56								551	67.44					817	
																Elected							
																							
Gerang Gerung                                                  																							
	FIRST			2	2.25		7	7.87		3	3.37		17	19.10		57	64.04		3	3.37		89	
	SECOND			1	33.33		0	0.00			Excluded		0	0.00		1	33.33		1	33.33		3	
		TOTAL		3	3.37		7	7.87					17	19.10		58	65.17		4	4.49		89	
	THIRD			1	25.00		1	25.00					0	0.00		2	50.00			Excluded		4	
		TOTAL		4	4.49		8	8.99					17	19.10		60	67.42					89	
	FOURTH				Excluded		1	25.00					1	25.00		2	50.00					4	
		TOTAL					9	10.11					18	20.22		62	69.66					89	
	FIFTH						3	16.67						Excluded		15	83.33					18	
		TOTAL					12	13.48								77	86.52					89	
																Elected							
																							
Goroke                                                         																							
	FIRST			8	2.38		58	17.26		6	1.79		42	12.50		211	62.80		11	3.27		336	
	SECOND			0	0.00		2	33.33			Excluded		1	16.67		2	33.33		1	16.67		6	
		TOTAL		8	2.38		60	17.86					43	12.80		213	63.39		12	3.57		336	
	THIRD			1	8.33		1	8.33					4	33.33		6	50.00			Excluded		12	
		TOTAL		9	2.68		61	18.15					47	13.99		219	65.18					336	
	FOURTH				Excluded		6	66.67					2	22.22		1	11.11					9	
		TOTAL					67	19.94					49	14.58		220	65.48					336	
	FIFTH						25	51.02						Excluded		24	48.98					49	
		TOTAL					92	27.38								244	72.62					336	
																Elected							
																							
Harrow                                                         																							
	FIRST			8	3.35		34	14.23		13	5.44		18	7.53		160	66.95		6	2.51		239	
	SECOND			5	38.46		4	30.77			Excluded		1	7.69		2	15.38		1	7.69		13	
		TOTAL		13	5.44		38	15.90					19	7.95		162	67.78		7	2.93		239	
	THIRD			1	14.29		0	0.00					2	28.57		4	57.14			Excluded		7	
		TOTAL		14	5.86		38	15.90					21	8.79		166	69.46					239	
	FOURTH				Excluded		7	50.00					1	7.14		6	42.86					14	
		TOTAL					45	18.83					22	9.21		172	71.97					239	
	FIFTH						11	50.00						Excluded		11	50.00					22	
		TOTAL					56	23.43								183	76.57					239	
																Elected							
																							
Haven                                                          																							
	FIRST			24	3.60		89	13.34		17	2.55		97	14.54		419	62.82		21	3.15		667	
	SECOND			6	35.29		5	29.41			Excluded		2	11.76		4	23.53		0	0.00		17	
		TOTAL		30	4.50		94	14.09					99	14.84		423	63.42		21	3.15		667	
	THIRD			2	9.52		3	14.29					3	14.29		13	61.90			Excluded		21	
		TOTAL		32	4.80		97	14.54					102	15.29		436	65.37					667	
	FOURTH				Excluded		15	46.88					3	9.38		14	43.75					32	
		TOTAL					112	16.79					105	15.74		450	67.47					667	
	FIFTH						47	44.76						Excluded		58	55.24					105	
		TOTAL					159	23.84								508	76.16					667	
																Elected							
																							
Hopetoun                                                       																							
	FIRST			13	2.32		71	12.68		6	1.07		28	5.00		405	72.32		37	6.61		560	
	SECOND			2	33.33		3	50.00			Excluded		0	0.00		1	16.67		0	0.00		6	
		TOTAL		15	2.68		74	13.21					28	5.00		406	72.50		37	6.61		560	
	THIRD			3	8.11		6	16.22					9	24.32		19	51.35			Excluded		37	
		TOTAL		18	3.21		80	14.29					37	6.61		425	75.89					560	
	FOURTH				Excluded		13	72.22					0	0.00		5	27.78					18	
		TOTAL					93	16.61					37	6.61		430	76.79					560	
	FIFTH						12	32.43						Excluded		25	67.57					37	
		TOTAL					105	18.75								455	81.25					560	
																Elected							
																							
Horsham                                                        																							
	FIRST			237	6.39		759	20.46		102	2.75		290	7.82		2237	60.31		84	2.26		3709	
	SECOND			36	35.29		32	31.37			Excluded		9	8.82		14	13.73		11	10.78		102	
		TOTAL		273	7.36		791	21.33					299	8.06		2251	60.69		95	2.56		3709	
	THIRD			28	29.47		13	13.68					17	17.89		37	38.95			Excluded		95	
		TOTAL		301	8.12		804	21.68					316	8.52		2288	61.69					3709	
	FOURTH				Excluded		138	45.85					29	9.63		134	44.52					301	
		TOTAL					942	25.40					345	9.30		2422	65.30					3709	
	FIFTH						167	48.41						Excluded		178	51.59					345	
		TOTAL					1109	29.90								2600	70.10					3709	
																Elected							
																							
Horsham North                                                  																							
	FIRST			79	5.18		434	28.46		40	2.62		156	10.23		757	49.64		59	3.87		1525	
	SECOND			11	27.50		11	27.50			Excluded		3	7.50		7	17.50		8	20.00		40	
		TOTAL		90	5.90		445	29.18					159	10.43		764	50.10		67	4.39		1525	
	THIRD			11	16.42		12	17.91					19	28.36		25	37.31			Excluded		67	
		TOTAL		101	6.62		457	29.97					178	11.67		789	51.74					1525	
	FOURTH				Excluded		54	53.47					14	13.86		33	32.67					101	
		TOTAL					511	33.51					192	12.59		822	53.90					1525	
	FIFTH						103	53.65						Excluded		89	46.35					192	
		TOTAL					614	40.26								911	59.74					1525	
																Elected							
																							
Horsham West                                                   																							
	FIRST			70	4.34		338	20.95		32	1.98		102	6.32		1024	63.48		47	2.91		1613	
	SECOND			10	31.25		8	25.00			Excluded		3	9.38		4	12.50		7	21.88		32	
		TOTAL		80	4.96		346	21.45					105	6.51		1028	63.73		54	3.35		1613	
	THIRD			19	35.19		5	9.26					15	27.78		15	27.78			Excluded		54	
		TOTAL		99	6.14		351	21.76					120	7.44		1043	64.66					1613	
	FOURTH				Excluded		54	54.55					10	10.10		35	35.35					99	
		TOTAL					405	25.11					130	8.06		1078	66.83					1613	
	FIFTH						66	50.77						Excluded		64	49.23					130	
		TOTAL					471	29.20								1142	70.80					1613	
																Elected							
																							
Irymple                                                        																							
	FIRST			83	3.76		398	18.01		53	2.40		218	9.86		1282	58.01		176	7.96		2210	
	SECOND			14	26.42		14	26.42			Excluded		2	3.77		15	28.30		8	15.09		53	
		TOTAL		97	4.39		412	18.64					220	9.95		1297	58.69		184	8.33		2210	
	THIRD			34	18.48		25	13.59					61	33.15		64	34.78			Excluded		184	
		TOTAL		131	5.93		437	19.77					281	12.71		1361	61.58					2210	
	FOURTH				Excluded		81	61.83					12	9.16		38	29.01					131	
		TOTAL					518	23.44					293	13.26		1399	63.30					2210	
	FIFTH						137	46.76						Excluded		156	53.24					293	
		TOTAL					655	29.64								1555	70.36					2210	
																Elected							
																							
Jeparit                                                        																							
	FIRST			11	3.35		66	20.12		9	2.74		19	5.79		214	65.24		9	2.74		328	
	SECOND			3	33.33		2	22.22			Excluded		1	11.11		2	22.22		1	11.11		9	
		TOTAL		14	4.27		68	20.73					20	6.10		216	65.85		10	3.05		328	
	THIRD			2	20.00		2	20.00					2	20.00		4	40.00			Excluded		10	
		TOTAL		16	4.88		70	21.34					22	6.71		220	67.07					328	
	FOURTH				Excluded		8	50.00					3	18.75		5	31.25					16	
		TOTAL					78	23.78					25	7.62		225	68.60					328	
	FIFTH						6	24.00						Excluded		19	76.00					25	
		TOTAL					84	25.61								244	74.39					328	
																Elected							
																							
Jung                                                           																							
	FIRST			3	3.80		18	22.78		2	2.53		13	16.46		41	51.90		2	2.53		79	
	SECOND			1	50.00		0	0.00			Excluded		1	50.00		0	0.00		0	0.00		2	
		TOTAL		4	5.06		18	22.78					14	17.72		41	51.90		2	2.53		79	
	THIRD			1	50.00		0	0.00					1	50.00		0	0.00			Excluded		2	
		TOTAL		5	6.33		18	22.78					15	18.99		41	51.90					79	
	FOURTH				Excluded		3	60.00					0	0.00		2	40.00					5	
		TOTAL					21	26.58					15	18.99		43	54.43					79	
	FIFTH						4	26.67						Excluded		11	73.33					15	
		TOTAL					25	31.65								54	68.35					79	
																Elected							
																							
Kaniva                                                         																							
	FIRST			28	3.64		90	11.70		13	1.69		93	12.09		506	65.80		39	5.07		769	
	SECOND			1	7.69		5	38.46			Excluded		1	7.69		3	23.08		3	23.08		13	
		TOTAL		29	3.77		95	12.35					94	12.22		509	66.19		42	5.46		769	
	THIRD			7	16.67		5	11.90					20	47.62		10	23.81			Excluded		42	
		TOTAL		36	4.68		100	13.00					114	14.82		519	67.49					769	
	FOURTH				Excluded		19	52.78					4	11.11		13	36.11					36	
		TOTAL					119	15.47					118	15.34		532	69.18					769	
	FIFTH						45	38.14						Excluded		73	61.86					118	
		TOTAL					164	21.33								605	78.67					769	
																Elected							
																							
Koorlong                                                       																							
	FIRST			8	2.15		64	17.20		15	4.03		58	15.59		219	58.87		8	2.15		372	
	SECOND			3	20.00		5	33.33			Excluded		1	6.67		2	13.33		4	26.67		15	
		TOTAL		11	2.96		69	18.55					59	15.86		221	59.41		12	3.23		372	
	THIRD			2	16.67		4	33.33					0	0.00		6	50.00			Excluded		12	
		TOTAL		13	3.49		73	19.62					59	15.86		227	61.02					372	
	FOURTH				Excluded		6	46.15					3	23.08		4	30.77					13	
		TOTAL					79	21.24					62	16.67		231	62.10					372	
	FIFTH						33	53.23						Excluded		29	46.77					62	
		TOTAL					112	30.11								260	69.89					372	
																Elected							
																							
Laharum                                                        																							
	FIRST			11	6.40		37	21.51		18	10.47		22	12.79		80	46.51		4	2.33		172	
	SECOND			11	61.11		6	33.33			Excluded		0	0.00		0	0.00		1	5.56		18	
		TOTAL		22	12.79		43	25.00					22	12.79		80	46.51		5	2.91		172	
	THIRD			0	0.00		1	20.00					1	20.00		3	60.00			Excluded		5	
		TOTAL		22	12.79		44	25.58					23	13.37		83	48.26					172	
	FOURTH				Excluded		21	95.45					0	0.00		1	4.55					22	
		TOTAL					65	37.79					23	13.37		84	48.84					172	
	FIFTH						12	52.17						Excluded		11	47.83					23	
		TOTAL					77	44.77								95	55.23					172	
																Elected							
																							
Lake Boga                                                      																							
	FIRST			35	4.90		130	18.18		25	3.50		67	9.37		435	60.84		23	3.22		715	
	SECOND			4	16.00		6	24.00			Excluded		5	20.00		8	32.00		2	8.00		25	
		TOTAL		39	5.45		136	19.02					72	10.07		443	61.96		25	3.50		715	
	THIRD			6	24.00		4	16.00					8	32.00		7	28.00			Excluded		25	
		TOTAL		45	6.29		140	19.58					80	11.19		450	62.94					715	
	FOURTH				Excluded		24	53.33					3	6.67		18	40.00					45	
		TOTAL					164	22.94					83	11.61		468	65.45					715	
	FIFTH						47	56.63						Excluded		36	43.37					83	
		TOTAL					211	29.51								504	70.49					715	
																Elected							
																							
Litchfield                                                     																							
	FIRST			1	1.25		6	7.50		0	0.00		8	10.00		59	73.75		6	7.50		80	
	SECOND			0	0.00		0	0.00			Excluded		0	0.00		0	0.00		0	0.00		0	
		TOTAL		1	1.25		6	7.50					8	10.00		59	73.75		6	7.50		80	
	THIRD			0	0.00		2	33.33					3	50.00		1	16.67			Excluded		6	
		TOTAL		1	1.25		8	10.00					11	13.75		60	75.00					80	
	FOURTH				Excluded		0	0.00					0	0.00		1	100.00					1	
		TOTAL					8	10.00					11	13.75		61	76.25					80	
	FIFTH						1	9.09						Excluded		10	90.91					11	
		TOTAL					9	11.25								71	88.75					80	
																Elected							
																							
Manangatang                                                    																							
	FIRST			11	3.50		30	9.55		2	0.64		23	7.32		236	75.16		12	3.82		314	
	SECOND			1	50.00		0	0.00			Excluded		1	50.00		0	0.00		0	0.00		2	
		TOTAL		12	3.82		30	9.55					24	7.64		236	75.16		12	3.82		314	
	THIRD			1	8.33		2	16.67					2	16.67		7	58.33			Excluded		12	
		TOTAL		13	4.14		32	10.19					26	8.28		243	77.39					314	
	FOURTH				Excluded		11	84.62					0	0.00		2	15.38					13	
		TOTAL					43	13.69					26	8.28		245	78.03					314	
	FIFTH						11	42.31						Excluded		15	57.69					26	
		TOTAL					54	17.20								260	82.80					314	
																Elected							
																							
Melbourne (Mallee)                                             																							
	FIRST			5	8.06		11	17.74		6	9.68		2	3.23		36	58.06		2	3.23		62	
	SECOND			3	50.00		1	16.67			Excluded		0	0.00		2	33.33		0	0.00		6	
		TOTAL		8	12.90		12	19.35					2	3.23		38	61.29		2	3.23		62	
	THIRD			1	50.00		0	0.00					0	0.00		1	50.00			Excluded		2	
		TOTAL		9	14.52		12	19.35					2	3.23		39	62.90					62	
	FOURTH				Excluded		6	66.67					1	11.11		2	22.22					9	
		TOTAL					18	29.03					3	4.84		41	66.13					62	
	FIFTH						1	33.33						Excluded		2	66.67					3	
		TOTAL					19	30.65								43	69.35					62	
																Elected							
																							
Merbein                                                        																							
	FIRST			64	3.70		453	26.15		37	2.14		181	10.45		854	49.31		143	8.26		1732	
	SECOND			12	32.43		15	40.54			Excluded		2	5.41		5	13.51		3	8.11		37	
		TOTAL		76	4.39		468	27.02					183	10.57		859	49.60		146	8.43		1732	
	THIRD			16	10.96		19	13.01					64	43.84		47	32.19			Excluded		146	
		TOTAL		92	5.31		487	28.12					247	14.26		906	52.31					1732	
	FOURTH				Excluded		49	53.26					12	13.04		31	33.70					92	
		TOTAL					536	30.95					259	14.95		937	54.10					1732	
	FIFTH						114	44.02						Excluded		145	55.98					259	
		TOTAL					650	37.53								1082	62.47					1732	
																Elected							
																							
Merbein South                                                  																							
	FIRST			10	4.08		28	11.43		6	2.45		43	17.55		129	52.65		29	11.84		245	
	SECOND			2	33.33		0	0.00			Excluded		3	50.00		1	16.67		0	0.00		6	
		TOTAL		12	4.90		28	11.43					46	18.78		130	53.06		29	11.84		245	
	THIRD			3	10.34		2	6.90					13	44.83		11	37.93			Excluded		29	
		TOTAL		15	6.12		30	12.24					59	24.08		141	57.55					245	
	FOURTH				Excluded		9	60.00					6	40.00		0	0.00					15	
		TOTAL					39	15.92					65	26.53		141	57.55					245	
	FIFTH						26	40.00						Excluded		39	60.00					65	
		TOTAL					65	26.53								180	73.47					245	
																Elected							
																							
Merbein West                                                   																							
	FIRST			9	2.75		53	16.21		5	1.53		35	10.70		191	58.41		34	10.40		327	
	SECOND			2	40.00		1	20.00			Excluded		1	20.00		1	20.00		0	0.00		5	
		TOTAL		11	3.36		54	16.51					36	11.01		192	58.72		34	10.40		327	
	THIRD			4	11.76		4	11.76					15	44.12		11	32.35			Excluded		34	
		TOTAL		15	4.59		58	17.74					51	15.60		203	62.08					327	
	FOURTH				Excluded		8	53.33					1	6.67		6	40.00					15	
		TOTAL					66	20.18					52	15.90		209	63.91					327	
	FIFTH						25	48.08						Excluded		27	51.92					52	
		TOTAL					91	27.83								236	72.17					327	
																Elected							
																							
Meringur                                                       																							
	FIRST			2	3.70		5	9.26		1	1.85		6	11.11		39	72.22		1	1.85		54	
	SECOND			1	100.00		0	0.00			Excluded		0	0.00		0	0.00		0	0.00		1	
		TOTAL		3	5.56		5	9.26					6	11.11		39	72.22		1	1.85		54	
	THIRD			0	0.00		1	100.00					0	0.00		0	0.00			Excluded		1	
		TOTAL		3	5.56		6	11.11					6	11.11		39	72.22					54	
	FOURTH				Excluded		1	33.33					1	33.33		1	33.33					3	
		TOTAL					7	12.96					7	12.96		40	74.07					54	
	FIFTH						2	28.57						Excluded		5	71.43					7	
		TOTAL					9	16.67								45	83.33					54	
																Elected							
																							
Mildura                                                        																							
	FIRST			235	5.22		1325	29.44		114	2.53		441	9.80		2070	46.00		315	7.00		4500	
	SECOND			40	35.09		33	28.95			Excluded		13	11.40		16	14.04		12	10.53		114	
		TOTAL		275	6.11		1358	30.18					454	10.09		2086	46.36		327	7.27		4500	
	THIRD			43	13.15		57	17.43					109	33.33		118	36.09			Excluded		327	
		TOTAL		318	7.07		1415	31.44					563	12.51		2204	48.98					4500	
	FOURTH				Excluded		161	50.63					44	13.84		113	35.53					318	
		TOTAL					1576	35.02					607	13.49		2317	51.49					4500	
	FIFTH						276	45.47						Excluded		331	54.53					607	
		TOTAL					1852	41.16								2648	58.84					4500	
																Elected							
																							
Mildura City Central                                           																							
	FIRST			65	5.50		284	24.03		38	3.21		117	9.90		592	50.08		86	7.28		1182	
	SECOND			12	31.58		12	31.58			Excluded		2	5.26		6	15.79		6	15.79		38	
		TOTAL		77	6.51		296	25.04					119	10.07		598	50.59		92	7.78		1182	
	THIRD			10	10.87		23	25.00					28	30.43		31	33.70			Excluded		92	
		TOTAL		87	7.36		319	26.99					147	12.44		629	53.21					1182	
	FOURTH				Excluded		43	49.43					15	17.24		29	33.33					87	
		TOTAL					362	30.63					162	13.71		658	55.67					1182	
	FIFTH						81	50.00						Excluded		81	50.00					162	
		TOTAL					443	37.48								739	62.52					1182	
																Elected							
																							
Mildura Deakin                                                 																							
	FIRST			185	6.11		756	24.98		81	2.68		254	8.39		1555	51.39		195	6.44		3026	
	SECOND			32	39.51		20	24.69			Excluded		11	13.58		10	12.35		8	9.88		81	
		TOTAL		217	7.17		776	25.64					265	8.76		1565	51.72		203	6.71		3026	
	THIRD			29	14.29		30	14.78					68	33.50		76	37.44			Excluded		203	
		TOTAL		246	8.13		806	26.64					333	11.00		1641	54.23					3026	
	FOURTH				Excluded		139	56.50					20	8.13		87	35.37					246	
		TOTAL					945	31.23					353	11.67		1728	57.11					3026	
	FIFTH						167	47.31						Excluded		186	52.69					353	
		TOTAL					1112	36.75								1914	63.25					3026	
																Elected							
																							
Mildura South                                                  																							
	FIRST			97	4.41		446	20.25		50	2.27		195	8.86		1306	59.31		108	4.90		2202	
	SECOND			13	26.00		13	26.00			Excluded		4	8.00		11	22.00		9	18.00		50	
		TOTAL		110	5.00		459	20.84					199	9.04		1317	59.81		117	5.31		2202	
	THIRD			21	17.95		17	14.53					32	27.35		47	40.17			Excluded		117	
		TOTAL		131	5.95		476	21.62					231	10.49		1364	61.94					2202	
	FOURTH				Excluded		69	52.67					12	9.16		50	38.17					131	
		TOTAL					545	24.75					243	11.04		1414	64.21					2202	
	FIFTH						114	46.91						Excluded		129	53.09					243	
		TOTAL					659	29.93								1543	70.07					2202	
																Elected							
																							
Mildura West                                                   																							
	FIRST			163	5.42		684	22.74		68	2.26		257	8.54		1666	55.39		170	5.65		3008	
	SECOND			24	35.29		17	25.00			Excluded		5	7.35		12	17.65		10	14.71		68	
		TOTAL		187	6.22		701	23.30					262	8.71		1678	55.78		180	5.98		3008	
	THIRD			14	7.78		32	17.78					63	35.00		71	39.44			Excluded		180	
		TOTAL		201	6.68		733	24.37					325	10.80		1749	58.14					3008	
	FOURTH				Excluded		108	53.73					14	6.97		79	39.30					201	
		TOTAL					841	27.96					339	11.27		1828	60.77					3008	
	FIFTH						148	43.66						Excluded		191	56.34					339	
		TOTAL					989	32.88								2019	67.12					3008	
																Elected							
																							
Minimay                                                        																							
	FIRST			0	0.00		13	13.00		3	3.00		13	13.00		70	70.00		1	1.00		100	
	SECOND			0	0.00		2	66.67			Excluded		0	0.00		1	33.33		0	0.00		3	
		TOTAL		0	0.00		15	15.00					13	13.00		71	71.00		1	1.00		100	
	THIRD			0	0.00		0	0.00					1	100.00		0	0.00			Excluded		1	
		TOTAL		0	0.00		15	15.00					14	14.00		71	71.00					100	
	FOURTH				Excluded		0	0.00					0	0.00		0	0.00					0	
		TOTAL					15	15.00					14	14.00		71	71.00					100	
	FIFTH						1	7.14						Excluded		13	92.86					14	
		TOTAL					16	16.00								84	84.00					100	
																Elected							
																							
Minyip                                                         																							
	FIRST			12	2.64		92	20.26		7	1.54		49	10.79		277	61.01		17	3.74		454	
	SECOND			5	71.43		0	0.00			Excluded		0	0.00		1	14.29		1	14.29		7	
		TOTAL		17	3.74		92	20.26					49	10.79		278	61.23		18	3.96		454	
	THIRD			2	11.11		2	11.11					4	22.22		10	55.56			Excluded		18	
		TOTAL		19	4.19		94	20.70					53	11.67		288	63.44					454	
	FOURTH				Excluded		13	68.42					2	10.53		4	21.05					19	
		TOTAL					107	23.57					55	12.11		292	64.32					454	
	FIFTH						24	43.64						Excluded		31	56.36					55	
		TOTAL					131	28.85								323	71.15					454	
																Elected							
																							
Murra Warra                                                    																							
	FIRST			0	0.00		3	2.88		1	0.96		9	8.65		87	83.65		4	3.85		104	
	SECOND			0	0.00		0	0.00			Excluded		1	100.00		0	0.00		0	0.00		1	
		TOTAL		0	0.00		3	2.88					10	9.62		87	83.65		4	3.85		104	
	THIRD			1	25.00		0	0.00					0	0.00		3	75.00			Excluded		4	
		TOTAL		1	0.96		3	2.88					10	9.62		90	86.54					104	
	FOURTH				Excluded		1	100.00					0	0.00		0	0.00					1	
		TOTAL					4	3.85					10	9.62		90	86.54					104	
	FIFTH						2	20.00						Excluded		8	80.00					10	
		TOTAL					6	5.77								98	94.23					104	
																Elected							
																							
Murrayville                                                    																							
	FIRST			11	3.19		25	7.25		9	2.61		24	6.96		252	73.04		24	6.96		345	
	SECOND			2	22.22		2	22.22			Excluded		1	11.11		2	22.22		2	22.22		9	
		TOTAL		13	3.77		27	7.83					25	7.25		254	73.62		26	7.54		345	
	THIRD			3	11.54		1	3.85					12	46.15		10	38.46			Excluded		26	
		TOTAL		16	4.64		28	8.12					37	10.72		264	76.52					345	
	FOURTH				Excluded		8	50.00					2	12.50		6	37.50					16	
		TOTAL					36	10.43					39	11.30		270	78.26					345	
	FIFTH						13	33.33						Excluded		26	66.67					39	
		TOTAL					49	14.20								296	85.80					345	
																Elected							
																							
Murtoa                                                         																							
	FIRST			21	3.17		225	33.99		16	2.42		49	7.40		337	50.91		14	2.11		662	
	SECOND			6	37.50		5	31.25			Excluded		2	12.50		1	6.25		2	12.50		16	
		TOTAL		27	4.08		230	34.74					51	7.70		338	51.06		16	2.42		662	
	THIRD			1	6.25		3	18.75					5	31.25		7	43.75			Excluded		16	
		TOTAL		28	4.23		233	35.20					56	8.46		345	52.11					662	
	FOURTH				Excluded		15	53.57					0	0.00		13	46.43					28	
		TOTAL					248	37.46					56	8.46		358	54.08					662	
	FIFTH						29	51.79						Excluded		27	48.21					56	
		TOTAL					277	41.84								385	58.16					662	
																Elected							
																							
Nandaly                                                        																							
	FIRST			1	1.15		15	17.24		1	1.15		3	3.45		64	73.56		3	3.45		87	
	SECOND			0	0.00		0	0.00			Excluded		0	0.00		0	0.00		1	100.00		1	
		TOTAL		1	1.15		15	17.24					3	3.45		64	73.56		4	4.60		87	
	THIRD			2	50.00		2	50.00					0	0.00		0	0.00			Excluded		4	
		TOTAL		3	3.45		17	19.54					3	3.45		64	73.56					87	
	FOURTH				Excluded		2	66.67					1	33.33		0	0.00					3	
		TOTAL					19	21.84					4	4.60		64	73.56					87	
	FIFTH						2	50.00						Excluded		2	50.00					4	
		TOTAL					21	24.14								66	75.86					87	
																Elected							
																							
Nangiloc                                                       																							
	FIRST			9	2.96		66	21.71		5	1.64		37	12.17		166	54.61		21	6.91		304	
	SECOND			3	60.00		1	20.00			Excluded		0	0.00		1	20.00		0	0.00		5	
		TOTAL		12	3.95		67	22.04					37	12.17		167	54.93		21	6.91		304	
	THIRD			2	9.52		2	9.52					7	33.33		10	47.62			Excluded		21	
		TOTAL		14	4.61		69	22.70					44	14.47		177	58.22					304	
	FOURTH				Excluded		8	57.14					3	21.43		3	21.43					14	
		TOTAL					77	25.33					47	15.46		180	59.21					304	
	FIFTH						26	55.32						Excluded		21	44.68					47	
		TOTAL					103	33.88								201	66.12					304	
																Elected							
																							
Natimuk                                                        																							
	FIRST			17	3.53		61	12.68		47	9.77		105	21.83		238	49.48		13	2.70		481	
	SECOND			28	59.57		10	21.28			Excluded		4	8.51		1	2.13		4	8.51		47	
		TOTAL		45	9.36		71	14.76					109	22.66		239	49.69		17	3.53		481	
	THIRD			3	17.65		3	17.65					5	29.41		6	35.29			Excluded		17	
		TOTAL		48	9.98		74	15.38					114	23.70		245	50.94					481	
	FOURTH				Excluded		36	75.00					4	8.33		8	16.67					48	
		TOTAL					110	22.87					118	24.53		253	52.60					481	
	FIFTH						55	46.61						Excluded		63	53.39					118	
		TOTAL					165	34.30								316	65.70					481	
																Elected							
																							
Netherby                                                       																							
	FIRST			2	1.98		8	7.92		2	1.98		20	19.80		65	64.36		4	3.96		101	
	SECOND			0	0.00		0	0.00			Excluded		0	0.00		0	0.00		2	100.00		2	
		TOTAL		2	1.98		8	7.92					20	19.80		65	64.36		6	5.94		101	
	THIRD			0	0.00		0	0.00					3	50.00		3	50.00			Excluded		6	
		TOTAL		2	1.98		8	7.92					23	22.77		68	67.33					101	
	FOURTH				Excluded		0	0.00					0	0.00		2	100.00					2	
		TOTAL					8	7.92					23	22.77		70	69.31					101	
	FIFTH						7	30.43						Excluded		16	69.57					23	
		TOTAL					15	14.85								86	85.15					101	
																Elected							
																							
Nhill                                                          																							
	FIRST			55	3.73		207	14.02		45	3.05		163	11.04		932	63.14		74	5.01		1476	
	SECOND			14	31.11		10	22.22			Excluded		4	8.89		10	22.22		7	15.56		45	
		TOTAL		69	4.67		217	14.70					167	11.31		942	63.82		81	5.49		1476	
	THIRD			12	14.81		10	12.35					22	27.16		37	45.68			Excluded		81	
		TOTAL		81	5.49		227	15.38					189	12.80		979	66.33					1476	
	FOURTH				Excluded		44	54.32					11	13.58		26	32.10					81	
		TOTAL					271	18.36					200	13.55		1005	68.09					1476	
	FIFTH						94	47.00						Excluded		106	53.00					200	
		TOTAL					365	24.73								1111	75.27					1476	
																Elected							
																							
Nichols Point                                                  																							
	FIRST			35	4.37		123	15.36		18	2.25		75	9.36		482	60.17		68	8.49		801	
	SECOND			4	22.22		8	44.44			Excluded		1	5.56		3	16.67		2	11.11		18	
		TOTAL		39	4.87		131	16.35					76	9.49		485	60.55		70	8.74		801	
	THIRD			3	4.29		11	15.71					29	41.43		27	38.57			Excluded		70	
		TOTAL		42	5.24		142	17.73					105	13.11		512	63.92					801	
	FOURTH				Excluded		19	45.24					4	9.52		19	45.24					42	
		TOTAL					161	20.10					109	13.61		531	66.29					801	
	FIFTH						49	44.95						Excluded		60	55.05					109	
		TOTAL					210	26.22								591	73.78					801	
																Elected							
																							
Noradjuha                                                      																							
	FIRST			1	0.92		15	13.76		1	0.92		23	21.10		67	61.47		2	1.83		109	
	SECOND			0	0.00		0	0.00			Excluded		0	0.00		1	100.00		0	0.00		1	
		TOTAL		1	0.92		15	13.76					23	21.10		68	62.39		2	1.83		109	
	THIRD			2	100.00		0	0.00					0	0.00		0	0.00			Excluded		2	
		TOTAL		3	2.75		15	13.76					23	21.10		68	62.39					109	
	FOURTH				Excluded		0	0.00					2	66.67		1	33.33					3	
		TOTAL					15	13.76					25	22.94		69	63.30					109	
	FIFTH						15	60.00						Excluded		10	40.00					25	
		TOTAL					30	27.52								79	72.48					109	
																Elected							
																							
Nullawil                                                       																							
	FIRST			1	0.91		16	14.55		2	1.82		4	3.64		81	73.64		6	5.45		110	
	SECOND			1	50.00		1	50.00			Excluded		0	0.00		0	0.00		0	0.00		2	
		TOTAL		2	1.82		17	15.45					4	3.64		81	73.64		6	5.45		110	
	THIRD			2	33.33		0	0.00					2	33.33		2	33.33			Excluded		6	
		TOTAL		4	3.64		17	15.45					6	5.45		83	75.45					110	
	FOURTH				Excluded		3	75.00					0	0.00		1	25.00					4	
		TOTAL					20	18.18					6	5.45		84	76.36					110	
	FIFTH						1	16.67						Excluded		5	83.33					6	
		TOTAL					21	19.09								89	80.91					110	
																Elected							
																							
Nyah                                                           																							
	FIRST			17	3.82		78	17.53		4	0.90		65	14.61		271	60.90		10	2.25		445	
	SECOND			1	25.00		0	0.00			Excluded		1	25.00		1	25.00		1	25.00		4	
		TOTAL		18	4.04		78	17.53					66	14.83		272	61.12		11	2.47		445	
	THIRD			3	27.27		2	18.18					3	27.27		3	27.27			Excluded		11	
		TOTAL		21	4.72		80	17.98					69	15.51		275	61.80					445	
	FOURTH				Excluded		14	66.67					2	9.52		5	23.81					21	
		TOTAL					94	21.12					71	15.96		280	62.92					445	
	FIFTH						39	54.93						Excluded		32	45.07					71	
		TOTAL					133	29.89								312	70.11					445	
																Elected							
																							
Nyah West                                                      																							
	FIRST			20	4.32		105	22.68		10	2.16		47	10.15		265	57.24		16	3.46		463	
	SECOND			3	30.00		3	30.00			Excluded		1	10.00		2	20.00		1	10.00		10	
		TOTAL		23	4.97		108	23.33					48	10.37		267	57.67		17	3.67		463	
	THIRD			2	11.76		3	17.65					6	35.29		6	35.29			Excluded		17	
		TOTAL		25	5.40		111	23.97					54	11.66		273	58.96					463	
	FOURTH				Excluded		13	52.00					3	12.00		9	36.00					25	
		TOTAL					124	26.78					57	12.31		282	60.91					463	
	FIFTH						28	49.12						Excluded		29	50.88					57	
		TOTAL					152	32.83								311	67.17					463	
																Elected							
																							
Ouyen                                                          																							
	FIRST			24	2.83		128	15.08		8	0.94		58	6.83		562	66.20		69	8.13		849	
	SECOND			2	25.00		2	25.00			Excluded		0	0.00		3	37.50		1	12.50		8	
		TOTAL		26	3.06		130	15.31					58	6.83		565	66.55		70	8.24		849	
	THIRD			10	14.29		9	12.86					28	40.00		23	32.86			Excluded		70	
		TOTAL		36	4.24		139	16.37					86	10.13		588	69.26					849	
	FOURTH				Excluded		13	36.11					6	16.67		17	47.22					36	
		TOTAL					152	17.90					92	10.84		605	71.26					849	
	FIFTH						38	41.30						Excluded		54	58.70					92	
		TOTAL					190	22.38								659	77.62					849	
																Elected							
																							
Patchewollock                                                  																							
	FIRST			4	3.17		13	10.32		4	3.17		9	7.14		84	66.67		12	9.52		126	
	SECOND			3	75.00		0	0.00			Excluded		0	0.00		0	0.00		1	25.00		4	
		TOTAL		7	5.56		13	10.32					9	7.14		84	66.67		13	10.32		126	
	THIRD			1	7.69		4	30.77					4	30.77		4	30.77			Excluded		13	
		TOTAL		8	6.35		17	13.49					13	10.32		88	69.84					126	
	FOURTH				Excluded		4	50.00					1	12.50		3	37.50					8	
		TOTAL					21	16.67					14	11.11		91	72.22					126	
	FIFTH						4	28.57						Excluded		10	71.43					14	
		TOTAL					25	19.84								101	80.16					126	
																Elected							
																							
Piangil                                                        																							
	FIRST			9	3.16		40	14.04		2	0.70		26	9.12		192	67.37		16	5.61		285	
	SECOND			2	100.00		0	0.00			Excluded		0	0.00		0	0.00		0	0.00		2	
		TOTAL		11	3.86		40	14.04					26	9.12		192	67.37		16	5.61		285	
	THIRD			2	12.50		1	6.25					6	37.50		7	43.75			Excluded		16	
		TOTAL		13	4.56		41	14.39					32	11.23		199	69.82					285	
	FOURTH				Excluded		5	38.46					2	15.38		6	46.15					13	
		TOTAL					46	16.14					34	11.93		205	71.93					285	
	FIFTH						13	38.24						Excluded		21	61.76					34	
		TOTAL					59	20.70								226	79.30					285	
																Elected							
																							
Pimpinio                                                       																							
	FIRST			4	3.08		12	9.23		0	0.00		15	11.54		97	74.62		2	1.54		130	
	SECOND			0	0.00		0	0.00			Excluded		0	0.00		0	0.00		0	0.00		0	
		TOTAL		4	3.08		12	9.23					15	11.54		97	74.62		2	1.54		130	
	THIRD			0	0.00		0	0.00					1	50.00		1	50.00			Excluded		2	
		TOTAL		4	3.08		12	9.23					16	12.31		98	75.38					130	
	FOURTH				Excluded		1	25.00					1	25.00		2	50.00					4	
		TOTAL					13	10.00					17	13.08		100	76.92					130	
	FIFTH						8	47.06						Excluded		9	52.94					17	
		TOTAL					21	16.15								109	83.85					130	
																Elected							
																							
Quantong                                                       																							
	FIRST			7	3.45		29	14.29		8	3.94		33	16.26		118	58.13		8	3.94		203	
	SECOND			3	37.50		4	50.00			Excluded		0	0.00		1	12.50		0	0.00		8	
		TOTAL		10	4.93		33	16.26					33	16.26		119	58.62		8	3.94		203	
	THIRD			2	25.00		1	12.50					2	25.00		3	37.50			Excluded		8	
		TOTAL		12	5.91		34	16.75					35	17.24		122	60.10					203	
	FOURTH				Excluded		4	33.33					3	25.00		5	41.67					12	
		TOTAL					38	18.72					38	18.72		127	62.56					203	
	FIFTH						23	60.53						Excluded		15	39.47					38	
		TOTAL					61	30.05								142	69.95					203	
																Elected							
																							
Rainbow                                                        																							
	FIRST			8	1.58		84	16.63		7	1.39		25	4.95		369	73.07		12	2.38		505	
	SECOND			1	14.29		1	14.29			Excluded		0	0.00		2	28.57		3	42.86		7	
		TOTAL		9	1.78		85	16.83					25	4.95		371	73.47		15	2.97		505	
	THIRD			2	13.33		1	6.67					7	46.67		5	33.33			Excluded		15	
		TOTAL		11	2.18		86	17.03					32	6.34		376	74.46					505	
	FOURTH				Excluded		4	36.36					1	9.09		6	54.55					11	
		TOTAL					90	17.82					33	6.53		382	75.64					505	
	FIFTH						14	42.42						Excluded		19	57.58					33	
		TOTAL					104	20.59								401	79.41					505	
																Elected							
																							
Red Cliffs                                                     																							
	FIRST			99	4.01		675	27.34		50	2.03		263	10.65		1217	49.29		165	6.68		2469	
	SECOND			14	28.00		11	22.00			Excluded		10	20.00		7	14.00		8	16.00		50	
		TOTAL		113	4.58		686	27.78					273	11.06		1224	49.57		173	7.01		2469	
	THIRD			19	10.98		25	14.45					69	39.88		60	34.68			Excluded		173	
		TOTAL		132	5.35		711	28.80					342	13.85		1284	52.00					2469	
	FOURTH				Excluded		80	60.61					20	15.15		32	24.24					132	
		TOTAL					791	32.04					362	14.66		1316	53.30					2469	
	FIFTH						170	46.96						Excluded		192	53.04					362	
		TOTAL					961	38.92								1508	61.08					2469	
																Elected							
																							
Riverside                                                      																							
	FIRST			7	3.37		31	14.90		3	1.44		23	11.06		138	66.35		6	2.88		208	
	SECOND			3	100.00		0	0.00			Excluded		0	0.00		0	0.00		0	0.00		3	
		TOTAL		10	4.81		31	14.90					23	11.06		138	66.35		6	2.88		208	
	THIRD			1	16.67		1	16.67					0	0.00		4	66.67			Excluded		6	
		TOTAL		11	5.29		32	15.38					23	11.06		142	68.27					208	
	FOURTH				Excluded		4	36.36					1	9.09		6	54.55					11	
		TOTAL					36	17.31					24	11.54		148	71.15					208	
	FIFTH						12	50.00						Excluded		12	50.00					24	
		TOTAL					48	23.08								160	76.92					208	
																Elected							
																							
Robinvale                                                      																							
	FIRST			54	3.48		346	22.28		24	1.55		177	11.40		856	55.12		96	6.18		1553	
	SECOND			11	45.83		6	25.00			Excluded		3	12.50		2	8.33		2	8.33		24	
		TOTAL		65	4.19		352	22.67					180	11.59		858	55.25		98	6.31		1553	
	THIRD			8	8.16		10	10.20					45	45.92		35	35.71			Excluded		98	
		TOTAL		73	4.70		362	23.31					225	14.49		893	57.50					1553	
	FOURTH				Excluded		35	47.95					7	9.59		31	42.47					73	
		TOTAL					397	25.56					232	14.94		924	59.50					1553	
	FIFTH						105	45.26						Excluded		127	54.74					232	
		TOTAL					502	32.32								1051	67.68					1553	
																Elected							
																							
Rupanyup                                                       																							
	FIRST			10	2.64		67	17.68		4	1.06		21	5.54		269	70.98		8	2.11		379	
	SECOND			1	25.00		0	0.00			Excluded		1	25.00		1	25.00		1	25.00		4	
		TOTAL		11	2.90		67	17.68					22	5.80		270	71.24		9	2.37		379	
	THIRD			4	44.44		1	11.11					2	22.22		2	22.22			Excluded		9	
		TOTAL		15	3.96		68	17.94					24	6.33		272	71.77					379	
	FOURTH				Excluded		4	26.67					2	13.33		9	60.00					15	
		TOTAL					72	19.00					26	6.86		281	74.14					379	
	FIFTH						8	30.77						Excluded		18	69.23					26	
		TOTAL					80	21.11								299	78.89					379	
																Elected							
																							
Sea Lake                                                       																							
	FIRST			12	2.58		100	21.46		15	3.22		30	6.44		281	60.30		28	6.01		466	
	SECOND			4	26.67		2	13.33			Excluded		0	0.00		3	20.00		6	40.00		15	
		TOTAL		16	3.43		102	21.89					30	6.44		284	60.94		34	7.30		466	
	THIRD			5	14.71		4	11.76					15	44.12		10	29.41			Excluded		34	
		TOTAL		21	4.51		106	22.75					45	9.66		294	63.09					466	
	FOURTH				Excluded		16	76.19					0	0.00		5	23.81					21	
		TOTAL					122	26.18					45	9.66		299	64.16					466	
	FIFTH						12	26.67						Excluded		33	73.33					45	
		TOTAL					134	28.76								332	71.24					466	
																Elected							
																							
Serviceton                                                     																							
	FIRST			2	1.89		9	8.49		0	0.00		10	9.43		83	78.30		2	1.89		106	
	SECOND			0	0.00		0	0.00			Excluded		0	0.00		0	0.00		0	0.00		0	
		TOTAL		2	1.89		9	8.49					10	9.43		83	78.30		2	1.89		106	
	THIRD			0	0.00		1	50.00					1	50.00		0	0.00			Excluded		2	
		TOTAL		2	1.89		10	9.43					11	10.38		83	78.30					106	
	FOURTH				Excluded		0	0.00					0	0.00		2	100.00					2	
		TOTAL					10	9.43					11	10.38		85	80.19					106	
	FIFTH						4	36.36						Excluded		7	63.64					11	
		TOTAL					14	13.21								92	86.79					106	
																Elected							
																							
Speed                                                          																							
	FIRST			3	1.99		12	7.95		0	0.00		11	7.28		114	75.50		11	7.28		151	
	SECOND			0	0.00		0	0.00			Excluded		0	0.00		0	0.00		0	0.00		0	
		TOTAL		3	1.99		12	7.95					11	7.28		114	75.50		11	7.28		151	
	THIRD			1	9.09		0	0.00					1	9.09		9	81.82			Excluded		11	
		TOTAL		4	2.65		12	7.95					12	7.95		123	81.46					151	
	FOURTH				Excluded		3	75.00					0	0.00		1	25.00					4	
		TOTAL					15	9.93					12	7.95		124	82.12					151	
	FIFTH						4	33.33						Excluded		8	66.67					12	
		TOTAL					19	12.58								132	87.42					151	
																Elected							
																							
St Arnaud                                                      																							
	FIRST			66	3.53		504	26.95		35	1.87		148	7.91		1063	56.84		54	2.89		1870	
	SECOND			10	28.57		7	20.00			Excluded		3	8.57		6	17.14		9	25.71		35	
		TOTAL		76	4.06		511	27.33					151	8.07		1069	57.17		63	3.37		1870	
	THIRD			11	17.46		9	14.29					10	15.87		33	52.38			Excluded		63	
		TOTAL		87	4.65		520	27.81					161	8.61		1102	58.93					1870	
	FOURTH				Excluded		55	63.22					7	8.05		25	28.74					87	
		TOTAL					575	30.75					168	8.98		1127	60.27					1870	
	FIFTH						101	60.12						Excluded		67	39.88					168	
		TOTAL					676	36.15								1194	63.85					1870	
																Elected							
																							
Stuart Mill                                                    																							
	FIRST			1	1.04		31	32.29		2	2.08		3	3.13		55	57.29		4	4.17		96	
	SECOND			1	50.00		1	50.00			Excluded		0	0.00		0	0.00		0	0.00		2	
		TOTAL		2	2.08		32	33.33					3	3.13		55	57.29		4	4.17		96	
	THIRD			0	0.00		0	0.00					1	25.00		3	75.00			Excluded		4	
		TOTAL		2	2.08		32	33.33					4	4.17		58	60.42					96	
	FOURTH				Excluded		2	100.00					0	0.00		0	0.00					2	
		TOTAL					34	35.42					4	4.17		58	60.42					96	
	FIFTH						4	100.00						Excluded		0	0.00					4	
		TOTAL					38	39.58								58	60.42					96	
																Elected							
																							
Sunnycliffs                                                    																							
	FIRST			9	4.50		32	16.00		1	0.50		18	9.00		115	57.50		25	12.50		200	
	SECOND			1	100.00		0	0.00			Excluded		0	0.00		0	0.00		0	0.00		1	
		TOTAL		10	5.00		32	16.00					18	9.00		115	57.50		25	12.50		200	
	THIRD			3	12.00		1	4.00					12	48.00		9	36.00			Excluded		25	
		TOTAL		13	6.50		33	16.50					30	15.00		124	62.00					200	
	FOURTH				Excluded		6	46.15					1	7.69		6	46.15					13	
		TOTAL					39	19.50					31	15.50		130	65.00					200	
	FIFTH						12	38.71						Excluded		19	61.29					31	
		TOTAL					51	25.50								149	74.50					200	
																Elected							
																							
Swan Hill                                                      																							
	FIRST			216	7.02		582	18.90		53	1.72		190	6.17		1924	62.49		114	3.70		3079	
	SECOND			15	28.30		12	22.64			Excluded		1	1.89		10	18.87		15	28.30		53	
		TOTAL		231	7.50		594	19.29					191	6.20		1934	62.81		129	4.19		3079	
	THIRD			29	22.48		10	7.75					38	29.46		52	40.31			Excluded		129	
		TOTAL		260	8.44		604	19.62					229	7.44		1986	64.50					3079	
	FOURTH				Excluded		125	48.08					20	7.69		115	44.23					260	
		TOTAL					729	23.68					249	8.09		2101	68.24					3079	
	FIFTH						87	34.94						Excluded		162	65.06					249	
		TOTAL					816	26.50								2263	73.50					3079	
																Elected							
																							
Swan Hill South                                                																							
	FIRST			89	8.03		166	14.97		30	2.71		35	3.16		760	68.53		29	2.61		1109	
	SECOND			13	43.33		8	26.67			Excluded		3	10.00		1	3.33		5	16.67		30	
		TOTAL		102	9.20		174	15.69					38	3.43		761	68.62		34	3.07		1109	
	THIRD			8	23.53		6	17.65					6	17.65		14	41.18			Excluded		34	
		TOTAL		110	9.92		180	16.23					44	3.97		775	69.88					1109	
	FOURTH				Excluded		52	47.27					11	10.00		47	42.73					110	
		TOTAL					232	20.92					55	4.96		822	74.12					1109	
	FIFTH						20	36.36						Excluded		35	63.64					55	
		TOTAL					252	22.72								857	77.28					1109	
																Elected							
																							
Swan Hill West                                                 																							
	FIRST			126	8.32		263	17.37		27	1.78		71	4.69		959	63.34		68	4.49		1514	
	SECOND			11	40.74		7	25.93			Excluded		2	7.41		4	14.81		3	11.11		27	
		TOTAL		137	9.05		270	17.83					73	4.82		963	63.61		71	4.69		1514	
	THIRD			11	15.49		10	14.08					24	33.80		26	36.62			Excluded		71	
		TOTAL		148	9.78		280	18.49					97	6.41		989	65.32					1514	
	FOURTH				Excluded		63	42.57					18	12.16		67	45.27					148	
		TOTAL					343	22.66					115	7.60		1056	69.75					1514	
	FIFTH						36	31.30						Excluded		79	68.70					115	
		TOTAL					379	25.03								1135	74.97					1514	
																Elected							
																							
Toolondo                                                       																							
	FIRST			3	2.17		10	7.25		2	1.45		20	14.49		98	71.01		5	3.62		138	
	SECOND			1	50.00		1	50.00			Excluded		0	0.00		0	0.00		0	0.00		2	
		TOTAL		4	2.90		11	7.97					20	14.49		98	71.01		5	3.62		138	
	THIRD			1	20.00		0	0.00					2	40.00		2	40.00			Excluded		5	
		TOTAL		5	3.62		11	7.97					22	15.94		100	72.46					138	
	FOURTH				Excluded		3	60.00					0	0.00		2	40.00					5	
		TOTAL					14	10.14					22	15.94		102	73.91					138	
	FIFTH						11	50.00						Excluded		11	50.00					22	
		TOTAL					25	18.12								113	81.88					138	
																Elected							
																							
Ultima                                                         																							
	FIRST			2	1.35		21	14.19		1	0.68		9	6.08		110	74.32		5	3.38		148	
	SECOND			0	0.00		1	100.00			Excluded		0	0.00		0	0.00		0	0.00		1	
		TOTAL		2	1.35		22	14.86					9	6.08		110	74.32		5	3.38		148	
	THIRD			0	0.00		0	0.00					1	20.00		4	80.00			Excluded		5	
		TOTAL		2	1.35		22	14.86					10	6.76		114	77.03					148	
	FOURTH				Excluded		1	50.00					0	0.00		1	50.00					2	
		TOTAL					23	15.54					10	6.76		115	77.70					148	
	FIFTH						2	20.00						Excluded		8	80.00					10	
		TOTAL					25	16.89								123	83.11					148	
																Elected							
																							
Underbool                                                      																							
	FIRST			0	0.00		20	8.97		3	1.35		23	10.31		163	73.09		14	6.28		223	
	SECOND			0	0.00		1	33.33			Excluded		0	0.00		1	33.33		1	33.33		3	
		TOTAL		0	0.00		21	9.42					23	10.31		164	73.54		15	6.73		223	
	THIRD			0	0.00		2	13.33					5	33.33		8	53.33			Excluded		15	
		TOTAL		0	0.00		23	10.31					28	12.56		172	77.13					223	
	FOURTH				Excluded		0	0.00					0	0.00		0	0.00					0	
		TOTAL					23	10.31					28	12.56		172	77.13					223	
	FIFTH						13	46.43						Excluded		15	53.57					28	
		TOTAL					36	16.14								187	83.86					223	
																Elected							
																							
Walpeup                                                        																							
	FIRST			4	2.55		18	11.46		5	3.18		14	8.92		106	67.52		10	6.37		157	
	SECOND			2	40.00		1	20.00			Excluded		0	0.00		1	20.00		1	20.00		5	
		TOTAL		6	3.82		19	12.10					14	8.92		107	68.15		11	7.01		157	
	THIRD			0	0.00		2	18.18					7	63.64		2	18.18			Excluded		11	
		TOTAL		6	3.82		21	13.38					21	13.38		109	69.43					157	
	FOURTH				Excluded		3	50.00					1	16.67		2	33.33					6	
		TOTAL					24	15.29					22	14.01		111	70.70					157	
	FIFTH						10	45.45						Excluded		12	54.55					22	
		TOTAL					34	21.66								123	78.34					157	
																Elected							
																							
Warracknabeal                                                  																							
	FIRST			44	2.49		318	18.03		31	1.76		119	6.75		1188	67.35		64	3.63		1764	
	SECOND			11	35.48		12	38.71			Excluded		0	0.00		3	9.68		5	16.13		31	
		TOTAL		55	3.12		330	18.71					119	6.75		1191	67.52		69	3.91		1764	
	THIRD			5	7.25		11	15.94					23	33.33		30	43.48			Excluded		69	
		TOTAL		60	3.40		341	19.33					142	8.05		1221	69.22					1764	
	FOURTH				Excluded		34	56.67					9	15.00		17	28.33					60	
		TOTAL					375	21.26					151	8.56		1238	70.18					1764	
	FIFTH						71	47.02						Excluded		80	52.98					151	
		TOTAL					446	25.28								1318	74.72					1764	
																Elected							
																							
Watchem                                                        																							
	FIRST			4	3.10		13	10.08		0	0.00		7	5.43		100	77.52		5	3.88		129	
	SECOND			0	0.00		0	0.00			Excluded		0	0.00		0	0.00		0	0.00		0	
		TOTAL		4	3.10		13	10.08					7	5.43		100	77.52		5	3.88		129	
	THIRD			1	20.00		2	40.00					1	20.00		1	20.00			Excluded		5	
		TOTAL		5	3.88		15	11.63					8	6.20		101	78.29					129	
	FOURTH				Excluded		4	80.00					0	0.00		1	20.00					5	
		TOTAL					19	14.73					8	6.20		102	79.07					129	
	FIFTH						4	50.00						Excluded		4	50.00					8	
		TOTAL					23	17.83								106	82.17					129	
																Elected							
																							
Wemen                                                          																							
	FIRST			2	1.79		9	8.04		0	0.00		8	7.14		81	72.32		12	10.71		112	
	SECOND			0	0.00		0	0.00			Excluded		0	0.00		0	0.00		0	0.00		0	
		TOTAL		2	1.79		9	8.04					8	7.14		81	72.32		12	10.71		112	
	THIRD			0	0.00		1	8.33					6	50.00		5	41.67			Excluded		12	
		TOTAL		2	1.79		10	8.93					14	12.50		86	76.79					112	
	FOURTH				Excluded		1	50.00					1	50.00		0	0.00					2	
		TOTAL					11	9.82					15	13.39		86	76.79					112	
	FIFTH						8	53.33						Excluded		7	46.67					15	
		TOTAL					19	16.96								93	83.04					112	
																Elected							
																							
Werrimull                                                      																							
	FIRST			1	0.88		22	19.30		1	0.88		13	11.40		68	59.65		9	7.89		114	
	SECOND			1	100.00		0	0.00			Excluded		0	0.00		0	0.00		0	0.00		1	
		TOTAL		2	1.75		22	19.30					13	11.40		68	59.65		9	7.89		114	
	THIRD			1	11.11		2	22.22					3	33.33		3	33.33			Excluded		9	
		TOTAL		3	2.63		24	21.05					16	14.04		71	62.28					114	
	FOURTH				Excluded		2	66.67					1	33.33		0	0.00					3	
		TOTAL					26	22.81					17	14.91		71	62.28					114	
	FIFTH						15	88.24						Excluded		2	11.76					17	
		TOTAL					41	35.96								73	64.04					114	
																Elected							
																							
Wimmera Base Hospital                                          																							
	FIRST			31	5.30		115	19.66		13	2.22		34	5.81		371	63.42		21	3.59		585	
	SECOND			5	38.46		2	15.38			Excluded		0	0.00		4	30.77		2	15.38		13	
		TOTAL		36	6.15		117	20.00					34	5.81		375	64.10		23	3.93		585	
	THIRD			4	17.39		2	8.70					6	26.09		11	47.83			Excluded		23	
		TOTAL		40	6.84		119	20.34					40	6.84		386	65.98					585	
	FOURTH				Excluded		29	72.50					2	5.00		9	22.50					40	
		TOTAL					148	25.30					42	7.18		395	67.52					585	
	FIFTH						23	54.76						Excluded		19	45.24					42	
		TOTAL					171	29.23								414	70.77					585	
																Elected							
																							
Wonwondah North                                                																							
	FIRST			2	2.04		16	16.33		2	2.04		26	26.53		52	53.06		0	0.00		98	
	SECOND			0	0.00		0	0.00			Excluded		2	100.00		0	0.00		0	0.00		2	
		TOTAL		2	2.04		16	16.33					28	28.57		52	53.06		0	0.00		98	
	THIRD			0	0.00		0	0.00					0	0.00		0	0.00			Excluded		0	
		TOTAL		2	2.04		16	16.33					28	28.57		52	53.06					98	
	FOURTH				Excluded		2	100.00					0	0.00		0	0.00					2	
		TOTAL					18	18.37					28	28.57		52	53.06					98	
	FIFTH						11	39.29						Excluded		17	60.71					28	
		TOTAL					29	29.59								69	70.41					98	
																Elected							
																							
Woomelang                                                      																							
	FIRST			0	0.00		24	8.99		2	0.75		21	7.87		214	80.15		6	2.25		267	
	SECOND			0	0.00		1	50.00			Excluded		1	50.00		0	0.00		0	0.00		2	
		TOTAL		0	0.00		25	9.36					22	8.24		214	80.15		6	2.25		267	
	THIRD			2	33.33		0	0.00					0	0.00		4	66.67			Excluded		6	
		TOTAL		2	0.75		25	9.36					22	8.24		218	81.65					267	
	FOURTH				Excluded		1	50.00					0	0.00		1	50.00					2	
		TOTAL					26	9.74					22	8.24		219	82.02					267	
	FIFTH						12	54.55						Excluded		10	45.45					22	
		TOTAL					38	14.23								229	85.77					267	
																Elected							
																							
Woorinen                                                       																							
	FIRST			8	2.02		64	16.16		8	2.02		35	8.84		267	67.42		14	3.54		396	
	SECOND			3	37.50		1	12.50			Excluded		1	12.50		2	25.00		1	12.50		8	
		TOTAL		11	2.78		65	16.41					36	9.09		269	67.93		15	3.79		396	
	THIRD			4	26.67		3	20.00					3	20.00		5	33.33			Excluded		15	
		TOTAL		15	3.79		68	17.17					39	9.85		274	69.19					396	
	FOURTH				Excluded		7	46.67					3	20.00		5	33.33					15	
		TOTAL					75	18.94					42	10.61		279	70.45					396	
	FIFTH						17	40.48						Excluded		25	59.52					42	
		TOTAL					92	23.23								304	76.77					396	
																Elected							
																							
Wycheproof                                                     																							
	FIRST			10	1.71		120	20.51		13	2.22		26	4.44		402	68.72		14	2.39		585	
	SECOND			2	15.38		4	30.77			Excluded		2	15.38		3	23.08		2	15.38		13	
		TOTAL		12	2.05		124	21.20					28	4.79		405	69.23		16	2.74		585	
	THIRD			2	12.50		1	6.25					4	25.00		9	56.25			Excluded		16	
		TOTAL		14	2.39		125	21.37					32	5.47		414	70.77					585	
	FOURTH				Excluded		8	57.14					0	0.00		6	42.86					14	
		TOTAL					133	22.74					32	5.47		420	71.79					585	
	FIFTH						11	34.38						Excluded		21	65.63					32	
		TOTAL					144	24.62								441	75.38					585	
																Elected							
																							
Yaapeet                                                        																							
	FIRST			5	6.58		5	6.58		1	1.32		3	3.95		57	75.00		5	6.58		76	
	SECOND			0	0.00		0	0.00			Excluded		0	0.00		1	100.00		0	0.00		1	
		TOTAL		5	6.58		5	6.58					3	3.95		58	76.32		5	6.58		76	
	THIRD			2	40.00		0	0.00					1	20.00		2	40.00			Excluded		5	
		TOTAL		7	9.21		5	6.58					4	5.26		60	78.95					76	
	FOURTH				Excluded		1	14.29					1	14.29		5	71.43					7	
		TOTAL					6	7.89					5	6.58		65	85.53					76	
	FIFTH						2	40.00						Excluded		3	60.00					5	
		TOTAL					8	10.53								68	89.47					76	
																Elected							
																							
Yanac                                                          																							
	FIRST			1	0.92		4	3.67		3	2.75		21	19.27		78	71.56		2	1.83		109	
	SECOND			0	0.00		0	0.00			Excluded		0	0.00		1	33.33		2	66.67		3	
		TOTAL		1	0.92		4	3.67					21	19.27		79	72.48		4	3.67		109	
	THIRD			2	50.00		0	0.00					0	0.00		2	50.00			Excluded		4	
		TOTAL		3	2.75		4	3.67					21	19.27		81	74.31					109	
	FOURTH				Excluded		2	66.67					0	0.00		1	33.33					3	
		TOTAL					6	5.50					21	19.27		82	75.23					109	
	FIFTH						8	38.10						Excluded		13	61.90					21	
		TOTAL					14	12.84								95	87.16					109	
																Elected							
																							
Special Hospital Team 1                                        																							
	FIRST			1	0.69		47	32.41		1	0.69		3	2.07		83	57.24		10	6.90		145	
	SECOND			1	100.00		0	0.00			Excluded		0	0.00		0	0.00		0	0.00		1	
		TOTAL		2	1.38		47	32.41					3	2.07		83	57.24		10	6.90		145	
	THIRD			0	0.00		1	10.00					6	60.00		3	30.00			Excluded		10	
		TOTAL		2	1.38		48	33.10					9	6.21		86	59.31					145	
	FOURTH				Excluded		1	50.00					0	0.00		1	50.00					2	
		TOTAL					49	33.79					9	6.21		87	60.00					145	
	FIFTH						2	22.22						Excluded		7	77.78					9	
		TOTAL					51	35.17								94	64.83					145	
																Elected							
																							
Special Hospital Team 2                                        																							
	FIRST			7	4.14		35	20.71		1	0.59		5	2.96		121	71.60		0	0.00		169	
	SECOND			0	0.00		1	100.00			Excluded		0	0.00		0	0.00		0	0.00		1	
		TOTAL		7	4.14		36	21.30					5	2.96		121	71.60		0	0.00		169	
	THIRD			0	0.00		0	0.00					0	0.00		0	0.00			Excluded		0	
		TOTAL		7	4.14		36	21.30					5	2.96		121	71.60					169	
	FOURTH				Excluded		6	85.71					0	0.00		1	14.29					7	
		TOTAL					42	24.85					5	2.96		122	72.19					169	
	FIFTH						1	20.00						Excluded		4	80.00					5	
		TOTAL					43	25.44								126	74.56					169	
																Elected							
																							
Special Hospital Team 3                                        																							
	FIRST			15	9.87		41	26.97		1	0.66		8	5.26		80	52.63		7	4.61		152	
	SECOND			1	100.00		0	0.00			Excluded		0	0.00		0	0.00		0	0.00		1	
		TOTAL		16	10.53		41	26.97					8	5.26		80	52.63		7	4.61		152	
	THIRD			1	14.29		3	42.86					1	14.29		2	28.57			Excluded		7	
		TOTAL		17	11.18		44	28.95					9	5.92		82	53.95					152	
	FOURTH				Excluded		10	58.82					4	23.53		3	17.65					17	
		TOTAL					54	35.53					13	8.55		85	55.92					152	
	FIFTH						4	30.77						Excluded		9	69.23					13	
		TOTAL					58	38.16								94	61.84					152	
																Elected							
																							
Special Hospital Team 4                                        																							
	FIRST			15	9.74		25	16.23		0	0.00		9	5.84		99	64.29		6	3.90		154	
	SECOND			0	0.00		0	0.00			Excluded		0	0.00		0	0.00		0	0.00		0	
		TOTAL		15	9.74		25	16.23					9	5.84		99	64.29		6	3.90		154	
	THIRD			0	0.00		0	0.00					4	66.67		2	33.33			Excluded		6	
		TOTAL		15	9.74		25	16.23					13	8.44		101	65.58					154	
	FOURTH				Excluded		8	53.33					3	20.00		4	26.67					15	
		TOTAL					33	21.43					16	10.39		105	68.18					154	
	FIFTH						9	56.25						Excluded		7	43.75					16	
		TOTAL					42	27.27								112	72.73					154	
																Elected							
																							
ABSENT																							
	FIRST			308	8.98		702	20.46		169	4.93		192	5.60		1910	55.67		150	4.37		3431	
	SECOND			83	49.11		35	20.71			Excluded		9	5.33		17	10.06		25	14.79		169	
		TOTAL		391	11.40		737	21.48					201	5.86		1927	56.16		175	5.10		3431	
	THIRD			37	21.14		31	17.71					31	17.71		76	43.43			Excluded		175	
		TOTAL		428	12.47		768	22.38					232	6.76		2003	58.38					3431	
	FOURTH				Excluded		237	55.37					32	7.48		159	37.15					428	
		TOTAL					1005	29.29					264	7.69		2162	63.01					3431	
	FIFTH						102	38.64						Excluded		162	61.36					264	
		TOTAL					1107	32.26								2324	67.74					3431	
																Elected							
																							
POSTAL																							
	FIRST			90	3.49		462	17.93		43	1.67		175	6.79		1706	66.23		100	3.88		2576	
	SECOND			22	51.16		10	23.26			Excluded		1	2.33		6	13.95		4	9.30		43	
		TOTAL		112	4.35		472	18.32					176	6.83		1712	66.46		104	4.04		2576	
	THIRD			13	12.50		14	13.46					26	25.00		51	49.04			Excluded		104	
		TOTAL		125	4.85		486	18.87					202	7.84		1763	68.44					2576	
	FOURTH				Excluded		68	54.40					6	4.80		51	40.80					125	
		TOTAL					554	21.51					208	8.07		1814	70.42					2576	
	FIFTH						71	34.13						Excluded		137	65.87					208	
		TOTAL					625	24.26								1951	75.74					2576	
																Elected							
																							
PRE POLL																							
	FIRST			272	5.57		948	19.43		142	2.91		406	8.32		2874	58.91		237	4.86		4879	
	SECOND			50	35.21		36	25.35			Excluded		6	4.23		27	19.01		23	16.20		142	
		TOTAL		322	6.60		984	20.17					412	8.44		2901	59.46		260	5.33		4879	
	THIRD			52	20.00		46	17.69					68	26.15		94	36.15			Excluded		260	
		TOTAL		374	7.67		1030	21.11					480	9.84		2995	61.39					4879	
	FOURTH				Excluded		174	46.52					40	10.70		160	42.78					374	
		TOTAL					1204	24.68					520	10.66		3155	64.66					4879	
	FIFTH						227	43.65						Excluded		293	56.35					520	
		TOTAL					1431	29.33								3448	70.67					4879	
																Elected							
																							
PROVISIONAL																							
	FIRST			26	7.10		118	32.24		16	4.37		33	9.02		150	40.98		23	6.28		366	
	SECOND			8	50.00		5	31.25			Excluded		0	0.00		2	12.50		1	6.25		16	
		TOTAL		34	9.29		123	33.61					33	9.02		152	41.53		24	6.56		366	
	THIRD			2	8.33		5	20.83					6	25.00		11	45.83			Excluded		24	
		TOTAL		36	9.84		128	34.97					39	10.66		163	44.54					366	
	FOURTH				Excluded		11	30.56					5	13.89		20	55.56					36	
		TOTAL					139	37.98					44	12.02		183	50.00					366	
	FIFTH						22	50.00						Excluded		22	50.00					44	
		TOTAL					161	43.99								205	56.01					366	
																Elected							
																							
																							
																							
																							
																							
																							
																							
																							
																							
																							
																							
																							
																							
																							
																							
																							
																							
																							
																							
																							
																							
																							
																							
																							
																							
																							
																							
																							
																							
																							
																							
																							
																							
																							
																							
																							
																							
																							
																							
																							
																							
																							
																							
																							
																							
																							
																							
																							
																							
																							
																							
																							
																							
																							
																							
																							
																							
																							
																							
																							
																							
																							
																							
																							
																							
																							
																							
																							
																							
																							
																							
																							
																							
																							
																							
																							
																							
																							
																							
																							
																							
																							
																							
																							
																							
																							
																							
																							
																							
																							
																							
																							
																							
																							
																							
																							
																							
																							
																							
																							
																							
																							
																							
																							
																							
																							
																							
																							
																							
																							
																							
																							
																							
																							
																							
																							
																							
																							
																							
																							
																							
																							
																							
																							
																							
																							
																							
																							
																							
																							
																							
																							
																							
																							
																							
																							
																							
																							
																							
																							
																							
																							
																							
																							
																							
																							
																							
																							
																							
																							
																							
																							
																							
																							
																							
																							
																							
																							
																							
																							
																							
																							
																							
																							
																							
																							
																							
																							
																							
																							
																							
																							
																							
																							
																							
																							
																							
																							
																							
																							
																							
																							
																							
																							
																							
																							
																							
																							
																							
																							
																							
																							
																							
																							
																							
																							
																							
																							
																							
																							
																							
																							
																							
																							
																							
																							
																							
																							
																							
																							
																							
																							
																							
																							
																							
																							
																							
																							
																							
																							
																							
																							
																							
																							
																							
																							
																							
																							
																							
																							
																							
																							
																							
																							
																							
																							
																							
																							
																							
																							
																							
																							
																							
																							
																							
																							
																							
																							
																							
																							
																							
																							
																							
																							
																							
																							
																							
																							
																							
																							
																							
																							
																							
																							
																							
																							
																							
																							
																							
																							
																							
																							
																							
																							
																							
																							
																							
																							
																							
																							
																							
																							
																							
																							
																							
																							
																							
																							
																							
																							
																							
																							
																							
																							
																							
																							
																							
																							
																							
																							
																							
																							
																							
																							
																							
																							
																							
																							
																							
																							
																							
																							
																							
																							
																							
																							
																							
																							
																							
																							
																							
																							
																							
																							
																							
																							
																							
																							
																							
																							
																							
																							
																							
																							
																							
																							
																							
																							
																							
																							
																							
																							
																							
																							
																							
																							
																							
																							
																							
																							
																							
																							
																							
																							
																							
																							
																							
																							
																							
																							
																							
																							
																							
																							
																							
																							
																							
																							
																							
																							
																							
																							
																							
																							
																							
																							
																							
																							
																							
																							
																							
																							
																							
																							
																							
																							
																							
																							
																							
																							
																							
																							
																							
																							
																							
																							
																							
																							
																							
																							
																							
																							
																							
																							
																							
																							
																							
																							
