House of Representatives - 2001 Election: Victoria																									
Distribution of Preferences 																									
By Polling Place																									
Corangamite																									
				HILLS			STRAUSS			HODGE			MCARTHUR			LYGO			ARUNDELL			BJORK-BILLINGS			
				Graham			Nigel			Robyn			Stewart			Iain			Simon			Michael			
				HAN			LFF			DEM			LP			GRN			IND			ALP			
	Count			Votes	%		Votes	%		Votes	%		Votes	%		Votes	%		Votes	%		Votes	%		Total
Aireys Inlet                                                   																									
	FIRST			14	2.28		26	4.23		39	6.35		199	32.41		130	21.17		6	0.98		200	32.57		614
	SECOND			0	0.00		0	0.00		2	33.33		0	0.00		3	50.00			Excluded		1	16.67		6
		TOTAL		14	2.28		26	4.23		41	6.68		199	32.41		133	21.66					201	32.74		614
	THIRD			0	0.00			Excluded		0	0.00		7	26.92		18	69.23					1	3.85		26
		TOTAL		14	2.28					41	6.68		206	33.55		151	24.59					202	32.90		614
	FOURTH				Excluded					9	64.29		2	14.29		1	7.14					2	14.29		14
		TOTAL								50	8.14		208	33.88		152	24.76					204	33.22		614
	FIFTH										Excluded		8	16.00		35	70.00					7	14.00		50
		TOTAL											216	35.18		187	30.46					211	34.36		614
	SIXTH												45	24.06			Excluded					142	75.94		187
		TOTAL											261	42.51								353	57.49		614
													Elected												
																									
Alvie                                                          																									
	FIRST			13	7.60		3	1.75		6	3.51		100	58.48		2	1.17		14	8.19		33	19.30		171
	SECOND			1	7.14		2	14.29		1	7.14		4	28.57		4	28.57			Excluded		2	14.29		14
		TOTAL		14	8.19		5	2.92		7	4.09		104	60.82		6	3.51					35	20.47		171
	THIRD			0	0.00			Excluded		3	60.00		2	40.00		0	0.00					0	0.00		5
		TOTAL		14	8.19					10	5.85		106	61.99		6	3.51					35	20.47		171
	FOURTH				Excluded					4	28.57		7	50.00		1	7.14					2	14.29		14
		TOTAL								14	8.19		113	66.08		7	4.09					37	21.64		171
	FIFTH										Excluded		6	42.86		6	42.86					2	14.29		14
		TOTAL											119	69.59		13	7.60					39	22.81		171
	SIXTH												5	38.46			Excluded					8	61.54		13
		TOTAL											124	72.51								47	27.49		171
													Elected												
																									
Anglesea                                                       																									
	FIRST			29	1.97		39	2.65		116	7.88		630	42.77		172	11.68		12	0.81		475	32.25		1473
	SECOND			2	16.67		0	0.00		0	0.00		4	33.33		3	25.00			Excluded		3	25.00		12
		TOTAL		31	2.10		39	2.65		116	7.88		634	43.04		175	11.88					478	32.45		1473
	THIRD			1	2.56			Excluded		3	7.69		9	23.08		21	53.85					5	12.82		39
		TOTAL		32	2.17					119	8.08		643	43.65		196	13.31					483	32.79		1473
	FOURTH				Excluded					12	37.50		10	31.25		3	9.38					7	21.88		32
		TOTAL								131	8.89		653	44.33		199	13.51					490	33.27		1473
	FIFTH										Excluded		21	16.03		87	66.41					23	17.56		131
		TOTAL											674	45.76		286	19.42					513	34.83		1473
	SIXTH												85	29.72			Excluded					201	70.28		286
		TOTAL											759	51.53								714	48.47		1473
													Elected												
																									
Apollo Bay                                                     																									
	FIRST			26	2.30		104	9.21		48	4.25		470	41.63		159	14.08		17	1.51		305	27.02		1129
	SECOND			5	29.41		4	23.53		0	0.00		4	23.53		1	5.88			Excluded		3	17.65		17
		TOTAL		31	2.75		108	9.57		48	4.25		474	41.98		160	14.17					308	27.28		1129
	THIRD			4	3.70			Excluded		12	11.11		17	15.74		67	62.04					8	7.41		108
		TOTAL		35	3.10					60	5.31		491	43.49		227	20.11					316	27.99		1129
	FOURTH				Excluded					16	45.71		9	25.71		5	14.29					5	14.29		35
		TOTAL								76	6.73		500	44.29		232	20.55					321	28.43		1129
	FIFTH										Excluded		29	38.16		22	28.95					25	32.89		76
		TOTAL											529	46.86		254	22.50					346	30.65		1129
	SIXTH												73	28.74			Excluded					181	71.26		254
		TOTAL											602	53.32								527	46.68		1129
													Elected												
																									
Bannockburn                                                    																									
	FIRST			40	2.89		8	0.58		103	7.43		661	47.69		83	5.99		13	0.94		478	34.49		1386
	SECOND			2	15.38		0	0.00		0	0.00		3	23.08		1	7.69			Excluded		7	53.85		13
		TOTAL		42	3.03		8	0.58		103	7.43		664	47.91		84	6.06					485	34.99		1386
	THIRD			1	12.50			Excluded		2	25.00		3	37.50		2	25.00					0	0.00		8
		TOTAL		43	3.10					105	7.58		667	48.12		86	6.20					485	34.99		1386
	FOURTH				Excluded					21	48.84		10	23.26		5	11.63					7	16.28		43
		TOTAL								126	9.09		677	48.85		91	6.57					492	35.50		1386
	FIFTH										Excluded		30	23.81		82	65.08					14	11.11		126
		TOTAL											707	51.01		173	12.48					506	36.51		1386
	SIXTH												59	34.10			Excluded					114	65.90		173
		TOTAL											766	55.27								620	44.73		1386
													Elected												
																									
Barongarook                                                    																									
	FIRST			3	2.24		3	2.24		4	2.99		67	50.00		5	3.73		9	6.72		43	32.09		134
	SECOND			1	11.11		0	0.00		2	22.22		3	33.33		1	11.11			Excluded		2	22.22		9
		TOTAL		4	2.99		3	2.24		6	4.48		70	52.24		6	4.48					45	33.58		134
	THIRD			0	0.00			Excluded		1	33.33		1	33.33		1	33.33					0	0.00		3
		TOTAL		4	2.99					7	5.22		71	52.99		7	5.22					45	33.58		134
	FOURTH				Excluded					1	25.00		2	50.00		0	0.00					1	25.00		4
		TOTAL								8	5.97		73	54.48		7	5.22					46	34.33		134
	FIFTH										Excluded		3	37.50		5	62.50					0	0.00		8
		TOTAL											76	56.72		12	8.96					46	34.33		134
	SIXTH												2	16.67			Excluded					10	83.33		12
		TOTAL											78	58.21								56	41.79		134
													Elected												
																									
Barwon Heads                                                   																									
	FIRST			33	2.04		24	1.48		139	8.59		618	38.20		173	10.69		13	0.80		618	38.20		1618
	SECOND			0	0.00		2	15.38		2	15.38		3	23.08		2	15.38			Excluded		4	30.77		13
		TOTAL		33	2.04		26	1.61		141	8.71		621	38.38		175	10.82					622	38.44		1618
	THIRD			0	0.00			Excluded		3	11.54		6	23.08		17	65.38					0	0.00		26
		TOTAL		33	2.04					144	8.90		627	38.75		192	11.87					622	38.44		1618
	FOURTH				Excluded					10	30.30		12	36.36		3	9.09					8	24.24		33
		TOTAL								154	9.52		639	39.49		195	12.05					630	38.94		1618
	FIFTH										Excluded		30	19.48		99	64.29					25	16.23		154
		TOTAL											669	41.35		294	18.17					655	40.48		1618
	SIXTH												83	28.23			Excluded					211	71.77		294
		TOTAL											752	46.48								866	53.52		1618
													Elected												
																									
Beeac                                                          																									
	FIRST			17	4.91		1	0.29		4	1.16		205	59.25		9	2.60		12	3.47		98	28.32		346
	SECOND			0	0.00		0	0.00		3	25.00		4	33.33		0	0.00			Excluded		5	41.67		12
		TOTAL		17	4.91		1	0.29		7	2.02		209	60.40		9	2.60					103	29.77		346
	THIRD			1	100.00			Excluded		0	0.00		0	0.00		0	0.00					0	0.00		1
		TOTAL		18	5.20					7	2.02		209	60.40		9	2.60					103	29.77		346
	FOURTH				Excluded					3	16.67		5	27.78		3	16.67					7	38.89		18
		TOTAL								10	2.89		214	61.85		12	3.47					110	31.79		346
	FIFTH										Excluded		6	60.00		2	20.00					2	20.00		10
		TOTAL											220	63.58		14	4.05					112	32.37		346
	SIXTH												4	28.57			Excluded					10	71.43		14
		TOTAL											224	64.74								122	35.26		346
													Elected												
																									
Bellbrae                                                       																									
	FIRST			1	0.18		14	2.45		33	5.78		242	42.38		72	12.61		8	1.40		201	35.20		571
	SECOND			0	0.00		1	12.50		2	25.00		3	37.50		0	0.00			Excluded		2	25.00		8
		TOTAL		1	0.18		15	2.63		35	6.13		245	42.91		72	12.61					203	35.55		571
	THIRD			1	6.67			Excluded		4	26.67		4	26.67		3	20.00					3	20.00		15
		TOTAL		2	0.35					39	6.83		249	43.61		75	13.13					206	36.08		571
	FOURTH				Excluded					2	100.00		0	0.00		0	0.00					0	0.00		2
		TOTAL								41	7.18		249	43.61		75	13.13					206	36.08		571
	FIFTH										Excluded		8	19.51		22	53.66					11	26.83		41
		TOTAL											257	45.01		97	16.99					217	38.00		571
	SIXTH												23	23.71			Excluded					74	76.29		97
		TOTAL											280	49.04								291	50.96		571
													Elected												
																									
Belmont                                                        																									
	FIRST			36	1.79		32	1.59		131	6.51		969	48.16		128	6.36		26	1.29		690	34.29		2012
	SECOND			7	26.92		0	0.00		3	11.54		9	34.62		4	15.38			Excluded		3	11.54		26
		TOTAL		43	2.14		32	1.59		134	6.66		978	48.61		132	6.56					693	34.44		2012
	THIRD			6	18.75			Excluded		6	18.75		5	15.63		12	37.50					3	9.38		32
		TOTAL		49	2.44					140	6.96		983	48.86		144	7.16					696	34.59		2012
	FOURTH				Excluded					21	42.86		17	34.69		3	6.12					8	16.33		49
		TOTAL								161	8.00		1000	49.70		147	7.31					704	34.99		2012
	FIFTH										Excluded		44	27.33		89	55.28					28	17.39		161
		TOTAL											1044	51.89		236	11.73					732	36.38		2012
	SIXTH												70	29.66			Excluded					166	70.34		236
		TOTAL											1114	55.37								898	44.63		2012
													Elected												
																									
Belmont North                                                  																									
	FIRST			32	1.42		71	3.16		184	8.18		988	43.93		138	6.14		21	0.93		815	36.24		2249
	SECOND			2	9.52		3	14.29		3	14.29		3	14.29		5	23.81			Excluded		5	23.81		21
		TOTAL		34	1.51		74	3.29		187	8.31		991	44.06		143	6.36					820	36.46		2249
	THIRD			3	4.05			Excluded		6	8.11		19	25.68		44	59.46					2	2.70		74
		TOTAL		37	1.65					193	8.58		1010	44.91		187	8.31					822	36.55		2249
	FOURTH				Excluded					13	35.14		13	35.14		5	13.51					6	16.22		37
		TOTAL								206	9.16		1023	45.49		192	8.54					828	36.82		2249
	FIFTH										Excluded		40	19.42		121	58.74					45	21.84		206
		TOTAL											1063	47.27		313	13.92					873	38.82		2249
	SIXTH												115	36.74			Excluded					198	63.26		313
		TOTAL											1178	52.38								1071	47.62		2249
													Elected												
																									
Birregurra                                                     																									
	FIRST			17	2.98		10	1.75		15	2.63		288	50.53		34	5.96		14	2.46		192	33.68		570
	SECOND			0	0.00		1	7.14		1	7.14		5	35.71		6	42.86			Excluded		1	7.14		14
		TOTAL		17	2.98		11	1.93		16	2.81		293	51.40		40	7.02					193	33.86		570
	THIRD			0	0.00			Excluded		4	36.36		5	45.45		2	18.18					0	0.00		11
		TOTAL		17	2.98					20	3.51		298	52.28		42	7.37					193	33.86		570
	FOURTH				Excluded					4	23.53		6	35.29		3	17.65					4	23.53		17
		TOTAL								24	4.21		304	53.33		45	7.89					197	34.56		570
	FIFTH										Excluded		10	41.67		11	45.83					3	12.50		24
		TOTAL											314	55.09		56	9.82					200	35.09		570
	SIXTH												16	28.57			Excluded					40	71.43		56
		TOTAL											330	57.89								240	42.11		570
													Elected												
																									
Carlisle River                                                 																									
	FIRST			3	3.09		3	3.09		4	4.12		64	65.98		4	4.12		3	3.09		16	16.49		97
	SECOND			0	0.00		0	0.00		0	0.00		2	66.67		0	0.00			Excluded		1	33.33		3
		TOTAL		3	3.09		3	3.09		4	4.12		66	68.04		4	4.12					17	17.53		97
	THIRD			0	0.00			Excluded		0	0.00		1	33.33		2	66.67					0	0.00		3
		TOTAL		3	3.09					4	4.12		67	69.07		6	6.19					17	17.53		97
	FOURTH				Excluded					0	0.00		2	66.67		1	33.33					0	0.00		3
		TOTAL								4	4.12		69	71.13		7	7.22					17	17.53		97
	FIFTH										Excluded		2	50.00		1	25.00					1	25.00		4
		TOTAL											71	73.20		8	8.25					18	18.56		97
	SIXTH												4	50.00			Excluded					4	50.00		8
		TOTAL											75	77.32								22	22.68		97
													Elected												
																									
Ceres                                                          																									
	FIRST			8	1.38		24	4.13		30	5.16		352	60.59		26	4.48		12	2.07		129	22.20		581
	SECOND			1	8.33		1	8.33		3	25.00		0	0.00		2	16.67			Excluded		5	41.67		12
		TOTAL		9	1.55		25	4.30		33	5.68		352	60.59		28	4.82					134	23.06		581
	THIRD			1	4.00			Excluded		3	12.00		3	12.00		18	72.00					0	0.00		25
		TOTAL		10	1.72					36	6.20		355	61.10		46	7.92					134	23.06		581
	FOURTH				Excluded					2	20.00		5	50.00		2	20.00					1	10.00		10
		TOTAL								38	6.54		360	61.96		48	8.26					135	23.24		581
	FIFTH										Excluded		16	42.11		14	36.84					8	21.05		38
		TOTAL											376	64.72		62	10.67					143	24.61		581
	SIXTH												28	45.16			Excluded					34	54.84		62
		TOTAL											404	69.54								177	30.46		581
													Elected												
																									
Colac                                                          																									
	FIRST			55	3.25		22	1.30		56	3.31		871	51.51		64	3.78		71	4.20		552	32.64		1691
	SECOND			8	11.27		0	0.00		8	11.27		21	29.58		10	14.08			Excluded		24	33.80		71
		TOTAL		63	3.73		22	1.30		64	3.78		892	52.75		74	4.38					576	34.06		1691
	THIRD			3	13.64			Excluded		7	31.82		4	18.18		5	22.73					3	13.64		22
		TOTAL		66	3.90					71	4.20		896	52.99		79	4.67					579	34.24		1691
	FOURTH				Excluded					36	54.55		15	22.73		2	3.03					13	19.70		66
		TOTAL								107	6.33		911	53.87		81	4.79					592	35.01		1691
	FIFTH										Excluded		45	42.06		41	38.32					21	19.63		107
		TOTAL											956	56.53		122	7.21					613	36.25		1691
	SIXTH												40	32.79			Excluded					82	67.21		122
		TOTAL											996	58.90								695	41.10		1691
													Elected												
																									
Colac East                                                     																									
	FIRST			78	3.89		30	1.50		95	4.74		1077	53.69		71	3.54		75	3.74		580	28.91		2006
	SECOND			13	17.33		6	8.00		12	16.00		21	28.00		6	8.00			Excluded		17	22.67		75
		TOTAL		91	4.54		36	1.79		107	5.33		1098	54.74		77	3.84					597	29.76		2006
	THIRD			8	22.22			Excluded		7	19.44		11	30.56		7	19.44					3	8.33		36
		TOTAL		99	4.94					114	5.68		1109	55.28		84	4.19					600	29.91		2006
	FOURTH				Excluded					28	28.28		29	29.29		17	17.17					25	25.25		99
		TOTAL								142	7.08		1138	56.73		101	5.03					625	31.16		2006
	FIFTH										Excluded		51	35.92		60	42.25					31	21.83		142
		TOTAL											1189	59.27		161	8.03					656	32.70		2006
	SIXTH												59	36.65			Excluded					102	63.35		161
		TOTAL											1248	62.21								758	37.79		2006
													Elected												
																									
Colac West                                                     																									
	FIRST			68	3.48		33	1.69		82	4.20		1059	54.20		64	3.28		84	4.30		564	28.86		1954
	SECOND			15	17.86		3	3.57		5	5.95		24	28.57		14	16.67			Excluded		23	27.38		84
		TOTAL		83	4.25		36	1.84		87	4.45		1083	55.42		78	3.99					587	30.04		1954
	THIRD			4	11.11			Excluded		4	11.11		9	25.00		12	33.33					7	19.44		36
		TOTAL		87	4.45					91	4.66		1092	55.89		90	4.61					594	30.40		1954
	FOURTH				Excluded					31	35.63		33	37.93		10	11.49					13	14.94		87
		TOTAL								122	6.24		1125	57.57		100	5.12					607	31.06		1954
	FIFTH										Excluded		50	40.98		40	32.79					32	26.23		122
		TOTAL											1175	60.13		140	7.16					639	32.70		1954
	SIXTH												55	39.29			Excluded					85	60.71		140
		TOTAL											1230	62.95								724	37.05		1954
													Elected												
																									
Collendina                                                     																									
	FIRST			58	1.85		85	2.71		243	7.75		1318	42.04		220	7.02		30	0.96		1181	37.67		3135
	SECOND			0	0.00		2	6.67		4	13.33		7	23.33		9	30.00			Excluded		8	26.67		30
		TOTAL		58	1.85		87	2.78		247	7.88		1325	42.26		229	7.30					1189	37.93		3135
	THIRD			4	4.60			Excluded		10	11.49		14	16.09		54	62.07					5	5.75		87
		TOTAL		62	1.98					257	8.20		1339	42.71		283	9.03					1194	38.09		3135
	FOURTH				Excluded					27	43.55		18	29.03		7	11.29					10	16.13		62
		TOTAL								284	9.06		1357	43.29		290	9.25					1204	38.41		3135
	FIFTH										Excluded		68	23.94		166	58.45					50	17.61		284
		TOTAL											1425	45.45		456	14.55					1254	40.00		3135
	SIXTH												168	36.84			Excluded					288	63.16		456
		TOTAL											1593	50.81								1542	49.19		3135
													Elected												
																									
Connewarre                                                     																									
	FIRST			9	3.53		2	0.78		11	4.31		110	43.14		20	7.84		3	1.18		100	39.22		255
	SECOND			0	0.00		0	0.00		0	0.00		1	33.33		1	33.33			Excluded		1	33.33		3
		TOTAL		9	3.53		2	0.78		11	4.31		111	43.53		21	8.24					101	39.61		255
	THIRD			0	0.00			Excluded		1	50.00		1	50.00		0	0.00					0	0.00		2
		TOTAL		9	3.53					12	4.71		112	43.92		21	8.24					101	39.61		255
	FOURTH				Excluded					3	33.33		2	22.22		2	22.22					2	22.22		9
		TOTAL								15	5.88		114	44.71		23	9.02					103	40.39		255
	FIFTH										Excluded		6	40.00		7	46.67					2	13.33		15
		TOTAL											120	47.06		30	11.76					105	41.18		255
	SIXTH												8	26.67			Excluded					22	73.33		30
		TOTAL											128	50.20								127	49.80		255
													Elected												
																									
Cororooke                                                      																									
	FIRST			18	4.23		4	0.94		22	5.16		223	52.35		18	4.23		25	5.87		116	27.23		426
	SECOND			6	24.00		1	4.00		1	4.00		8	32.00		3	12.00			Excluded		6	24.00		25
		TOTAL		24	5.63		5	1.17		23	5.40		231	54.23		21	4.93					122	28.64		426
	THIRD			0	0.00			Excluded		1	20.00		2	40.00		1	20.00					1	20.00		5
		TOTAL		24	5.63					24	5.63		233	54.69		22	5.16					123	28.87		426
	FOURTH				Excluded					4	16.67		14	58.33		1	4.17					5	20.83		24
		TOTAL								28	6.57		247	57.98		23	5.40					128	30.05		426
	FIFTH										Excluded		14	50.00		7	25.00					7	25.00		28
		TOTAL											261	61.27		30	7.04					135	31.69		426
	SIXTH												12	40.00			Excluded					18	60.00		30
		TOTAL											273	64.08								153	35.92		426
													Elected												
																									
Cressy                                                         																									
	FIRST			8	5.56		1	0.69		4	2.78		95	65.97		0	0.00		4	2.78		32	22.22		144
	SECOND			0	0.00		0	0.00		1	25.00		3	75.00		0	0.00			Excluded		0	0.00		4
		TOTAL		8	5.56		1	0.69		5	3.47		98	68.06		0	0.00					32	22.22		144
	THIRD			0	0.00			Excluded		0	0.00		1	100.00		0	0.00					0	0.00		1
		TOTAL		8	5.56					5	3.47		99	68.75		0	0.00					32	22.22		144
	FOURTH				Excluded					3	37.50		2	25.00		1	12.50					2	25.00		8
		TOTAL								8	5.56		101	70.14		1	0.69					34	23.61		144
	FIFTH										Excluded		0	0.00		5	62.50					3	37.50		8
		TOTAL											101	70.14		6	4.17					37	25.69		144
	SIXTH												2	33.33			Excluded					4	66.67		6
		TOTAL											103	71.53								41	28.47		144
													Elected												
																									
Deans Marsh                                                    																									
	FIRST			13	5.16		10	3.97		14	5.56		103	40.87		26	10.32		8	3.17		78	30.95		252
	SECOND			2	25.00		0	0.00		0	0.00		1	12.50		2	25.00			Excluded		3	37.50		8
		TOTAL		15	5.95		10	3.97		14	5.56		104	41.27		28	11.11					81	32.14		252
	THIRD			0	0.00			Excluded		1	10.00		4	40.00		4	40.00					1	10.00		10
		TOTAL		15	5.95					15	5.95		108	42.86		32	12.70					82	32.54		252
	FOURTH				Excluded					4	26.67		9	60.00		1	6.67					1	6.67		15
		TOTAL								19	7.54		117	46.43		33	13.10					83	32.94		252
	FIFTH										Excluded		7	36.84		7	36.84					5	26.32		19
		TOTAL											124	49.21		40	15.87					88	34.92		252
	SIXTH												6	15.00			Excluded					34	85.00		40
		TOTAL											130	51.59								122	48.41		252
													Elected												
																									
Dereel                                                         																									
	FIRST			24	9.68		2	0.81		16	6.45		72	29.03		11	4.44		5	2.02		118	47.58		248
	SECOND			2	40.00		1	20.00		2	40.00		0	0.00		0	0.00			Excluded		0	0.00		5
		TOTAL		26	10.48		3	1.21		18	7.26		72	29.03		11	4.44					118	47.58		248
	THIRD			0	0.00			Excluded		0	0.00		1	33.33		1	33.33					1	33.33		3
		TOTAL		26	10.48					18	7.26		73	29.44		12	4.84					119	47.98		248
	FOURTH				Excluded					4	15.38		11	42.31		4	15.38					7	26.92		26
		TOTAL								22	8.87		84	33.87		16	6.45					126	50.81		248
	FIFTH										Excluded		5	22.73		10	45.45					7	31.82		22
		TOTAL											89	35.89		26	10.48					133	53.63		248
	SIXTH												9	34.62			Excluded					17	65.38		26
		TOTAL											98	39.52								150	60.48		248
													Elected												
																									
Drysdale (Corangamite)                                         																									
	FIRST			25	3.26		6	0.78		49	6.40		422	55.09		44	5.74		7	0.91		213	27.81		766
	SECOND			4	57.14		1	14.29		0	0.00		0	0.00		2	28.57			Excluded		0	0.00		7
		TOTAL		29	3.79		7	0.91		49	6.40		422	55.09		46	6.01					213	27.81		766
	THIRD			1	14.29			Excluded		0	0.00		4	57.14		2	28.57					0	0.00		7
		TOTAL		30	3.92					49	6.40		426	55.61		48	6.27					213	27.81		766
	FOURTH				Excluded					6	20.00		13	43.33		3	10.00					8	26.67		30
		TOTAL								55	7.18		439	57.31		51	6.66					221	28.85		766
	FIFTH										Excluded		9	16.36		32	58.18					14	25.45		55
		TOTAL											448	58.49		83	10.84					235	30.68		766
	SIXTH												31	37.35			Excluded					52	62.65		83
		TOTAL											479	62.53								287	37.47		766
													Elected												
																									
Elliminyt                                                      																									
	FIRST			45	3.15		20	1.40		48	3.36		820	57.42		48	3.36		65	4.55		382	26.75		1428
	SECOND			18	27.69		2	3.08		7	10.77		20	30.77		6	9.23			Excluded		12	18.46		65
		TOTAL		63	4.41		22	1.54		55	3.85		840	58.82		54	3.78					394	27.59		1428
	THIRD			3	13.64			Excluded		4	18.18		9	40.91		5	22.73					1	4.55		22
		TOTAL		66	4.62					59	4.13		849	59.45		59	4.13					395	27.66		1428
	FOURTH				Excluded					24	36.36		32	48.48		5	7.58					5	7.58		66
		TOTAL								83	5.81		881	61.69		64	4.48					400	28.01		1428
	FIFTH										Excluded		33	39.76		25	30.12					25	30.12		83
		TOTAL											914	64.01		89	6.23					425	29.76		1428
	SIXTH												23	25.84			Excluded					66	74.16		89
		TOTAL											937	65.62								491	34.38		1428
													Elected												
																									
Forrest                                                        																									
	FIRST			15	5.49		8	2.93		12	4.40		111	40.66		46	16.85		13	4.76		68	24.91		273
	SECOND			2	15.38		0	0.00		2	15.38		6	46.15		1	7.69			Excluded		2	15.38		13
		TOTAL		17	6.23		8	2.93		14	5.13		117	42.86		47	17.22					70	25.64		273
	THIRD			1	12.50			Excluded		1	12.50		0	0.00		6	75.00					0	0.00		8
		TOTAL		18	6.59					15	5.49		117	42.86		53	19.41					70	25.64		273
	FOURTH				Excluded					5	27.78		7	38.89		1	5.56					5	27.78		18
		TOTAL								20	7.33		124	45.42		54	19.78					75	27.47		273
	FIFTH										Excluded		8	40.00		8	40.00					4	20.00		20
		TOTAL											132	48.35		62	22.71					79	28.94		273
	SIXTH												11	17.74			Excluded					51	82.26		62
		TOTAL											143	52.38								130	47.62		273
													Elected												
																									
Freshwater Creek                                               																									
	FIRST			4	2.19		4	2.19		12	6.56		114	62.30		9	4.92		5	2.73		35	19.13		183
	SECOND			1	20.00		0	0.00		2	40.00		1	20.00		0	0.00			Excluded		1	20.00		5
		TOTAL		5	2.73		4	2.19		14	7.65		115	62.84		9	4.92					36	19.67		183
	THIRD			0	0.00			Excluded		0	0.00		3	75.00		1	25.00					0	0.00		4
		TOTAL		5	2.73					14	7.65		118	64.48		10	5.46					36	19.67		183
	FOURTH				Excluded					2	40.00		2	40.00		0	0.00					1	20.00		5
		TOTAL								16	8.74		120	65.57		10	5.46					37	20.22		183
	FIFTH										Excluded		7	43.75		7	43.75					2	12.50		16
		TOTAL											127	69.40		17	9.29					39	21.31		183
	SIXTH												6	35.29			Excluded					11	64.71		17
		TOTAL											133	72.68								50	27.32		183
													Elected												
																									
Fyansford                                                      																									
	FIRST			5	2.67		4	2.14		12	6.42		111	59.36		14	7.49		0	0.00		41	21.93		187
	SECOND			0	0.00		0	0.00		0	0.00		0	0.00		0	0.00			Excluded		0	0.00		0
		TOTAL		5	2.67		4	2.14		12	6.42		111	59.36		14	7.49					41	21.93		187
	THIRD			0	0.00			Excluded		0	0.00		1	25.00		2	50.00					1	25.00		4
		TOTAL		5	2.67					12	6.42		112	59.89		16	8.56					42	22.46		187
	FOURTH				Excluded					2	40.00		3	60.00		0	0.00					0	0.00		5
		TOTAL								14	7.49		115	61.50		16	8.56					42	22.46		187
	FIFTH										Excluded		3	21.43		5	35.71					6	42.86		14
		TOTAL											118	63.10		21	11.23					48	25.67		187
	SIXTH												7	33.33			Excluded					14	66.67		21
		TOTAL											125	66.84								62	33.16		187
													Elected												
																									
Gellibrand River                                               																									
	FIRST			11	4.21		9	3.45		11	4.21		107	41.00		30	11.49		11	4.21		82	31.42		261
	SECOND			4	36.36		0	0.00		2	18.18		2	18.18		1	9.09			Excluded		2	18.18		11
		TOTAL		15	5.75		9	3.45		13	4.98		109	41.76		31	11.88					84	32.18		261
	THIRD			2	22.22			Excluded		1	11.11		4	44.44		0	0.00					2	22.22		9
		TOTAL		17	6.51					14	5.36		113	43.30		31	11.88					86	32.95		261
	FOURTH				Excluded					5	29.41		3	17.65		4	23.53					5	29.41		17
		TOTAL								19	7.28		116	44.44		35	13.41					91	34.87		261
	FIFTH										Excluded		11	57.89		3	15.79					5	26.32		19
		TOTAL											127	48.66		38	14.56					96	36.78		261
	SIXTH												7	18.42			Excluded					31	81.58		38
		TOTAL											134	51.34								127	48.66		261
													Elected												
																									
Grovedale                                                      																									
	FIRST			73	2.00		117	3.21		251	6.88		1616	44.32		140	3.84		55	1.51		1394	38.23		3646
	SECOND			7	12.73		5	9.09		9	16.36		11	20.00		8	14.55			Excluded		15	27.27		55
		TOTAL		80	2.19		122	3.35		260	7.13		1627	44.62		148	4.06					1409	38.65		3646
	THIRD			9	7.38			Excluded		10	8.20		20	16.39		79	64.75					4	3.28		122
		TOTAL		89	2.44					270	7.41		1647	45.17		227	6.23					1413	38.75		3646
	FOURTH				Excluded					31	34.83		23	25.84		11	12.36					24	26.97		89
		TOTAL								301	8.26		1670	45.80		238	6.53					1437	39.41		3646
	FIFTH										Excluded		57	18.94		178	59.14					66	21.93		301
		TOTAL											1727	47.37		416	11.41					1503	41.22		3646
	SIXTH												165	39.66			Excluded					251	60.34		416
		TOTAL											1892	51.89								1754	48.11		3646
													Elected												
																									
Grovedale East                                                 																									
	FIRST			28	2.05		73	5.34		65	4.75		635	46.42		46	3.36		16	1.17		505	36.92		1368
	SECOND			1	6.25		1	6.25		4	25.00		3	18.75		5	31.25			Excluded		2	12.50		16
		TOTAL		29	2.12		74	5.41		69	5.04		638	46.64		51	3.73					507	37.06		1368
	THIRD			1	1.35			Excluded		0	0.00		12	16.22		58	78.38					3	4.05		74
		TOTAL		30	2.19					69	5.04		650	47.51		109	7.97					510	37.28		1368
	FOURTH				Excluded					12	40.00		10	33.33		2	6.67					6	20.00		30
		TOTAL								81	5.92		660	48.25		111	8.11					516	37.72		1368
	FIFTH										Excluded		32	39.51		32	39.51					17	20.99		81
		TOTAL											692	50.58		143	10.45					533	38.96		1368
	SIXTH												61	42.66			Excluded					82	57.34		143
		TOTAL											753	55.04								615	44.96		1368
													Elected												
																									
Highton                                                        																									
	FIRST			40	1.44		108	3.89		197	7.10		1474	53.14		116	4.18		19	0.68		820	29.56		2774
	SECOND			0	0.00		3	15.79		4	21.05		3	15.79		4	21.05			Excluded		5	26.32		19
		TOTAL		40	1.44		111	4.00		201	7.25		1477	53.24		120	4.33					825	29.74		2774
	THIRD			7	6.31			Excluded		3	2.70		25	22.52		69	62.16					7	6.31		111
		TOTAL		47	1.69					204	7.35		1502	54.15		189	6.81					832	29.99		2774
	FOURTH				Excluded					21	44.68		15	31.91		4	8.51					7	14.89		47
		TOTAL								225	8.11		1517	54.69		193	6.96					839	30.25		2774
	FIFTH										Excluded		47	20.89		140	62.22					38	16.89		225
		TOTAL											1564	56.38		333	12.00					877	31.61		2774
	SIXTH												125	37.54			Excluded					208	62.46		333
		TOTAL											1689	60.89								1085	39.11		2774
													Elected												
																									
Highton North                                                  																									
	FIRST			50	1.59		150	4.77		207	6.58		1641	52.19		192	6.11		38	1.21		866	27.54		3144
	SECOND			3	7.89		6	15.79		4	10.53		10	26.32		12	31.58			Excluded		3	7.89		38
		TOTAL		53	1.69		156	4.96		211	6.71		1651	52.51		204	6.49					869	27.64		3144
	THIRD			9	5.77			Excluded		11	7.05		31	19.87		103	66.03					2	1.28		156
		TOTAL		62	1.97					222	7.06		1682	53.50		307	9.76					871	27.70		3144
	FOURTH				Excluded					22	35.48		21	33.87		13	20.97					6	9.68		62
		TOTAL								244	7.76		1703	54.17		320	10.18					877	27.89		3144
	FIFTH										Excluded		60	24.59		148	60.66					36	14.75		244
		TOTAL											1763	56.08		468	14.89					913	29.04		3144
	SIXTH												187	39.96			Excluded					281	60.04		468
		TOTAL											1950	62.02								1194	37.98		3144
													Elected												
																									
Highton South                                                  																									
	FIRST			53	2.18		32	1.32		237	9.75		1132	46.58		102	4.20		25	1.03		849	34.94		2430
	SECOND			3	12.00		3	12.00		2	8.00		7	28.00		6	24.00			Excluded		4	16.00		25
		TOTAL		56	2.30		35	1.44		239	9.84		1139	46.87		108	4.44					853	35.10		2430
	THIRD			7	20.00			Excluded		5	14.29		13	37.14		6	17.14					4	11.43		35
		TOTAL		63	2.59					244	10.04		1152	47.41		114	4.69					857	35.27		2430
	FOURTH				Excluded					21	33.33		19	30.16		16	25.40					7	11.11		63
		TOTAL								265	10.91		1171	48.19		130	5.35					864	35.56		2430
	FIFTH										Excluded		59	22.26		152	57.36					54	20.38		265
		TOTAL											1230	50.62		282	11.60					918	37.78		2430
	SIXTH												117	41.49			Excluded					165	58.51		282
		TOTAL											1347	55.43								1083	44.57		2430
													Elected												
																									
Inverleigh                                                     																									
	FIRST			23	3.88		9	1.52		25	4.22		297	50.08		41	6.91		13	2.19		185	31.20		593
	SECOND			3	23.08		1	7.69		3	23.08		0	0.00		3	23.08			Excluded		3	23.08		13
		TOTAL		26	4.38		10	1.69		28	4.72		297	50.08		44	7.42					188	31.70		593
	THIRD			4	40.00			Excluded		0	0.00		5	50.00		0	0.00					1	10.00		10
		TOTAL		30	5.06					28	4.72		302	50.93		44	7.42					189	31.87		593
	FOURTH				Excluded					7	23.33		11	36.67		5	16.67					7	23.33		30
		TOTAL								35	5.90		313	52.78		49	8.26					196	33.05		593
	FIFTH										Excluded		10	28.57		14	40.00					11	31.43		35
		TOTAL											323	54.47		63	10.62					207	34.91		593
	SIXTH												14	22.22			Excluded					49	77.78		63
		TOTAL											337	56.83								256	43.17		593
													Elected												
																									
Irrewillipe                                                    																									
	FIRST			6	4.20		3	2.10		9	6.29		99	69.23		4	2.80		10	6.99		12	8.39		143
	SECOND			3	30.00		0	0.00		2	20.00		2	20.00		0	0.00			Excluded		3	30.00		10
		TOTAL		9	6.29		3	2.10		11	7.69		101	70.63		4	2.80					15	10.49		143
	THIRD			0	0.00			Excluded		0	0.00		1	33.33		1	33.33					1	33.33		3
		TOTAL		9	6.29					11	7.69		102	71.33		5	3.50					16	11.19		143
	FOURTH				Excluded					3	33.33		5	55.56		0	0.00					1	11.11		9
		TOTAL								14	9.79		107	74.83		5	3.50					17	11.89		143
	FIFTH										Excluded		5	35.71		4	28.57					5	35.71		14
		TOTAL											112	78.32		9	6.29					22	15.38		143
	SIXTH												1	11.11			Excluded					8	88.89		9
		TOTAL											113	79.02								30	20.98		143
													Elected												
																									
Lavers Hill                                                    																									
	FIRST			10	5.56		6	3.33		4	2.22		67	37.22		40	22.22		7	3.89		46	25.56		180
	SECOND			2	28.57		1	14.29		0	0.00		1	14.29		1	14.29			Excluded		2	28.57		7
		TOTAL		12	6.67		7	3.89		4	2.22		68	37.78		41	22.78					48	26.67		180
	THIRD			0	0.00			Excluded		1	14.29		2	28.57		3	42.86					1	14.29		7
		TOTAL		12	6.67					5	2.78		70	38.89		44	24.44					49	27.22		180
	FOURTH				Excluded					3	25.00		6	50.00		0	0.00					3	25.00		12
		TOTAL								8	4.44		76	42.22		44	24.44					52	28.89		180
	FIFTH										Excluded		4	50.00		4	50.00					0	0.00		8
		TOTAL											80	44.44		48	26.67					52	28.89		180
	SIXTH												11	22.92			Excluded					37	77.08		48
		TOTAL											91	50.56								89	49.44		180
													Elected												
																									
Lethbridge                                                     																									
	FIRST			21	4.98		6	1.42		17	4.03		177	41.94		19	4.50		8	1.90		174	41.23		422
	SECOND			1	12.50		0	0.00		0	0.00		2	25.00		3	37.50			Excluded		2	25.00		8
		TOTAL		22	5.21		6	1.42		17	4.03		179	42.42		22	5.21					176	41.71		422
	THIRD			0	0.00			Excluded		1	16.67		4	66.67		0	0.00					1	16.67		6
		TOTAL		22	5.21					18	4.27		183	43.36		22	5.21					177	41.94		422
	FOURTH				Excluded					13	59.09		6	27.27		0	0.00					3	13.64		22
		TOTAL								31	7.35		189	44.79		22	5.21					180	42.65		422
	FIFTH										Excluded		13	41.94		11	35.48					7	22.58		31
		TOTAL											202	47.87		33	7.82					187	44.31		422
	SIXTH												9	27.27			Excluded					24	72.73		33
		TOTAL											211	50.00								211	50.00		422
													Elected												
																									
Lorne                                                          																									
	FIRST			12	1.50		37	4.64		37	4.64		317	39.72		112	14.04		11	1.38		272	34.09		798
	SECOND			0	0.00		1	9.09		1	9.09		3	27.27		3	27.27			Excluded		3	27.27		11
		TOTAL		12	1.50		38	4.76		38	4.76		320	40.10		115	14.41					275	34.46		798
	THIRD			0	0.00			Excluded		7	18.42		7	18.42		23	60.53					1	2.63		38
		TOTAL		12	1.50					45	5.64		327	40.98		138	17.29					276	34.59		798
	FOURTH				Excluded					4	33.33		4	33.33		4	33.33					0	0.00		12
		TOTAL								49	6.14		331	41.48		142	17.79					276	34.59		798
	FIFTH										Excluded		16	32.65		20	40.82					13	26.53		49
		TOTAL											347	43.48		162	20.30					289	36.22		798
	SIXTH												42	25.93			Excluded					120	74.07		162
		TOTAL											389	48.75								409	51.25		798
													Elected												
																									
Mandama                                                        																									
	FIRST			57	2.07		55	1.99		208	7.54		1237	44.85		76	2.76		33	1.20		1092	39.59		2758
	SECOND			4	12.12		2	6.06		4	12.12		8	24.24		6	18.18			Excluded		9	27.27		33
		TOTAL		61	2.21		57	2.07		212	7.69		1245	45.14		82	2.97					1101	39.92		2758
	THIRD			1	1.75			Excluded		9	15.79		14	24.56		32	56.14					1	1.75		57
		TOTAL		62	2.25					221	8.01		1259	45.65		114	4.13					1102	39.96		2758
	FOURTH				Excluded					24	38.71		14	22.58		5	8.06					19	30.65		62
		TOTAL								245	8.88		1273	46.16		119	4.31					1121	40.65		2758
	FIFTH										Excluded		60	24.49		126	51.43					59	24.08		245
		TOTAL											1333	48.33		245	8.88					1180	42.78		2758
	SIXTH												113	46.12			Excluded					132	53.88		245
		TOTAL											1446	52.43								1312	47.57		2758
													Elected												
																									
Melbourne (Corangamite)                                        																									
	FIRST			2	3.08		1	1.54		7	10.77		29	44.62		5	7.69		2	3.08		19	29.23		65
	SECOND			0	0.00		0	0.00		1	50.00		0	0.00		1	50.00			Excluded		0	0.00		2
		TOTAL		2	3.08		1	1.54		8	12.31		29	44.62		6	9.23					19	29.23		65
	THIRD			0	0.00			Excluded		0	0.00		1	100.00		0	0.00					0	0.00		1
		TOTAL		2	3.08					8	12.31		30	46.15		6	9.23					19	29.23		65
	FOURTH				Excluded					0	0.00		1	50.00		0	0.00					1	50.00		2
		TOTAL								8	12.31		31	47.69		6	9.23					20	30.77		65
	FIFTH										Excluded		1	12.50		5	62.50					2	25.00		8
		TOTAL											32	49.23		11	16.92					22	33.85		65
	SIXTH												0	0.00			Excluded					11	100.00		11
		TOTAL											32	49.23								33	50.77		65
													Elected												
																									
Meredith                                                       																									
	FIRST			20	4.24		6	1.27		20	4.24		227	48.09		25	5.30		11	2.33		163	34.53		472
	SECOND			2	18.18		1	9.09		1	9.09		4	36.36		2	18.18			Excluded		1	9.09		11
		TOTAL		22	4.66		7	1.48		21	4.45		231	48.94		27	5.72					164	34.75		472
	THIRD			1	14.29			Excluded		2	28.57		0	0.00		2	28.57					2	28.57		7
		TOTAL		23	4.87					23	4.87		231	48.94		29	6.14					166	35.17		472
	FOURTH				Excluded					5	21.74		12	52.17		3	13.04					3	13.04		23
		TOTAL								28	5.93		243	51.48		32	6.78					169	35.81		472
	FIFTH										Excluded		8	28.57		12	42.86					8	28.57		28
		TOTAL											251	53.18		44	9.32					177	37.50		472
	SIXTH												16	36.36			Excluded					28	63.64		44
		TOTAL											267	56.57								205	43.43		472
													Elected												
																									
Moriac                                                         																									
	FIRST			21	2.63		9	1.13		50	6.25		458	57.25		39	4.88		13	1.63		210	26.25		800
	SECOND			2	15.38		0	0.00		4	30.77		1	7.69		2	15.38			Excluded		4	30.77		13
		TOTAL		23	2.88		9	1.13		54	6.75		459	57.38		41	5.13					214	26.75		800
	THIRD			0	0.00			Excluded		1	11.11		5	55.56		3	33.33					0	0.00		9
		TOTAL		23	2.88					55	6.88		464	58.00		44	5.50					214	26.75		800
	FOURTH				Excluded					4	17.39		10	43.48		1	4.35					8	34.78		23
		TOTAL								59	7.38		474	59.25		45	5.63					222	27.75		800
	FIFTH										Excluded		11	18.64		27	45.76					21	35.59		59
		TOTAL											485	60.63		72	9.00					243	30.38		800
	SIXTH												27	37.50			Excluded					45	62.50		72
		TOTAL											512	64.00								288	36.00		800
													Elected												
																									
Mount Duneed                                                   																									
	FIRST			16	3.52		8	1.76		20	4.41		232	51.10		22	4.85		12	2.64		144	31.72		454
	SECOND			4	33.33		1	8.33		0	0.00		2	16.67		4	33.33			Excluded		1	8.33		12
		TOTAL		20	4.41		9	1.98		20	4.41		234	51.54		26	5.73					145	31.94		454
	THIRD			1	11.11			Excluded		1	11.11		2	22.22		4	44.44					1	11.11		9
		TOTAL		21	4.63					21	4.63		236	51.98		30	6.61					146	32.16		454
	FOURTH				Excluded					6	28.57		11	52.38		0	0.00					4	19.05		21
		TOTAL								27	5.95		247	54.41		30	6.61					150	33.04		454
	FIFTH										Excluded		5	18.52		15	55.56					7	25.93		27
		TOTAL											252	55.51		45	9.91					157	34.58		454
	SIXTH												19	42.22			Excluded					26	57.78		45
		TOTAL											271	59.69								183	40.31		454
													Elected												
																									
Oberon                                                         																									
	FIRST			41	2.25		62	3.40		166	9.10		708	38.82		82	4.50		22	1.21		743	40.73		1824
	SECOND			4	18.18		2	9.09		4	18.18		1	4.55		6	27.27			Excluded		5	22.73		22
		TOTAL		45	2.47		64	3.51		170	9.32		709	38.87		88	4.82					748	41.01		1824
	THIRD			4	6.25			Excluded		6	9.38		10	15.63		42	65.63					2	3.13		64
		TOTAL		49	2.69					176	9.65		719	39.42		130	7.13					750	41.12		1824
	FOURTH				Excluded					19	38.78		13	26.53		11	22.45					6	12.24		49
		TOTAL								195	10.69		732	40.13		141	7.73					756	41.45		1824
	FIFTH										Excluded		41	21.03		114	58.46					40	20.51		195
		TOTAL											773	42.38		255	13.98					796	43.64		1824
	SIXTH												112	43.92			Excluded					143	56.08		255
		TOTAL											885	48.52								939	51.48		1824
													Elected												
																									
Oberon South                                                   																									
	FIRST			38	2.49		27	1.77		90	5.91		672	44.09		72	4.72		30	1.97		595	39.04		1524
	SECOND			4	13.33		2	6.67		10	33.33		10	33.33		3	10.00			Excluded		1	3.33		30
		TOTAL		42	2.76		29	1.90		100	6.56		682	44.75		75	4.92					596	39.11		1524
	THIRD			1	3.45			Excluded		2	6.90		6	20.69		18	62.07					2	6.90		29
		TOTAL		43	2.82					102	6.69		688	45.14		93	6.10					598	39.24		1524
	FOURTH				Excluded					14	32.56		16	37.21		7	16.28					6	13.95		43
		TOTAL								116	7.61		704	46.19		100	6.56					604	39.63		1524
	FIFTH										Excluded		33	28.45		56	48.28					27	23.28		116
		TOTAL											737	48.36		156	10.24					631	41.40		1524
	SIXTH												56	35.90			Excluded					100	64.10		156
		TOTAL											793	52.03								731	47.97		1524
													Elected												
																									
Ocean Grove                                                    																									
	FIRST			41	1.47		51	1.82		255	9.12		1224	43.78		222	7.94		21	0.75		982	35.12		2796
	SECOND			2	9.52		0	0.00		6	28.57		0	0.00		5	23.81			Excluded		8	38.10		21
		TOTAL		43	1.54		51	1.82		261	9.33		1224	43.78		227	8.12					990	35.41		2796
	THIRD			2	3.92			Excluded		9	17.65		15	29.41		22	43.14					3	5.88		51
		TOTAL		45	1.61					270	9.66		1239	44.31		249	8.91					993	35.52		2796
	FOURTH				Excluded					16	35.56		15	33.33		6	13.33					8	17.78		45
		TOTAL								286	10.23		1254	44.85		255	9.12					1001	35.80		2796
	FIFTH										Excluded		51	17.83		186	65.03					49	17.13		286
		TOTAL											1305	46.67		441	15.77					1050	37.55		2796
	SIXTH												123	27.89			Excluded					318	72.11		441
		TOTAL											1428	51.07								1368	48.93		2796
													Elected												
																									
Pirron Yallock (Corangamite)                                   																									
	FIRST			6	3.80		1	0.63		6	3.80		103	65.19		5	3.16		13	8.23		24	15.19		158
	SECOND			2	15.38		2	15.38		1	7.69		7	53.85		0	0.00			Excluded		1	7.69		13
		TOTAL		8	5.06		3	1.90		7	4.43		110	69.62		5	3.16					25	15.82		158
	THIRD			1	33.33			Excluded		2	66.67		0	0.00		0	0.00					0	0.00		3
		TOTAL		9	5.70					9	5.70		110	69.62		5	3.16					25	15.82		158
	FOURTH				Excluded					3	33.33		4	44.44		1	11.11					1	11.11		9
		TOTAL								12	7.59		114	72.15		6	3.80					26	16.46		158
	FIFTH										Excluded		5	41.67		4	33.33					3	25.00		12
		TOTAL											119	75.32		10	6.33					29	18.35		158
	SIXTH												6	60.00			Excluded					4	40.00		10
		TOTAL											125	79.11								33	20.89		158
													Elected												
																									
Point Lonsdale                                                 																									
	FIRST			30	1.77		62	3.66		88	5.20		911	53.84		125	7.39		19	1.12		457	27.01		1692
	SECOND			6	31.58		1	5.26		1	5.26		4	21.05		5	26.32			Excluded		2	10.53		19
		TOTAL		36	2.13		63	3.72		89	5.26		915	54.08		130	7.68					459	27.13		1692
	THIRD			4	6.35			Excluded		2	3.17		15	23.81		38	60.32					4	6.35		63
		TOTAL		40	2.36					91	5.38		930	54.96		168	9.93					463	27.36		1692
	FOURTH				Excluded					12	30.00		15	37.50		7	17.50					6	15.00		40
		TOTAL								103	6.09		945	55.85		175	10.34					469	27.72		1692
	FIFTH										Excluded		21	20.39		62	60.19					20	19.42		103
		TOTAL											966	57.09		237	14.01					489	28.90		1692
	SIXTH												69	29.11			Excluded					168	70.89		237
		TOTAL											1035	61.17								657	38.83		1692
													Elected												
																									
Portarlington                                                  																									
	FIRST			58	2.69		74	3.43		105	4.87		927	43.00		64	2.97		18	0.83		910	42.21		2156
	SECOND			1	5.56		1	5.56		3	16.67		1	5.56		3	16.67			Excluded		9	50.00		18
		TOTAL		59	2.74		75	3.48		108	5.01		928	43.04		67	3.11					919	42.63		2156
	THIRD			3	4.00			Excluded		3	4.00		9	12.00		55	73.33					5	6.67		75
		TOTAL		62	2.88					111	5.15		937	43.46		122	5.66					924	42.86		2156
	FOURTH				Excluded					23	37.10		19	30.65		11	17.74					9	14.52		62
		TOTAL								134	6.22		956	44.34		133	6.17					933	43.27		2156
	FIFTH										Excluded		34	25.37		75	55.97					25	18.66		134
		TOTAL											990	45.92		208	9.65					958	44.43		2156
	SIXTH												88	42.31			Excluded					120	57.69		208
		TOTAL											1078	50.00								1078	50.00		2156
													Elected												
																									
Queenscliff                                                    																									
	FIRST			15	1.86		14	1.73		49	6.06		358	44.31		87	10.77		1	0.12		284	35.15		808
	SECOND			0	0.00		0	0.00		0	0.00		0	0.00		0	0.00			Excluded		1	100.00		1
		TOTAL		15	1.86		14	1.73		49	6.06		358	44.31		87	10.77					285	35.27		808
	THIRD			1	7.14			Excluded		0	0.00		3	21.43		7	50.00					3	21.43		14
		TOTAL		16	1.98					49	6.06		361	44.68		94	11.63					288	35.64		808
	FOURTH				Excluded					5	31.25		8	50.00		1	6.25					2	12.50		16
		TOTAL								54	6.68		369	45.67		95	11.76					290	35.89		808
	FIFTH										Excluded		8	14.81		37	68.52					9	16.67		54
		TOTAL											377	46.66		132	16.34					299	37.00		808
	SIXTH												24	18.18			Excluded					108	81.82		132
		TOTAL											401	49.63								407	50.37		808
													Elected												
																									
Rokewood                                                       																									
	FIRST			5	2.51		1	0.50		9	4.52		120	60.30		5	2.51		4	2.01		55	27.64		199
	SECOND			1	25.00		1	25.00		0	0.00		0	0.00		1	25.00			Excluded		1	25.00		4
		TOTAL		6	3.02		2	1.01		9	4.52		120	60.30		6	3.02					56	28.14		199
	THIRD			0	0.00			Excluded		1	50.00		1	50.00		0	0.00					0	0.00		2
		TOTAL		6	3.02					10	5.03		121	60.80		6	3.02					56	28.14		199
	FOURTH				Excluded					1	16.67		2	33.33		1	16.67					2	33.33		6
		TOTAL								11	5.53		123	61.81		7	3.52					58	29.15		199
	FIFTH										Excluded		5	45.45		5	45.45					1	9.09		11
		TOTAL											128	64.32		12	6.03					59	29.65		199
	SIXTH												5	41.67			Excluded					7	58.33		12
		TOTAL											133	66.83								66	33.17		199
													Elected												
																									
Shelford                                                       																									
	FIRST			5	2.98		3	1.79		6	3.57		106	63.10		12	7.14		4	2.38		32	19.05		168
	SECOND			0	0.00		1	25.00		0	0.00		1	25.00		0	0.00			Excluded		2	50.00		4
		TOTAL		5	2.98		4	2.38		6	3.57		107	63.69		12	7.14					34	20.24		168
	THIRD			0	0.00			Excluded		0	0.00		1	25.00		2	50.00					1	25.00		4
		TOTAL		5	2.98					6	3.57		108	64.29		14	8.33					35	20.83		168
	FOURTH				Excluded					2	40.00		1	20.00		0	0.00					2	40.00		5
		TOTAL								8	4.76		109	64.88		14	8.33					37	22.02		168
	FIFTH										Excluded		3	37.50		3	37.50					2	25.00		8
		TOTAL											112	66.67		17	10.12					39	23.21		168
	SIXTH												4	23.53			Excluded					13	76.47		17
		TOTAL											116	69.05								52	30.95		168
													Elected												
																									
Simpson (Corangamite)                                          																									
	FIRST			10	5.43		2	1.09		1	0.54		153	83.15		3	1.63		3	1.63		12	6.52		184
	SECOND			1	33.33		0	0.00		0	0.00		0	0.00		0	0.00			Excluded		2	66.67		3
		TOTAL		11	5.98		2	1.09		1	0.54		153	83.15		3	1.63					14	7.61		184
	THIRD			0	0.00			Excluded		0	0.00		2	100.00		0	0.00					0	0.00		2
		TOTAL		11	5.98					1	0.54		155	84.24		3	1.63					14	7.61		184
	FOURTH				Excluded					6	54.55		4	36.36		0	0.00					1	9.09		11
		TOTAL								7	3.80		159	86.41		3	1.63					15	8.15		184
	FIFTH										Excluded		4	57.14		2	28.57					1	14.29		7
		TOTAL											163	88.59		5	2.72					16	8.70		184
	SIXTH												2	40.00			Excluded					3	60.00		5
		TOTAL											165	89.67								19	10.33		184
													Elected												
																									
St Leonards                                                    																									
	FIRST			45	3.59		22	1.76		32	2.55		514	41.02		34	2.71		9	0.72		597	47.65		1253
	SECOND			0	0.00		0	0.00		1	11.11		1	11.11		2	22.22			Excluded		5	55.56		9
		TOTAL		45	3.59		22	1.76		33	2.63		515	41.10		36	2.87					602	48.04		1253
	THIRD			3	13.64			Excluded		2	9.09		3	13.64		11	50.00					3	13.64		22
		TOTAL		48	3.83					35	2.79		518	41.34		47	3.75					605	48.28		1253
	FOURTH				Excluded					16	33.33		16	33.33		5	10.42					11	22.92		48
		TOTAL								51	4.07		534	42.62		52	4.15					616	49.16		1253
	FIFTH										Excluded		22	43.14		17	33.33					12	23.53		51
		TOTAL											556	44.37		69	5.51					628	50.12		1253
	SIXTH												15	21.74			Excluded					54	78.26		69
		TOTAL											571	45.57								682	54.43		1253
													Elected												
																									
Teesdale                                                       																									
	FIRST			20	3.27		7	1.15		39	6.38		212	34.70		53	8.67		8	1.31		272	44.52		611
	SECOND			2	25.00		1	12.50		1	12.50		0	0.00		1	12.50			Excluded		3	37.50		8
		TOTAL		22	3.60		8	1.31		40	6.55		212	34.70		54	8.84					275	45.01		611
	THIRD			2	25.00			Excluded		1	12.50		4	50.00		1	12.50					0	0.00		8
		TOTAL		24	3.93					41	6.71		216	35.35		55	9.00					275	45.01		611
	FOURTH				Excluded					6	25.00		8	33.33		4	16.67					6	25.00		24
		TOTAL								47	7.69		224	36.66		59	9.66					281	45.99		611
	FIFTH										Excluded		12	25.53		17	36.17					18	38.30		47
		TOTAL											236	38.63		76	12.44					299	48.94		611
	SIXTH												18	23.68			Excluded					58	76.32		76
		TOTAL											254	41.57								357	58.43		611
													Elected												
																									
Torquay                                                        																									
	FIRST			36	1.41		71	2.78		181	7.09		1106	43.34		283	11.09		14	0.55		861	33.74		2552
	SECOND			2	14.29		1	7.14		3	21.43		2	14.29		2	14.29			Excluded		4	28.57		14
		TOTAL		38	1.49		72	2.82		184	7.21		1108	43.42		285	11.17					865	33.89		2552
	THIRD			7	9.72			Excluded		9	12.50		18	25.00		36	50.00					2	2.78		72
		TOTAL		45	1.76					193	7.56		1126	44.12		321	12.58					867	33.97		2552
	FOURTH				Excluded					22	48.89		15	33.33		2	4.44					6	13.33		45
		TOTAL								215	8.42		1141	44.71		323	12.66					873	34.21		2552
	FIFTH										Excluded		46	21.40		131	60.93					38	17.67		215
		TOTAL											1187	46.51		454	17.79					911	35.70		2552
	SIXTH												132	29.07			Excluded					322	70.93		454
		TOTAL											1319	51.68								1233	48.32		2552
													Elected												
																									
Torquay North                                                  																									
	FIRST			22	1.18		22	1.18		161	8.62		724	38.76		277	14.83		14	0.75		648	34.69		1868
	SECOND			0	0.00		1	7.14		5	35.71		2	14.29		1	7.14			Excluded		5	35.71		14
		TOTAL		22	1.18		23	1.23		166	8.89		726	38.87		278	14.88					653	34.96		1868
	THIRD			1	4.35			Excluded		5	21.74		6	26.09		10	43.48					1	4.35		23
		TOTAL		23	1.23					171	9.15		732	39.19		288	15.42					654	35.01		1868
	FOURTH				Excluded					7	30.43		9	39.13		4	17.39					3	13.04		23
		TOTAL								178	9.53		741	39.67		292	15.63					657	35.17		1868
	FIFTH										Excluded		29	16.29		119	66.85					30	16.85		178
		TOTAL											770	41.22		411	22.00					687	36.78		1868
	SIXTH												102	24.82			Excluded					309	75.18		411
		TOTAL											872	46.68								996	53.32		1868
													Elected												
																									
Wallington                                                     																									
	FIRST			14	1.92		13	1.78		45	6.16		406	55.62		34	4.66		6	0.82		212	29.04		730
	SECOND			1	16.67		0	0.00		1	16.67		1	16.67		2	33.33			Excluded		1	16.67		6
		TOTAL		15	2.05		13	1.78		46	6.30		407	55.75		36	4.93					213	29.18		730
	THIRD			1	7.69			Excluded		3	23.08		4	30.77		4	30.77					1	7.69		13
		TOTAL		16	2.19					49	6.71		411	56.30		40	5.48					214	29.32		730
	FOURTH				Excluded					4	25.00		5	31.25		5	31.25					2	12.50		16
		TOTAL								53	7.26		416	56.99		45	6.16					216	29.59		730
	FIFTH										Excluded		17	32.08		25	47.17					11	20.75		53
		TOTAL											433	59.32		70	9.59					227	31.10		730
	SIXTH												31	44.29			Excluded					39	55.71		70
		TOTAL											464	63.56								266	36.44		730
													Elected												
																									
Warrion                                                        																									
	FIRST			7	4.64		3	1.99		2	1.32		98	64.90		1	0.66		8	5.30		32	21.19		151
	SECOND			1	12.50		0	0.00		0	0.00		3	37.50		0	0.00			Excluded		4	50.00		8
		TOTAL		8	5.30		3	1.99		2	1.32		101	66.89		1	0.66					36	23.84		151
	THIRD			0	0.00			Excluded		2	66.67		1	33.33		0	0.00					0	0.00		3
		TOTAL		8	5.30					4	2.65		102	67.55		1	0.66					36	23.84		151
	FOURTH				Excluded					4	50.00		4	50.00		0	0.00					0	0.00		8
		TOTAL								8	5.30		106	70.20		1	0.66					36	23.84		151
	FIFTH										Excluded		4	50.00		1	12.50					3	37.50		8
		TOTAL											110	72.85		2	1.32					39	25.83		151
	SIXTH												1	50.00			Excluded					1	50.00		2
		TOTAL											111	73.51								40	26.49		151
													Elected												
																									
Winchelsea                                                     																									
	FIRST			49	4.46		9	0.82		39	3.55		492	44.77		53	4.82		15	1.36		442	40.22		1099
	SECOND			4	26.67		0	0.00		3	20.00		1	6.67		4	26.67			Excluded		3	20.00		15
		TOTAL		53	4.82		9	0.82		42	3.82		493	44.86		57	5.19					445	40.49		1099
	THIRD			1	11.11			Excluded		2	22.22		2	22.22		2	22.22					2	22.22		9
		TOTAL		54	4.91					44	4.00		495	45.04		59	5.37					447	40.67		1099
	FOURTH				Excluded					17	31.48		16	29.63		8	14.81					13	24.07		54
		TOTAL								61	5.55		511	46.50		67	6.10					460	41.86		1099
	FIFTH										Excluded		21	34.43		24	39.34					16	26.23		61
		TOTAL											532	48.41		91	8.28					476	43.31		1099
	SIXTH												28	30.77			Excluded					63	69.23		91
		TOTAL											560	50.96								539	49.04		1099
													Elected												
																									
Wiridjil (Corangamite)                                         																									
	FIRST			3	3.23		0	0.00		2	2.15		76	81.72		1	1.08		0	0.00		11	11.83		93
	SECOND			0	0.00		0	0.00		0	0.00		0	0.00		0	0.00			Excluded		0	0.00		0
		TOTAL		3	3.23		0	0.00		2	2.15		76	81.72		1	1.08					11	11.83		93
	THIRD			0	0.00			Excluded		0	0.00		0	0.00		0	0.00					0	0.00		0
		TOTAL		3	3.23					2	2.15		76	81.72		1	1.08					11	11.83		93
	FOURTH				Excluded					0	0.00		2	66.67		1	33.33					0	0.00		3
		TOTAL								2	2.15		78	83.87		2	2.15					11	11.83		93
	FIFTH										Excluded		0	0.00		2	100.00					0	0.00		2
		TOTAL											78	83.87		4	4.30					11	11.83		93
	SIXTH												2	50.00			Excluded					2	50.00		4
		TOTAL											80	86.02								13	13.98		93
													Elected												
																									
Wurdi Boluc                                                    																									
	FIRST			5	3.23		1	0.65		4	2.58		76	49.03		7	4.52		5	3.23		57	36.77		155
	SECOND			0	0.00		1	20.00		0	0.00		1	20.00		1	20.00			Excluded		2	40.00		5
		TOTAL		5	3.23		2	1.29		4	2.58		77	49.68		8	5.16					59	38.06		155
	THIRD			1	50.00			Excluded		0	0.00		0	0.00		0	0.00					1	50.00		2
		TOTAL		6	3.87					4	2.58		77	49.68		8	5.16					60	38.71		155
	FOURTH				Excluded					0	0.00		5	83.33		0	0.00					1	16.67		6
		TOTAL								4	2.58		82	52.90		8	5.16					61	39.35		155
	FIFTH										Excluded		2	50.00		1	25.00					1	25.00		4
		TOTAL											84	54.19		9	5.81					62	40.00		155
	SIXTH												1	11.11			Excluded					8	88.89		9
		TOTAL											85	54.84								70	45.16		155
													Elected												
																									
Special Hospital Team 1                                        																									
	FIRST			4	3.05		2	1.53		2	1.53		84	64.12		0	0.00		2	1.53		37	28.24		131
	SECOND			0	0.00		0	0.00		0	0.00		1	50.00		1	50.00			Excluded		0	0.00		2
		TOTAL		4	3.05		2	1.53		2	1.53		85	64.89		1	0.76					37	28.24		131
	THIRD			0	0.00			Excluded		2	100.00		0	0.00		0	0.00					0	0.00		2
		TOTAL		4	3.05					4	3.05		85	64.89		1	0.76					37	28.24		131
	FOURTH				Excluded					3	75.00		0	0.00		0	0.00					1	25.00		4
		TOTAL								7	5.34		85	64.89		1	0.76					38	29.01		131
	FIFTH										Excluded		5	71.43		2	28.57					0	0.00		7
		TOTAL											90	68.70		3	2.29					38	29.01		131
	SIXTH												1	33.33			Excluded					2	66.67		3
		TOTAL											91	69.47								40	30.53		131
													Elected												
																									
Special Hospital Team 2                                        																									
	FIRST			4	6.67		1	1.67		1	1.67		42	70.00		0	0.00		0	0.00		12	20.00		60
	SECOND			0	0.00		0	0.00		0	0.00		0	0.00		0	0.00			Excluded		0	0.00		0
		TOTAL		4	6.67		1	1.67		1	1.67		42	70.00		0	0.00					12	20.00		60
	THIRD			0	0.00			Excluded		0	0.00		1	100.00		0	0.00					0	0.00		1
		TOTAL		4	6.67					1	1.67		43	71.67		0	0.00					12	20.00		60
	FOURTH				Excluded					3	75.00		0	0.00		1	25.00					0	0.00		4
		TOTAL								4	6.67		43	71.67		1	1.67					12	20.00		60
	FIFTH										Excluded		3	75.00		0	0.00					1	25.00		4
		TOTAL											46	76.67		1	1.67					13	21.67		60
	SIXTH												0	0.00			Excluded					1	100.00		1
		TOTAL											46	76.67								14	23.33		60
													Elected												
																									
ABSENT																									
	FIRST			137	2.89		145	3.06		441	9.30		1972	41.60		478	10.08		101	2.13		1466	30.93		4740
	SECOND			9	8.91		8	7.92		16	15.84		23	22.77		24	23.76			Excluded		21	20.79		101
		TOTAL		146	3.08		153	3.23		457	9.64		1995	42.09		502	10.59					1487	31.37		4740
	THIRD			17	11.11			Excluded		28	18.30		61	39.87		35	22.88					12	7.84		153
		TOTAL		163	3.44					485	10.23		2056	43.38		537	11.33					1499	31.62		4740
	FOURTH				Excluded					69	42.33		36	22.09		25	15.34					33	20.25		163
		TOTAL								554	11.69		2092	44.14		562	11.86					1532	32.32		4740
	FIFTH										Excluded		161	29.06		240	43.32					153	27.62		554
		TOTAL											2253	47.53		802	16.92					1685	35.55		4740
	SIXTH												314	39.15			Excluded					488	60.85		802
		TOTAL											2567	54.16								2173	45.84		4740
													Elected												
																									
POSTAL																									
	FIRST			111	2.78		58	1.45		185	4.63		2407	60.22		138	3.45		65	1.63		1033	25.84		3997
	SECOND			7	10.77		4	6.15		13	20.00		13	20.00		9	13.85			Excluded		19	29.23		65
		TOTAL		118	2.95		62	1.55		198	4.95		2420	60.55		147	3.68					1052	26.32		3997
	THIRD			6	9.68			Excluded		10	16.13		25	40.32		16	25.81					5	8.06		62
		TOTAL		124	3.10					208	5.20		2445	61.17		163	4.08					1057	26.44		3997
	FOURTH				Excluded					27	21.77		40	32.26		20	16.13					37	29.84		124
		TOTAL								235	5.88		2485	62.17		183	4.58					1094	27.37		3997
	FIFTH										Excluded		69	29.36		84	35.74					82	34.89		235
		TOTAL											2554	63.90		267	6.68					1176	29.42		3997
	SIXTH												94	35.21			Excluded					173	64.79		267
		TOTAL											2648	66.25								1349	33.75		3997
													Elected												
																									
PRE POLL																									
	FIRST			128	2.94		72	1.65		270	6.21		2131	48.98		217	4.99		78	1.79		1455	33.44		4351
	SECOND			13	16.67		6	7.69		16	20.51		11	14.10		16	20.51			Excluded		16	20.51		78
		TOTAL		141	3.24		78	1.79		286	6.57		2142	49.23		233	5.36					1471	33.81		4351
	THIRD			14	17.95			Excluded		12	15.38		31	39.74		16	20.51					5	6.41		78
		TOTAL		155	3.56					298	6.85		2173	49.94		249	5.72					1476	33.92		4351
	FOURTH				Excluded					53	34.19		41	26.45		26	16.77					35	22.58		155
		TOTAL								351	8.07		2214	50.88		275	6.32					1511	34.73		4351
	FIFTH										Excluded		105	29.91		150	42.74					96	27.35		351
		TOTAL											2319	53.30		425	9.77					1607	36.93		4351
	SIXTH												134	31.53			Excluded					291	68.47		425
		TOTAL											2453	56.38								1898	43.62		4351
													Elected												
																									
PROVISIONAL																									
	FIRST			9	1.86		15	3.09		53	10.93		203	41.86		44	9.07		7	1.44		154	31.75		485
	SECOND			0	0.00		0	0.00		0	0.00		2	28.57		4	57.14			Excluded		1	14.29		7
		TOTAL		9	1.86		15	3.09		53	10.93		205	42.27		48	9.90					155	31.96		485
	THIRD			0	0.00			Excluded		1	6.67		6	40.00		8	53.33					0	0.00		15
		TOTAL		9	1.86					54	11.13		211	43.51		56	11.55					155	31.96		485
	FOURTH				Excluded					2	22.22		3	33.33		1	11.11					3	33.33		9
		TOTAL								56	11.55		214	44.12		57	11.75					158	32.58		485
	FIFTH										Excluded		15	26.79		29	51.79					12	21.43		56
		TOTAL											229	47.22		86	17.73					170	35.05		485
	SIXTH												23	26.74			Excluded					63	73.26		86
		TOTAL											252	51.96								233	48.04		485
													Elected												
																									
																									
																									
																									
																									
																									
																									
																									
																									
																									
																									
																									
																									
																									
																									
																									
																									
																									
																									
																									
																									
																									
																									
																									
																									
																									
																									
																									
																									
																									
																									
																									
																									
																									
																									
																									
																									
																									
																									
																									
																									
																									
																									
																									
																									
																									
																									
																									
																									
																									
																									
																									
																									
																									
																									
																									
																									
																									
																									
																									
																									
																									
																									
																									
																									
																									
																									
																									
																									
																									
																									
																									
																									
																									
																									
																									
																									
																									
																									
																									
																									
																									
																									
																									
																									
																									
																									
																									
																									
																									
																									
																									
																									
																									
																									
																									
																									
																									
																									
																									
																									
																									
																									
																									
																									
																									
																									
																									
																									
																									
																									
																									
																									
																									
																									
																									
																									
																									
																									
																									
																									
																									
																									
																									
																									
																									
																									
																									
																									
																									
																									
																									
																									
																									
																									
																									
																									
																									
																									
																									
																									
																									
																									
																									
																									
																									
																									
																									
																									
																									
																									
																									
																									
																									
																									
																									
																									
																									
																									
																									
																									
																									
																									
																									
																									
																									
																									
																									
																									
																									
																									
																									
																									
																									
																									
																									
																									
																									
																									
																									
																									
																									
																									
																									
																									
																									
																									
																									
																									
																									
																									
																									
																									
																									
																									
																									
																									
																									
																									
																									
																									
																									
																									
																									
																									
																									
																									
																									
																									
																									
																									
																									
																									
																									
																									
																									
																									
																									
																									
																									
																									
																									
																									
																									
																									
																									
																									
																									
																									
																									
																									
																									
																									
																									
																									
																									
																									
																									
																									
																									
																									
																									
																									
																									
																									
																									
																									
																									
																									
																									
																									
																									
																									
																									
																									
																									
																									
																									
																									
																									
																									
																									
																									
																									
																									
																									
																									
																									
																									
																									
																									
																									
