House of Representatives - 2001 Election: Victoria																													
Distribution of Preferences																													
By Polling Place																													
La Trobe																													
				CHARLES			SMITH			HOLLAND			STAINDL			VOIGT			SCOTT			DEAN			ALLEN				
				Bob			Craig			Tony			Philip			Wolfgang			June			Frank			Jason				
				LP			GRN			DEM			ALP			CTA			HAN			IND			IND				
	Count			Votes	%		Votes	%		Votes	%		Votes	%		Votes	%		Votes	%		Votes	%		Votes	%		Total	
Bayswater East                                                 																													
	FIRST			367	44.81		38	4.64		60	7.33		313	38.22		17	2.08		17	2.08		4	0.49		3	0.37		819	
	SECOND			1	25.00		0	0.00		0	0.00		0	0.00		0	0.00		0	0.00			Excluded		3	75.00		4	
		TOTAL		368	44.93		38	4.64		60	7.33		313	38.22		17	2.08		17	2.08					6	0.73		819	
	THIRD			0	0.00		0	0.00		3	50.00		0	0.00		0	0.00		3	50.00						Excluded		6	
		TOTAL		368	44.93		38	4.64		63	7.69		313	38.22		17	2.08		20	2.44								819	
	FOURTH			6	35.29		1	5.88		8	47.06		2	11.76			Excluded		0	0.00								17	
		TOTAL		374	45.67		39	4.76		71	8.67		315	38.46					20	2.44								819	
	FIFTH			10	50.00		1	5.00		2	10.00		7	35.00						Excluded								20	
		TOTAL		384	46.89		40	4.88		73	8.91		322	39.32														819	
	SIXTH			6	15.00			Excluded		25	62.50		9	22.50														40	
		TOTAL		390	47.62					98	11.97		331	40.42														819	
	SEVENTH			38	38.78						Excluded		60	61.22														98	
		TOTAL		428	52.26								391	47.74														819	
				Elected																									
																													
Beaconsfield                                                   																													
	FIRST			891	55.31		88	5.46		109	6.77		454	28.18		22	1.37		29	1.80		12	0.74		6	0.37		1611	
	SECOND			0	0.00		1	8.33		0	0.00		0	0.00		0	0.00		1	8.33			Excluded		10	83.33		12	
		TOTAL		891	55.31		89	5.52		109	6.77		454	28.18		22	1.37		30	1.86					16	0.99		1611	
	THIRD			4	25.00		4	25.00		3	18.75		0	0.00		3	18.75		2	12.50						Excluded		16	
		TOTAL		895	55.56		93	5.77		112	6.95		454	28.18		25	1.55		32	1.99								1611	
	FOURTH			9	36.00		1	4.00		9	36.00		0	0.00			Excluded		6	24.00								25	
		TOTAL		904	56.11		94	5.83		121	7.51		454	28.18					38	2.36								1611	
	FIFTH			13	34.21		9	23.68		9	23.68		7	18.42						Excluded								38	
		TOTAL		917	56.92		103	6.39		130	8.07		461	28.62														1611	
	SIXTH			19	18.45			Excluded		66	64.08		18	17.48														103	
		TOTAL		936	58.10					196	12.17		479	29.73														1611	
	SEVENTH			77	39.29						Excluded		119	60.71														196	
		TOTAL		1013	62.88								598	37.12														1611	
				Elected																									
																													
Beaconsfield Upper                                             																													
	FIRST			967	58.39		114	6.88		121	7.31		404	24.40		11	0.66		23	1.39		5	0.30		11	0.66		1656	
	SECOND			1	20.00		1	20.00		0	0.00		0	0.00		0	0.00		0	0.00			Excluded		3	60.00		5	
		TOTAL		968	58.45		115	6.94		121	7.31		404	24.40		11	0.66		23	1.39					14	0.85		1656	
	THIRD			0	0.00		2	14.29		2	14.29		2	14.29		2	14.29		6	42.86						Excluded		14	
		TOTAL		968	58.45		117	7.07		123	7.43		406	24.52		13	0.79		29	1.75								1656	
	FOURTH			7	53.85		2	15.38		0	0.00		4	30.77			Excluded		0	0.00								13	
		TOTAL		975	58.88		119	7.19		123	7.43		410	24.76					29	1.75								1656	
	FIFTH			6	20.69		8	27.59		6	20.69		9	31.03						Excluded								29	
		TOTAL		981	59.24		127	7.67		129	7.79		419	25.30														1656	
	SIXTH			18	14.17			Excluded		84	66.14		25	19.69														127	
		TOTAL		999	60.33					213	12.86		444	26.81														1656	
	SEVENTH			83	38.97						Excluded		130	61.03														213	
		TOTAL		1082	65.34								574	34.66														1656	
				Elected																									
																													
Belgrave                                                       																													
	FIRST			445	31.95		212	15.22		138	9.91		525	37.69		24	1.72		25	1.79		7	0.50		17	1.22		1393	
	SECOND			0	0.00		0	0.00		1	14.29		0	0.00		0	0.00		1	14.29			Excluded		5	71.43		7	
		TOTAL		445	31.95		212	15.22		139	9.98		525	37.69		24	1.72		26	1.87					22	1.58		1393	
	THIRD			4	18.18		7	31.82		1	4.55		1	4.55		3	13.64		6	27.27						Excluded		22	
		TOTAL		449	32.23		219	15.72		140	10.05		526	37.76		27	1.94		32	2.30								1393	
	FOURTH			14	51.85		2	7.41		4	14.81		6	22.22			Excluded		1	3.70								27	
		TOTAL		463	33.24		221	15.87		144	10.34		532	38.19					33	2.37								1393	
	FIFTH			6	18.18		11	33.33		3	9.09		13	39.39						Excluded								33	
		TOTAL		469	33.67		232	16.65		147	10.55		545	39.12														1393	
	SIXTH			21	9.05			Excluded		146	62.93		65	28.02														232	
		TOTAL		490	35.18					293	21.03		610	43.79														1393	
	SEVENTH			80	27.30						Excluded		213	72.70														293	
		TOTAL		570	40.92								823	59.08														1393	
				Elected																									
																													
Belgrave South                                                 																													
	FIRST			960	45.07		197	9.25		186	8.73		697	32.72		37	1.74		33	1.55		4	0.19		16	0.75		2130	
	SECOND			1	25.00		0	0.00		0	0.00		0	0.00		1	25.00		0	0.00			Excluded		2	50.00		4	
		TOTAL		961	45.12		197	9.25		186	8.73		697	32.72		38	1.78		33	1.55					18	0.85		2130	
	THIRD			4	22.22		3	16.67		6	33.33		0	0.00		2	11.11		3	16.67						Excluded		18	
		TOTAL		965	45.31		200	9.39		192	9.01		697	32.72		40	1.88		36	1.69								2130	
	FOURTH			29	72.50		4	10.00		2	5.00		3	7.50			Excluded		2	5.00								40	
		TOTAL		994	46.67		204	9.58		194	9.11		700	32.86					38	1.78								2130	
	FIFTH			10	26.32		10	26.32		8	21.05		10	26.32						Excluded								38	
		TOTAL		1004	47.14		214	10.05		202	9.48		710	33.33														2130	
	SIXTH			22	10.28			Excluded		146	68.22		46	21.50														214	
		TOTAL		1026	48.17					348	16.34		756	35.49														2130	
	SEVENTH			107	30.75						Excluded		241	69.25														348	
		TOTAL		1133	53.19								997	46.81														2130	
				Elected																									
																													
Berwick                                                        																													
	FIRST			2946	62.80		185	3.94		307	6.54		1138	24.26		36	0.77		54	1.15		12	0.26		13	0.28		4691	
	SECOND			1	8.33		0	0.00		1	8.33		1	8.33		0	0.00		1	8.33			Excluded		8	66.67		12	
		TOTAL		2947	62.82		185	3.94		308	6.57		1139	24.28		36	0.77		55	1.17					21	0.45		4691	
	THIRD			6	28.57		4	19.05		3	14.29		3	14.29		1	4.76		4	19.05						Excluded		21	
		TOTAL		2953	62.95		189	4.03		311	6.63		1142	24.34		37	0.79		59	1.26								4691	
	FOURTH			21	56.76		4	10.81		7	18.92		1	2.70			Excluded		4	10.81								37	
		TOTAL		2974	63.40		193	4.11		318	6.78		1143	24.37					63	1.34								4691	
	FIFTH			27	42.86		10	15.87		9	14.29		17	26.98						Excluded								63	
		TOTAL		3001	63.97		203	4.33		327	6.97		1160	24.73														4691	
	SIXTH			32	15.76			Excluded		123	60.59		48	23.65														203	
		TOTAL		3033	64.66					450	9.59		1208	25.75														4691	
	SEVENTH			184	40.89						Excluded		266	59.11														450	
		TOTAL		3217	68.58								1474	31.42														4691	
				Elected																									
																													
Berwick Lodge                                                  																													
	FIRST			1267	50.92		66	2.65		175	7.03		885	35.57		42	1.69		26	1.05		10	0.40		17	0.68		2488	
	SECOND			0	0.00		1	10.00		0	0.00		0	0.00		0	0.00		2	20.00			Excluded		7	70.00		10	
		TOTAL		1267	50.92		67	2.69		175	7.03		885	35.57		42	1.69		28	1.13					24	0.96		2488	
	THIRD			6	25.00		3	12.50		1	4.17		3	12.50		5	20.83		6	25.00						Excluded		24	
		TOTAL		1273	51.17		70	2.81		176	7.07		888	35.69		47	1.89		34	1.37								2488	
	FOURTH			22	46.81		7	14.89		7	14.89		7	14.89			Excluded		4	8.51								47	
		TOTAL		1295	52.05		77	3.09		183	7.36		895	35.97					38	1.53								2488	
	FIFTH			14	36.84		11	28.95		6	15.79		7	18.42						Excluded								38	
		TOTAL		1309	52.61		88	3.54		189	7.60		902	36.25														2488	
	SIXTH			19	21.59			Excluded		45	51.14		24	27.27														88	
		TOTAL		1328	53.38					234	9.41		926	37.22														2488	
	SEVENTH			105	44.87						Excluded		129	55.13														234	
		TOTAL		1433	57.60								1055	42.40														2488	
				Elected																									
																													
Berwick South                                                  																													
	FIRST			1794	51.67		110	3.17		289	8.32		1141	32.86		49	1.41		53	1.53		17	0.49		19	0.55		3472	
	SECOND			5	29.41		0	0.00		0	0.00		0	0.00		0	0.00		0	0.00			Excluded		12	70.59		17	
		TOTAL		1799	51.81		110	3.17		289	8.32		1141	32.86		49	1.41		53	1.53					31	0.89		3472	
	THIRD			7	22.58		5	16.13		4	12.90		7	22.58		3	9.68		5	16.13						Excluded		31	
		TOTAL		1806	52.02		115	3.31		293	8.44		1148	33.06		52	1.50		58	1.67								3472	
	FOURTH			33	63.46		5	9.62		2	3.85		6	11.54			Excluded		6	11.54								52	
		TOTAL		1839	52.97		120	3.46		295	8.50		1154	33.24					64	1.84								3472	
	FIFTH			23	35.94		16	25.00		10	15.63		15	23.44						Excluded								64	
		TOTAL		1862	53.63		136	3.92		305	8.78		1169	33.67														3472	
	SIXTH			23	16.91			Excluded		90	66.18		23	16.91														136	
		TOTAL		1885	54.29					395	11.38		1192	34.33														3472	
	SEVENTH			184	46.58						Excluded		211	53.42														395	
		TOTAL		2069	59.59								1403	40.41														3472	
				Elected																									
																													
Boronia                                                        																													
	FIRST			876	42.61		105	5.11		171	8.32		830	40.37		24	1.17		29	1.41		5	0.24		16	0.78		2056	
	SECOND			1	20.00		0	0.00		0	0.00		0	0.00		0	0.00		0	0.00			Excluded		4	80.00		5	
		TOTAL		877	42.66		105	5.11		171	8.32		830	40.37		24	1.17		29	1.41					20	0.97		2056	
	THIRD			3	15.00		5	25.00		3	15.00		1	5.00		3	15.00		5	25.00						Excluded		20	
		TOTAL		880	42.80		110	5.35		174	8.46		831	40.42		27	1.31		34	1.65								2056	
	FOURTH			13	48.15		4	14.81		2	7.41		3	11.11			Excluded		5	18.52								27	
		TOTAL		893	43.43		114	5.54		176	8.56		834	40.56					39	1.90								2056	
	FIFTH			15	38.46		8	20.51		4	10.26		12	30.77						Excluded								39	
		TOTAL		908	44.16		122	5.93		180	8.75		846	41.15														2056	
	SIXTH			14	11.48			Excluded		79	64.75		29	23.77														122	
		TOTAL		922	44.84					259	12.60		875	42.56														2056	
	SEVENTH			92	35.52						Excluded		167	64.48														259	
		TOTAL		1014	49.32								1042	50.68														2056	
				Elected																									
																													
Boronia Central                                                																													
	FIRST			554	43.79		95	7.51		79	6.25		487	38.50		13	1.03		23	1.82		2	0.16		12	0.95		1265	
	SECOND			0	0.00		0	0.00		0	0.00		0	0.00		0	0.00		0	0.00			Excluded		2	100.00		2	
		TOTAL		554	43.79		95	7.51		79	6.25		487	38.50		13	1.03		23	1.82					14	1.11		1265	
	THIRD			2	14.29		1	7.14		2	14.29		2	14.29		1	7.14		6	42.86						Excluded		14	
		TOTAL		556	43.95		96	7.59		81	6.40		489	38.66		14	1.11		29	2.29								1265	
	FOURTH			10	71.43		1	7.14		1	7.14		2	14.29			Excluded		0	0.00								14	
		TOTAL		566	44.74		97	7.67		82	6.48		491	38.81					29	2.29								1265	
	FIFTH			11	37.93		7	24.14		5	17.24		6	20.69						Excluded								29	
		TOTAL		577	45.61		104	8.22		87	6.88		497	39.29														1265	
	SIXTH			9	8.65			Excluded		69	66.35		26	25.00														104	
		TOTAL		586	46.32					156	12.33		523	41.34														1265	
	SEVENTH			43	27.56						Excluded		113	72.44														156	
		TOTAL		629	49.72								636	50.28														1265	
				Elected																									
																													
Boronia East                                                   																													
	FIRST			724	39.76		127	6.97		141	7.74		752	41.30		24	1.32		34	1.87		9	0.49		10	0.55		1821	
	SECOND			2	22.22		0	0.00		0	0.00		1	11.11		1	11.11		0	0.00			Excluded		5	55.56		9	
		TOTAL		726	39.87		127	6.97		141	7.74		753	41.35		25	1.37		34	1.87					15	0.82		1821	
	THIRD			4	26.67		5	33.33		3	20.00		1	6.67		1	6.67		1	6.67						Excluded		15	
		TOTAL		730	40.09		132	7.25		144	7.91		754	41.41		26	1.43		35	1.92								1821	
	FOURTH			10	38.46		5	19.23		6	23.08		5	19.23			Excluded		0	0.00								26	
		TOTAL		740	40.64		137	7.52		150	8.24		759	41.68					35	1.92								1821	
	FIFTH			12	34.29		8	22.86		7	20.00		8	22.86						Excluded								35	
		TOTAL		752	41.30		145	7.96		157	8.62		767	42.12														1821	
	SIXTH			23	15.86			Excluded		101	69.66		21	14.48														145	
		TOTAL		775	42.56					258	14.17		788	43.27														1821	
	SEVENTH			86	33.33						Excluded		172	66.67														258	
		TOTAL		861	47.28								960	52.72														1821	
				Elected																									
																													
Boronia North                                                  																													
	FIRST			1130	44.56		156	6.15		204	8.04		952	37.54		25	0.99		36	1.42		15	0.59		18	0.71		2536	
	SECOND			1	6.67		0	0.00		1	6.67		0	0.00		0	0.00		4	26.67			Excluded		9	60.00		15	
		TOTAL		1131	44.60		156	6.15		205	8.08		952	37.54		25	0.99		40	1.58					27	1.06		2536	
	THIRD			7	25.93		3	11.11		4	14.81		5	18.52		1	3.70		7	25.93						Excluded		27	
		TOTAL		1138	44.87		159	6.27		209	8.24		957	37.74		26	1.03		47	1.85								2536	
	FOURTH			10	38.46		5	19.23		4	15.38		2	7.69			Excluded		5	19.23								26	
		TOTAL		1148	45.27		164	6.47		213	8.40		959	37.82					52	2.05								2536	
	FIFTH			14	26.92		12	23.08		9	17.31		17	32.69						Excluded								52	
		TOTAL		1162	45.82		176	6.94		222	8.75		976	38.49														2536	
	SIXTH			20	11.36			Excluded		122	69.32		34	19.32														176	
		TOTAL		1182	46.61					344	13.56		1010	39.83														2536	
	SEVENTH			128	37.21						Excluded		216	62.79														344	
		TOTAL		1310	51.66								1226	48.34														2536	
				Elected																									
																													
Clematis                                                       																													
	FIRST			164	45.94		39	10.92		16	4.48		128	35.85		0	0.00		5	1.40		3	0.84		2	0.56		357	
	SECOND			0	0.00		0	0.00		0	0.00		0	0.00		0	0.00		0	0.00			Excluded		3	100.00		3	
		TOTAL		164	45.94		39	10.92		16	4.48		128	35.85		0	0.00		5	1.40					5	1.40		357	
	THIRD			0	0.00		1	20.00		1	20.00		1	20.00		0	0.00		2	40.00						Excluded		5	
		TOTAL		164	45.94		40	11.20		17	4.76		129	36.13		0	0.00		7	1.96								357	
	FOURTH			0	0.00		0	0.00		0	0.00		0	0.00			Excluded		0	0.00								0	
		TOTAL		164	45.94		40	11.20		17	4.76		129	36.13					7	1.96								357	
	FIFTH			0	0.00		2	28.57		1	14.29		4	57.14						Excluded								7	
		TOTAL		164	45.94		42	11.76		18	5.04		133	37.25														357	
	SIXTH			4	9.52			Excluded		29	69.05		9	21.43														42	
		TOTAL		168	47.06					47	13.17		142	39.78														357	
	SEVENTH			13	27.66						Excluded		34	72.34														47	
		TOTAL		181	50.70								176	49.30														357	
				Elected																									
																													
Cockatoo                                                       																													
	FIRST			722	37.92		209	10.98		190	9.98		710	37.29		15	0.79		33	1.73		14	0.74		11	0.58		1904	
	SECOND			2	14.29		1	7.14		0	0.00		0	0.00		0	0.00		1	7.14			Excluded		10	71.43		14	
		TOTAL		724	38.03		210	11.03		190	9.98		710	37.29		15	0.79		34	1.79					21	1.10		1904	
	THIRD			3	14.29		2	9.52		3	14.29		1	4.76		4	19.05		8	38.10						Excluded		21	
		TOTAL		727	38.18		212	11.13		193	10.14		711	37.34		19	1.00		42	2.21								1904	
	FOURTH			7	36.84		2	10.53		1	5.26		7	36.84			Excluded		2	10.53								19	
		TOTAL		734	38.55		214	11.24		194	10.19		718	37.71					44	2.31								1904	
	FIFTH			11	25.00		13	29.55		4	9.09		16	36.36						Excluded								44	
		TOTAL		745	39.13		227	11.92		198	10.40		734	38.55														1904	
	SIXTH			23	10.13			Excluded		159	70.04		45	19.82														227	
		TOTAL		768	40.34					357	18.75		779	40.91														1904	
	SEVENTH			102	28.57						Excluded		255	71.43														357	
		TOTAL		870	45.69								1034	54.31														1904	
				Elected																									
																													
Emerald                                                        																													
	FIRST			1463	44.60		369	11.25		325	9.91		1016	30.98		32	0.98		46	1.40		16	0.49		13	0.40		3280	
	SECOND			0	0.00		1	6.25		2	12.50		2	12.50		0	0.00		3	18.75			Excluded		8	50.00		16	
		TOTAL		1463	44.60		370	11.28		327	9.97		1018	31.04		32	0.98		49	1.49					21	0.64		3280	
	THIRD			1	4.76		6	28.57		4	19.05		4	19.05		3	14.29		3	14.29						Excluded		21	
		TOTAL		1464	44.63		376	11.46		331	10.09		1022	31.16		35	1.07		52	1.59								3280	
	FOURTH			22	62.86		2	5.71		6	17.14		5	14.29			Excluded		0	0.00								35	
		TOTAL		1486	45.30		378	11.52		337	10.27		1027	31.31					52	1.59								3280	
	FIFTH			22	42.31		14	26.92		5	9.62		11	21.15						Excluded								52	
		TOTAL		1508	45.98		392	11.95		342	10.43		1038	31.65														3280	
	SIXTH			43	10.97			Excluded		273	69.64		76	19.39														392	
		TOTAL		1551	47.29					615	18.75		1114	33.96														3280	
	SEVENTH			203	33.01						Excluded		412	66.99														615	
		TOTAL		1754	53.48								1526	46.52														3280	
				Elected																									
																													
Fairhills                                                      																													
	FIRST			847	40.66		96	4.61		162	7.78		911	43.73		13	0.62		27	1.30		11	0.53		16	0.77		2083	
	SECOND			0	0.00		1	9.09		1	9.09		1	9.09		0	0.00		2	18.18			Excluded		6	54.55		11	
		TOTAL		847	40.66		97	4.66		163	7.83		912	43.78		13	0.62		29	1.39					22	1.06		2083	
	THIRD			1	4.55		4	18.18		5	22.73		3	13.64		2	9.09		7	31.82						Excluded		22	
		TOTAL		848	40.71		101	4.85		168	8.07		915	43.93		15	0.72		36	1.73								2083	
	FOURTH			8	53.33		1	6.67		3	20.00		3	20.00			Excluded		0	0.00								15	
		TOTAL		856	41.09		102	4.90		171	8.21		918	44.07					36	1.73								2083	
	FIFTH			5	13.89		10	27.78		6	16.67		15	41.67						Excluded								36	
		TOTAL		861	41.33		112	5.38		177	8.50		933	44.79														2083	
	SIXTH			19	16.96			Excluded		74	66.07		19	16.96														112	
		TOTAL		880	42.25					251	12.05		952	45.70														2083	
	SEVENTH			78	31.08						Excluded		173	68.92														251	
		TOTAL		958	45.99								1125	54.01														2083	
				Elected																									
																													
Ferntree Gully                                                 																													
	FIRST			700	43.10		106	6.53		119	7.33		639	39.35		10	0.62		28	1.72		8	0.49		14	0.86		1624	
	SECOND			1	12.50		1	12.50		0	0.00		0	0.00		0	0.00		0	0.00			Excluded		6	75.00		8	
		TOTAL		701	43.17		107	6.59		119	7.33		639	39.35		10	0.62		28	1.72					20	1.23		1624	
	THIRD			5	25.00		6	30.00		0	0.00		6	30.00		2	10.00		1	5.00						Excluded		20	
		TOTAL		706	43.47		113	6.96		119	7.33		645	39.72		12	0.74		29	1.79								1624	
	FOURTH			4	33.33		2	16.67		5	41.67		0	0.00			Excluded		1	8.33								12	
		TOTAL		710	43.72		115	7.08		124	7.64		645	39.72					30	1.85								1624	
	FIFTH			13	43.33		6	20.00		3	10.00		8	26.67						Excluded								30	
		TOTAL		723	44.52		121	7.45		127	7.82		653	40.21														1624	
	SIXTH			13	10.74			Excluded		85	70.25		23	19.01														121	
		TOTAL		736	45.32					212	13.05		676	41.63														1624	
	SEVENTH			72	33.96						Excluded		140	66.04														212	
		TOTAL		808	49.75								816	50.25														1624	
				Elected																									
																													
Ferntree Gully North                                           																													
	FIRST			926	43.27		170	7.94		191	8.93		740	34.58		25	1.17		44	2.06		10	0.47		34	1.59		2140	
	SECOND			0	0.00		1	10.00		1	10.00		1	10.00		1	10.00		1	10.00			Excluded		5	50.00		10	
		TOTAL		926	43.27		171	7.99		192	8.97		741	34.63		26	1.21		45	2.10					39	1.82		2140	
	THIRD			6	15.38		8	20.51		10	25.64		5	12.82		1	2.56		9	23.08						Excluded		39	
		TOTAL		932	43.55		179	8.36		202	9.44		746	34.86		27	1.26		54	2.52								2140	
	FOURTH			6	22.22		5	18.52		7	25.93		6	22.22			Excluded		3	11.11								27	
		TOTAL		938	43.83		184	8.60		209	9.77		752	35.14					57	2.66								2140	
	FIFTH			13	22.81		17	29.82		11	19.30		16	28.07						Excluded								57	
		TOTAL		951	44.44		201	9.39		220	10.28		768	35.89														2140	
	SIXTH			21	10.45			Excluded		126	62.69		54	26.87														201	
		TOTAL		972	45.42					346	16.17		822	38.41														2140	
	SEVENTH			121	34.97						Excluded		225	65.03														346	
		TOTAL		1093	51.07								1047	48.93														2140	
				Elected																									
																													
Ferntree Gully Upper                                           																													
	FIRST			636	37.63		186	11.01		155	9.17		647	38.28		15	0.89		40	2.37		3	0.18		8	0.47		1690	
	SECOND			0	0.00		0	0.00		0	0.00		0	0.00		0	0.00		0	0.00			Excluded		3	100.00		3	
		TOTAL		636	37.63		186	11.01		155	9.17		647	38.28		15	0.89		40	2.37					11	0.65		1690	
	THIRD			0	0.00		5	45.45		2	18.18		3	27.27		0	0.00		1	9.09						Excluded		11	
		TOTAL		636	37.63		191	11.30		157	9.29		650	38.46		15	0.89		41	2.43								1690	
	FOURTH			10	66.67		2	13.33		1	6.67		0	0.00			Excluded		2	13.33								15	
		TOTAL		646	38.22		193	11.42		158	9.35		650	38.46					43	2.54								1690	
	FIFTH			19	44.19		7	16.28		7	16.28		10	23.26						Excluded								43	
		TOTAL		665	39.35		200	11.83		165	9.76		660	39.05														1690	
	SIXTH			14	7.00			Excluded		132	66.00		54	27.00														200	
		TOTAL		679	40.18					297	17.57		714	42.25														1690	
	SEVENTH			78	26.26						Excluded		219	73.74														297	
		TOTAL		757	44.79								933	55.21														1690	
				Elected																									
																													
Ferntree Gully West                                            																													
	FIRST			1197	43.77		135	4.94		224	8.19		1073	39.23		21	0.77		42	1.54		13	0.48		30	1.10		2735	
	SECOND			0	0.00		1	7.69		0	0.00		1	7.69		1	7.69		0	0.00			Excluded		10	76.92		13	
		TOTAL		1197	43.77		136	4.97		224	8.19		1074	39.27		22	0.80		42	1.54					40	1.46		2735	
	THIRD			9	22.50		3	7.50		7	17.50		7	17.50		6	15.00		8	20.00						Excluded		40	
		TOTAL		1206	44.10		139	5.08		231	8.45		1081	39.52		28	1.02		50	1.83								2735	
	FOURTH			10	35.71		4	14.29		3	10.71		6	21.43			Excluded		5	17.86								28	
		TOTAL		1216	44.46		143	5.23		234	8.56		1087	39.74					55	2.01								2735	
	FIFTH			15	27.27		13	23.64		10	18.18		17	30.91						Excluded								55	
		TOTAL		1231	45.01		156	5.70		244	8.92		1104	40.37														2735	
	SIXTH			24	15.38			Excluded		95	60.90		37	23.72														156	
		TOTAL		1255	45.89					339	12.39		1141	41.72														2735	
	SEVENTH			114	33.63						Excluded		225	66.37														339	
		TOTAL		1369	50.05								1366	49.95														2735	
				Elected																									
																													
Ferny Creek                                                    																													
	FIRST			311	40.65		108	14.12		66	8.63		261	34.12		5	0.65		6	0.78		3	0.39		5	0.65		765	
	SECOND			0	0.00		0	0.00		0	0.00		1	33.33		0	0.00		0	0.00			Excluded		2	66.67		3	
		TOTAL		311	40.65		108	14.12		66	8.63		262	34.25		5	0.65		6	0.78					7	0.92		765	
	THIRD			2	28.57		3	42.86		0	0.00		1	14.29		1	14.29		0	0.00						Excluded		7	
		TOTAL		313	40.92		111	14.51		66	8.63		263	34.38		6	0.78		6	0.78								765	
	FOURTH			5	83.33		1	16.67		0	0.00		0	0.00			Excluded		0	0.00								6	
		TOTAL		318	41.57		112	14.64		66	8.63		263	34.38					6	0.78								765	
	FIFTH			3	50.00		2	33.33		1	16.67		0	0.00						Excluded								6	
		TOTAL		321	41.96		114	14.90		67	8.76		263	34.38														765	
	SIXTH			7	6.14			Excluded		77	67.54		30	26.32														114	
		TOTAL		328	42.88					144	18.82		293	38.30														765	
	SEVENTH			40	27.78						Excluded		104	72.22														144	
		TOTAL		368	48.10								397	51.90														765	
				Elected																									
																													
Gembrook                                                       																													
	FIRST			401	43.68		65	7.08		64	6.97		343	37.36		7	0.76		27	2.94		3	0.33		8	0.87		918	
	SECOND			0	0.00		0	0.00		1	33.33		0	0.00		0	0.00		1	33.33			Excluded		1	33.33		3	
		TOTAL		401	43.68		65	7.08		65	7.08		343	37.36		7	0.76		28	3.05					9	0.98		918	
	THIRD			1	11.11		1	11.11		2	22.22		0	0.00		2	22.22		3	33.33						Excluded		9	
		TOTAL		402	43.79		66	7.19		67	7.30		343	37.36		9	0.98		31	3.38								918	
	FOURTH			1	11.11		0	0.00		1	11.11		3	33.33			Excluded		4	44.44								9	
		TOTAL		403	43.90		66	7.19		68	7.41		346	37.69					35	3.81								918	
	FIFTH			12	34.29		11	31.43		3	8.57		9	25.71						Excluded								35	
		TOTAL		415	45.21		77	8.39		71	7.73		355	38.67														918	
	SIXTH			6	7.79			Excluded		56	72.73		15	19.48														77	
		TOTAL		421	45.86					127	13.83		370	40.31														918	
	SEVENTH			34	26.77						Excluded		93	73.23														127	
		TOTAL		455	49.56								463	50.44														918	
				Elected																									
																													
Hallam Valley                                                  																													
	FIRST			1201	45.24		81	3.05		184	6.93		1101	41.47		32	1.21		38	1.43		7	0.26		11	0.41		2655	
	SECOND			0	0.00		1	14.29		0	0.00		1	14.29		0	0.00		0	0.00			Excluded		5	71.43		7	
		TOTAL		1201	45.24		82	3.09		184	6.93		1102	41.51		32	1.21		38	1.43					16	0.60		2655	
	THIRD			1	6.25		4	25.00		0	0.00		4	25.00		3	18.75		4	25.00						Excluded		16	
		TOTAL		1202	45.27		86	3.24		184	6.93		1106	41.66		35	1.32		42	1.58								2655	
	FOURTH			15	42.86		6	17.14		0	0.00		10	28.57			Excluded		4	11.43								35	
		TOTAL		1217	45.84		92	3.47		184	6.93		1116	42.03					46	1.73								2655	
	FIFTH			13	28.26		16	34.78		6	13.04		11	23.91						Excluded								46	
		TOTAL		1230	46.33		108	4.07		190	7.16		1127	42.45														2655	
	SIXTH			24	22.22			Excluded		58	53.70		26	24.07														108	
		TOTAL		1254	47.23					248	9.34		1153	43.43														2655	
	SEVENTH			110	44.35						Excluded		138	55.65														248	
		TOTAL		1364	51.37								1291	48.63														2655	
				Elected																									
																													
Harkaway                                                       																													
	FIRST			385	63.53		45	7.43		25	4.13		125	20.63		11	1.82		10	1.65		2	0.33		3	0.50		606	
	SECOND			0	0.00		0	0.00		0	0.00		0	0.00		1	50.00		0	0.00			Excluded		1	50.00		2	
		TOTAL		385	63.53		45	7.43		25	4.13		125	20.63		12	1.98		10	1.65					4	0.66		606	
	THIRD			1	25.00		0	0.00		1	25.00		1	25.00		0	0.00		1	25.00						Excluded		4	
		TOTAL		386	63.70		45	7.43		26	4.29		126	20.79		12	1.98		11	1.82								606	
	FOURTH			10	83.33		1	8.33		1	8.33		0	0.00			Excluded		0	0.00								12	
		TOTAL		396	65.35		46	7.59		27	4.46		126	20.79					11	1.82								606	
	FIFTH			2	18.18		6	54.55		1	9.09		2	18.18						Excluded								11	
		TOTAL		398	65.68		52	8.58		28	4.62		128	21.12														606	
	SIXTH			8	15.38			Excluded		27	51.92		17	32.69														52	
		TOTAL		406	67.00					55	9.08		145	23.93														606	
	SEVENTH			25	45.45						Excluded		30	54.55														55	
		TOTAL		431	71.12								175	28.88														606	
				Elected																									
																													
Kallista (La Trobe)                                            																													
	FIRST			102	48.34		42	19.91		13	6.16		54	25.59		0	0.00		0	0.00		0	0.00		0	0.00		211	
	SECOND			0	0.00		0	0.00		0	0.00		0	0.00		0	0.00		0	0.00			Excluded		0	0.00		0	
		TOTAL		102	48.34		42	19.91		13	6.16		54	25.59		0	0.00		0	0.00					0	0.00		211	
	THIRD			0	0.00		0	0.00		0	0.00		0	0.00		0	0.00		0	0.00						Excluded		0	
		TOTAL		102	48.34		42	19.91		13	6.16		54	25.59		0	0.00		0	0.00								211	
	FOURTH			0	0.00		0	0.00		0	0.00		0	0.00			Excluded		0	0.00								0	
		TOTAL		102	48.34		42	19.91		13	6.16		54	25.59					0	0.00								211	
	FIFTH			0	0.00		0	0.00		0	0.00		0	0.00						Excluded								0	
		TOTAL		102	48.34		42	19.91		13	6.16		54	25.59														211	
	SIXTH			4	9.52			Excluded		32	76.19		6	14.29														42	
		TOTAL		106	50.24					45	21.33		60	28.44														211	
	SEVENTH			7	15.56						Excluded		38	84.44														45	
		TOTAL		113	53.55								98	46.45														211	
				Elected																									
																													
Macclesfield                                                   																													
	FIRST			317	48.10		46	6.98		76	11.53		200	30.35		6	0.91		11	1.67		2	0.30		1	0.15		659	
	SECOND			0	0.00		0	0.00		0	0.00		1	50.00		0	0.00		1	50.00			Excluded		0	0.00		2	
		TOTAL		317	48.10		46	6.98		76	11.53		201	30.50		6	0.91		12	1.82					1	0.15		659	
	THIRD			0	0.00		0	0.00		1	100.00		0	0.00		0	0.00		0	0.00						Excluded		1	
		TOTAL		317	48.10		46	6.98		77	11.68		201	30.50		6	0.91		12	1.82								659	
	FOURTH			5	83.33		0	0.00		1	16.67		0	0.00			Excluded		0	0.00								6	
		TOTAL		322	48.86		46	6.98		78	11.84		201	30.50					12	1.82								659	
	FIFTH			6	50.00		1	8.33		2	16.67		3	25.00						Excluded								12	
		TOTAL		328	49.77		47	7.13		80	12.14		204	30.96														659	
	SIXTH			2	4.26			Excluded		33	70.21		12	25.53														47	
		TOTAL		330	50.08					113	17.15		216	32.78														659	
	SEVENTH			35	30.97						Excluded		78	69.03														113	
		TOTAL		365	55.39								294	44.61														659	
				Elected																									
																													
Melbourne (La Trobe)                                           																													
	FIRST			18	37.50		6	12.50		9	18.75		14	29.17		0	0.00		0	0.00		1	2.08		0	0.00		48	
	SECOND			0	0.00		0	0.00		1	100.00		0	0.00		0	0.00		0	0.00			Excluded		0	0.00		1	
		TOTAL		18	37.50		6	12.50		10	20.83		14	29.17		0	0.00		0	0.00					0	0.00		48	
	THIRD			0	0.00		0	0.00		0	0.00		0	0.00		0	0.00		0	0.00						Excluded		0	
		TOTAL		18	37.50		6	12.50		10	20.83		14	29.17		0	0.00		0	0.00								48	
	FOURTH			0	0.00		0	0.00		0	0.00		0	0.00			Excluded		0	0.00								0	
		TOTAL		18	37.50		6	12.50		10	20.83		14	29.17					0	0.00								48	
	FIFTH			0	0.00		0	0.00		0	0.00		0	0.00						Excluded								0	
		TOTAL		18	37.50		6	12.50		10	20.83		14	29.17														48	
	SIXTH			2	33.33			Excluded		2	33.33		2	33.33														6	
		TOTAL		20	41.67					12	25.00		16	33.33														48	
	SEVENTH			3	25.00						Excluded		9	75.00														12	
		TOTAL		23	47.92								25	52.08														48	
				Elected																									
																													
Menzies Creek                                                  																													
	FIRST			216	45.19		58	12.13		38	7.95		154	32.22		4	0.84		3	0.63		3	0.63		2	0.42		478	
	SECOND			1	33.33		0	0.00		0	0.00		0	0.00		0	0.00		0	0.00			Excluded		2	66.67		3	
		TOTAL		217	45.40		58	12.13		38	7.95		154	32.22		4	0.84		3	0.63					4	0.84		478	
	THIRD			1	25.00		1	25.00		0	0.00		1	25.00		0	0.00		1	25.00						Excluded		4	
		TOTAL		218	45.61		59	12.34		38	7.95		155	32.43		4	0.84		4	0.84								478	
	FOURTH			2	50.00		1	25.00		1	25.00		0	0.00			Excluded		0	0.00								4	
		TOTAL		220	46.03		60	12.55		39	8.16		155	32.43					4	0.84								478	
	FIFTH			1	25.00		2	50.00		0	0.00		1	25.00						Excluded								4	
		TOTAL		221	46.23		62	12.97		39	8.16		156	32.64														478	
	SIXTH			7	11.29			Excluded		35	56.45		20	32.26														62	
		TOTAL		228	47.70					74	15.48		176	36.82														478	
	SEVENTH			24	32.43						Excluded		50	67.57														74	
		TOTAL		252	52.72								226	47.28														478	
				Elected																									
																													
Mount Dandenong (La Trobe)                                     																													
	FIRST			200	41.75		100	20.88		28	5.85		139	29.02		2	0.42		8	1.67		0	0.00		2	0.42		479	
	SECOND			0	0.00		0	0.00		0	0.00		0	0.00		0	0.00		0	0.00			Excluded		0	0.00		0	
		TOTAL		200	41.75		100	20.88		28	5.85		139	29.02		2	0.42		8	1.67					2	0.42		479	
	THIRD			1	50.00		0	0.00		0	0.00		0	0.00		0	0.00		1	50.00						Excluded		2	
		TOTAL		201	41.96		100	20.88		28	5.85		139	29.02		2	0.42		9	1.88								479	
	FOURTH			1	50.00		0	0.00		0	0.00		1	50.00			Excluded		0	0.00								2	
		TOTAL		202	42.17		100	20.88		28	5.85		140	29.23					9	1.88								479	
	FIFTH			1	11.11		1	11.11		5	55.56		2	22.22						Excluded								9	
		TOTAL		203	42.38		101	21.09		33	6.89		142	29.65														479	
	SIXTH			6	5.94			Excluded		69	68.32		26	25.74														101	
		TOTAL		209	43.63					102	21.29		168	35.07														479	
	SEVENTH			18	17.65						Excluded		84	82.35														102	
		TOTAL		227	47.39								252	52.61														479	
				Elected																									
																													
Narre Warren (La Trobe)                                        																													
	FIRST			1062	46.01		78	3.38		130	5.63		951	41.20		26	1.13		34	1.47		11	0.48		16	0.69		2308	
	SECOND			0	0.00		0	0.00		0	0.00		0	0.00		1	9.09		1	9.09			Excluded		9	81.82		11	
		TOTAL		1062	46.01		78	3.38		130	5.63		951	41.20		27	1.17		35	1.52					25	1.08		2308	
	THIRD			3	12.00		2	8.00		3	12.00		2	8.00		9	36.00		6	24.00						Excluded		25	
		TOTAL		1065	46.14		80	3.47		133	5.76		953	41.29		36	1.56		41	1.78								2308	
	FOURTH			18	50.00		2	5.56		6	16.67		6	16.67			Excluded		4	11.11								36	
		TOTAL		1083	46.92		82	3.55		139	6.02		959	41.55					45	1.95								2308	
	FIFTH			15	33.33		6	13.33		9	20.00		15	33.33						Excluded								45	
		TOTAL		1098	47.57		88	3.81		148	6.41		974	42.20														2308	
	SIXTH			11	12.50			Excluded		58	65.91		19	21.59														88	
		TOTAL		1109	48.05					206	8.93		993	43.02														2308	
	SEVENTH			70	33.98						Excluded		136	66.02														206	
		TOTAL		1179	51.08								1129	48.92														2308	
				Elected																									
																													
Narre Warren East                                              																													
	FIRST			242	68.56		16	4.53		15	4.25		72	20.40		1	0.28		5	1.42		0	0.00		2	0.57		353	
	SECOND			0	0.00		0	0.00		0	0.00		0	0.00		0	0.00		0	0.00			Excluded		0	0.00		0	
		TOTAL		242	68.56		16	4.53		15	4.25		72	20.40		1	0.28		5	1.42					2	0.57		353	
	THIRD			0	0.00		0	0.00		0	0.00		1	50.00		0	0.00		1	50.00						Excluded		2	
		TOTAL		242	68.56		16	4.53		15	4.25		73	20.68		1	0.28		6	1.70								353	
	FOURTH			1	100.00		0	0.00		0	0.00		0	0.00			Excluded		0	0.00								1	
		TOTAL		243	68.84		16	4.53		15	4.25		73	20.68					6	1.70								353	
	FIFTH			3	50.00		2	33.33		0	0.00		1	16.67						Excluded								6	
		TOTAL		246	69.69		18	5.10		15	4.25		74	20.96														353	
	SIXTH			3	16.67			Excluded		8	44.44		7	38.89														18	
		TOTAL		249	70.54					23	6.52		81	22.95														353	
	SEVENTH			10	43.48						Excluded		13	56.52														23	
		TOTAL		259	73.37								94	26.63														353	
				Elected																									
																													
Narre Warren North                                             																													
	FIRST			577	56.46		31	3.03		90	8.81		288	28.18		15	1.47		13	1.27		7	0.68		1	0.10		1022	
	SECOND			0	0.00		0	0.00		1	14.29		0	0.00		0	0.00		1	14.29			Excluded		5	71.43		7	
		TOTAL		577	56.46		31	3.03		91	8.90		288	28.18		15	1.47		14	1.37					6	0.59		1022	
	THIRD			3	50.00		0	0.00		2	33.33		0	0.00		0	0.00		1	16.67						Excluded		6	
		TOTAL		580	56.75		31	3.03		93	9.10		288	28.18		15	1.47		15	1.47								1022	
	FOURTH			12	80.00		2	13.33		1	6.67		0	0.00			Excluded		0	0.00								15	
		TOTAL		592	57.93		33	3.23		94	9.20		288	28.18					15	1.47								1022	
	FIFTH			8	53.33		3	20.00		1	6.67		3	20.00						Excluded								15	
		TOTAL		600	58.71		36	3.52		95	9.30		291	28.47														1022	
	SIXTH			7	19.44			Excluded		21	58.33		8	22.22														36	
		TOTAL		607	59.39					116	11.35		299	29.26														1022	
	SEVENTH			56	48.28						Excluded		60	51.72														116	
		TOTAL		663	64.87								359	35.13														1022	
				Elected																									
																													
Oatlands                                                       																													
	FIRST			956	43.99		61	2.81		169	7.78		910	41.88		26	1.20		32	1.47		11	0.51		8	0.37		2173	
	SECOND			1	9.09		0	0.00		0	0.00		2	18.18		0	0.00		2	18.18			Excluded		6	54.55		11	
		TOTAL		957	44.04		61	2.81		169	7.78		912	41.97		26	1.20		34	1.56					14	0.64		2173	
	THIRD			0	0.00		1	7.14		2	14.29		3	21.43		0	0.00		8	57.14						Excluded		14	
		TOTAL		957	44.04		62	2.85		171	7.87		915	42.11		26	1.20		42	1.93								2173	
	FOURTH			13	50.00		1	3.85		4	15.38		4	15.38			Excluded		4	15.38								26	
		TOTAL		970	44.64		63	2.90		175	8.05		919	42.29					46	2.12								2173	
	FIFTH			14	30.43		6	13.04		4	8.70		22	47.83						Excluded								46	
		TOTAL		984	45.28		69	3.18		179	8.24		941	43.30														2173	
	SIXTH			17	24.64			Excluded		40	57.97		12	17.39														69	
		TOTAL		1001	46.07					219	10.08		953	43.86														2173	
	SEVENTH			88	40.18						Excluded		131	59.82														219	
		TOTAL		1089	50.12								1084	49.88														2173	
				Elected																									
																													
Officer                                                        																													
	FIRST			413	64.73		25	3.92		34	5.33		134	21.00		3	0.47		17	2.66		5	0.78		7	1.10		638	
	SECOND			1	20.00		0	0.00		0	0.00		0	0.00		0	0.00		1	20.00			Excluded		3	60.00		5	
		TOTAL		414	64.89		25	3.92		34	5.33		134	21.00		3	0.47		18	2.82					10	1.57		638	
	THIRD			2	20.00		1	10.00		1	10.00		3	30.00		0	0.00		3	30.00						Excluded		10	
		TOTAL		416	65.20		26	4.08		35	5.49		137	21.47		3	0.47		21	3.29								638	
	FOURTH			2	66.67		1	33.33		0	0.00		0	0.00			Excluded		0	0.00								3	
		TOTAL		418	65.52		27	4.23		35	5.49		137	21.47					21	3.29								638	
	FIFTH			9	42.86		3	14.29		4	19.05		5	23.81						Excluded								21	
		TOTAL		427	66.93		30	4.70		39	6.11		142	22.26														638	
	SIXTH			4	13.33			Excluded		19	63.33		7	23.33														30	
		TOTAL		431	67.55					58	9.09		149	23.35														638	
	SEVENTH			23	39.66						Excluded		35	60.34														58	
		TOTAL		454	71.16								184	28.84														638	
				Elected																									
																													
Olinda                                                         																													
	FIRST			240	44.78		96	17.91		39	7.28		151	28.17		2	0.37		3	0.56		0	0.00		5	0.93		536	
	SECOND			0	0.00		0	0.00		0	0.00		0	0.00		0	0.00		0	0.00			Excluded		0	0.00		0	
		TOTAL		240	44.78		96	17.91		39	7.28		151	28.17		2	0.37		3	0.56					5	0.93		536	
	THIRD			2	40.00		0	0.00		3	60.00		0	0.00		0	0.00		0	0.00						Excluded		5	
		TOTAL		242	45.15		96	17.91		42	7.84		151	28.17		2	0.37		3	0.56								536	
	FOURTH			2	100.00		0	0.00		0	0.00		0	0.00			Excluded		0	0.00								2	
		TOTAL		244	45.52		96	17.91		42	7.84		151	28.17					3	0.56								536	
	FIFTH			1	33.33		0	0.00		0	0.00		2	66.67						Excluded								3	
		TOTAL		245	45.71		96	17.91		42	7.84		153	28.54														536	
	SIXTH			4	4.17			Excluded		65	67.71		27	28.13														96	
		TOTAL		249	46.46					107	19.96		180	33.58														536	
	SEVENTH			26	24.30						Excluded		81	75.70														107	
		TOTAL		275	51.31								261	48.69														536	
				Elected																									
																													
Pakenham Upper (La Trobe)                                      																													
	FIRST			97	56.07		8	4.62		9	5.20		40	23.12		3	1.73		9	5.20		3	1.73		4	2.31		173	
	SECOND			1	33.33		0	0.00		0	0.00		0	0.00		0	0.00		0	0.00			Excluded		2	66.67		3	
		TOTAL		98	56.65		8	4.62		9	5.20		40	23.12		3	1.73		9	5.20					6	3.47		173	
	THIRD			4	66.67		0	0.00		2	33.33		0	0.00		0	0.00		0	0.00						Excluded		6	
		TOTAL		102	58.96		8	4.62		11	6.36		40	23.12		3	1.73		9	5.20								173	
	FOURTH			2	66.67		0	0.00		0	0.00		0	0.00			Excluded		1	33.33								3	
		TOTAL		104	60.12		8	4.62		11	6.36		40	23.12					10	5.78								173	
	FIFTH			3	30.00		5	50.00		1	10.00		1	10.00						Excluded								10	
		TOTAL		107	61.85		13	7.51		12	6.94		41	23.70														173	
	SIXTH			4	30.77			Excluded		7	53.85		2	15.38														13	
		TOTAL		111	64.16					19	10.98		43	24.86														173	
	SEVENTH			9	47.37						Excluded		10	52.63														19	
		TOTAL		120	69.36								53	30.64														173	
				Elected																									
																													
Sassafras                                                      																													
	FIRST			317	40.75		120	15.42		68	8.74		251	32.26		2	0.26		9	1.16		6	0.77		5	0.64		778	
	SECOND			0	0.00		0	0.00		0	0.00		1	16.67		1	16.67		0	0.00			Excluded		4	66.67		6	
		TOTAL		317	40.75		120	15.42		68	8.74		252	32.39		3	0.39		9	1.16					9	1.16		778	
	THIRD			2	22.22		2	22.22		1	11.11		4	44.44		0	0.00		0	0.00						Excluded		9	
		TOTAL		319	41.00		122	15.68		69	8.87		256	32.90		3	0.39		9	1.16								778	
	FOURTH			2	66.67		1	33.33		0	0.00		0	0.00			Excluded		0	0.00								3	
		TOTAL		321	41.26		123	15.81		69	8.87		256	32.90					9	1.16								778	
	FIFTH			5	55.56		3	33.33		0	0.00		1	11.11						Excluded								9	
		TOTAL		326	41.90		126	16.20		69	8.87		257	33.03														778	
	SIXTH			13	10.32			Excluded		81	64.29		32	25.40														126	
		TOTAL		339	43.57					150	19.28		289	37.15														778	
	SEVENTH			36	24.00						Excluded		114	76.00														150	
		TOTAL		375	48.20								403	51.80														778	
				Elected																									
																													
Selby                                                          																													
	FIRST			260	29.48		141	15.99		69	7.82		393	44.56		5	0.57		8	0.91		2	0.23		4	0.45		882	
	SECOND			0	0.00		0	0.00		0	0.00		1	50.00		0	0.00		0	0.00			Excluded		1	50.00		2	
		TOTAL		260	29.48		141	15.99		69	7.82		394	44.67		5	0.57		8	0.91					5	0.57		882	
	THIRD			0	0.00		1	20.00		2	40.00		0	0.00		1	20.00		1	20.00						Excluded		5	
		TOTAL		260	29.48		142	16.10		71	8.05		394	44.67		6	0.68		9	1.02								882	
	FOURTH			3	50.00		0	0.00		1	16.67		1	16.67			Excluded		1	16.67								6	
		TOTAL		263	29.82		142	16.10		72	8.16		395	44.78					10	1.13								882	
	FIFTH			4	40.00		2	20.00		2	20.00		2	20.00						Excluded								10	
		TOTAL		267	30.27		144	16.33		74	8.39		397	45.01														882	
	SIXTH			11	7.64			Excluded		91	63.19		42	29.17														144	
		TOTAL		278	31.52					165	18.71		439	49.77														882	
	SEVENTH			48	29.09						Excluded		117	70.91														165	
		TOTAL		326	36.96								556	63.04														882	
				Elected																									
																													
Tecoma                                                         																													
	FIRST			646	34.45		257	13.71		188	10.03		725	38.67		10	0.53		21	1.12		6	0.32		22	1.17		1875	
	SECOND			1	16.67		1	16.67		0	0.00		0	0.00		0	0.00		0	0.00			Excluded		4	66.67		6	
		TOTAL		647	34.51		258	13.76		188	10.03		725	38.67		10	0.53		21	1.12					26	1.39		1875	
	THIRD			6	23.08		3	11.54		2	7.69		6	23.08		2	7.69		7	26.92						Excluded		26	
		TOTAL		653	34.83		261	13.92		190	10.13		731	38.99		12	0.64		28	1.49								1875	
	FOURTH			4	33.33		1	8.33		3	25.00		1	8.33			Excluded		3	25.00								12	
		TOTAL		657	35.04		262	13.97		193	10.29		732	39.04					31	1.65								1875	
	FIFTH			13	41.94		4	12.90		2	6.45		12	38.71						Excluded								31	
		TOTAL		670	35.73		266	14.19		195	10.40		744	39.68														1875	
	SIXTH			32	12.03			Excluded		171	64.29		63	23.68														266	
		TOTAL		702	37.44					366	19.52		807	43.04														1875	
	SEVENTH			93	25.41						Excluded		273	74.59														366	
		TOTAL		795	42.40								1080	57.60														1875	
				Elected																									
																													
The Basin                                                      																													
	FIRST			1157	44.33		200	7.66		259	9.92		917	35.13		13	0.50		37	1.42		9	0.34		18	0.69		2610	
	SECOND			1	11.11		0	0.00		1	11.11		0	0.00		0	0.00		0	0.00			Excluded		7	77.78		9	
		TOTAL		1158	44.37		200	7.66		260	9.96		917	35.13		13	0.50		37	1.42					25	0.96		2610	
	THIRD			5	20.00		6	24.00		2	8.00		6	24.00		1	4.00		5	20.00						Excluded		25	
		TOTAL		1163	44.56		206	7.89		262	10.04		923	35.36		14	0.54		42	1.61								2610	
	FOURTH			4	28.57		3	21.43		4	28.57		0	0.00			Excluded		3	21.43								14	
		TOTAL		1167	44.71		209	8.01		266	10.19		923	35.36					45	1.72								2610	
	FIFTH			14	31.11		11	24.44		9	20.00		11	24.44						Excluded								45	
		TOTAL		1181	45.25		220	8.43		275	10.54		934	35.79														2610	
	SIXTH			29	13.18			Excluded		146	66.36		45	20.45														220	
		TOTAL		1210	46.36					421	16.13		979	37.51														2610	
	SEVENTH			137	32.54						Excluded		284	67.46														421	
		TOTAL		1347	51.61								1263	48.39														2610	
				Elected																									
																													
Timbarra                                                       																													
	FIRST			1062	49.98		70	3.29		169	7.95		740	34.82		33	1.55		30	1.41		13	0.61		8	0.38		2125	
	SECOND			2	15.38		0	0.00		0	0.00		2	15.38		1	7.69		2	15.38			Excluded		6	46.15		13	
		TOTAL		1064	50.07		70	3.29		169	7.95		742	34.92		34	1.60		32	1.51					14	0.66		2125	
	THIRD			3	21.43		5	35.71		1	7.14		3	21.43		1	7.14		1	7.14						Excluded		14	
		TOTAL		1067	50.21		75	3.53		170	8.00		745	35.06		35	1.65		33	1.55								2125	
	FOURTH			18	51.43		2	5.71		6	17.14		6	17.14			Excluded		3	8.57								35	
		TOTAL		1085	51.06		77	3.62		176	8.28		751	35.34					36	1.69								2125	
	FIFTH			15	41.67		7	19.44		6	16.67		8	22.22						Excluded								36	
		TOTAL		1100	51.76		84	3.95		182	8.56		759	35.72														2125	
	SIXTH			15	17.86			Excluded		49	58.33		20	23.81														84	
		TOTAL		1115	52.47					231	10.87		779	36.66														2125	
	SEVENTH			83	35.93						Excluded		148	64.07														231	
		TOTAL		1198	56.38								927	43.62														2125	
				Elected																									
																													
Upwey                                                          																													
	FIRST			1369	38.42		431	12.10		351	9.85		1280	35.92		36	1.01		55	1.54		19	0.53		22	0.62		3563	
	SECOND			0	0.00		2	10.53		1	5.26		2	10.53		1	5.26		0	0.00			Excluded		13	68.42		19	
		TOTAL		1369	38.42		433	12.15		352	9.88		1282	35.98		37	1.04		55	1.54					35	0.98		3563	
	THIRD			6	17.14		5	14.29		8	22.86		6	17.14		3	8.57		7	20.00						Excluded		35	
		TOTAL		1375	38.59		438	12.29		360	10.10		1288	36.15		40	1.12		62	1.74								3563	
	FOURTH			22	55.00		2	5.00		6	15.00		7	17.50			Excluded		3	7.50								40	
		TOTAL		1397	39.21		440	12.35		366	10.27		1295	36.35					65	1.82								3563	
	FIFTH			17	26.15		15	23.08		7	10.77		26	40.00						Excluded								65	
		TOTAL		1414	39.69		455	12.77		373	10.47		1321	37.08														3563	
	SIXTH			47	10.33			Excluded		304	66.81		104	22.86														455	
		TOTAL		1461	41.00					677	19.00		1425	39.99														3563	
	SEVENTH			190	28.06						Excluded		487	71.94														677	
		TOTAL		1651	46.34								1912	53.66														3563	
				Elected																									
																													
Special Hospital Team 1                                        																													
	FIRST			217	70.92		3	0.98		7	2.29		75	24.51		0	0.00		1	0.33		3	0.98		0	0.00		306	
	SECOND			0	0.00		0	0.00		0	0.00		0	0.00		1	33.33		1	33.33			Excluded		1	33.33		3	
		TOTAL		217	70.92		3	0.98		7	2.29		75	24.51		1	0.33		2	0.65					1	0.33		306	
	THIRD			1	100.00		0	0.00		0	0.00		0	0.00		0	0.00		0	0.00						Excluded		1	
		TOTAL		218	71.24		3	0.98		7	2.29		75	24.51		1	0.33		2	0.65								306	
	FOURTH			1	100.00		0	0.00		0	0.00		0	0.00			Excluded		0	0.00								1	
		TOTAL		219	71.57		3	0.98		7	2.29		75	24.51					2	0.65								306	
	FIFTH			2	100.00		0	0.00		0	0.00		0	0.00						Excluded								2	
		TOTAL		221	72.22		3	0.98		7	2.29		75	24.51														306	
	SIXTH			1	33.33			Excluded		1	33.33		1	33.33														3	
		TOTAL		222	72.55					8	2.61		76	24.84														306	
	SEVENTH			2	25.00						Excluded		6	75.00														8	
		TOTAL		224	73.20								82	26.80														306	
				Elected																									
																													
Special Hospital Team 2                                        																													
	FIRST			114	51.35		0	0.00		7	3.15		96	43.24		2	0.90		1	0.45		2	0.90		0	0.00		222	
	SECOND			0	0.00		0	0.00		0	0.00		0	0.00		0	0.00		0	0.00			Excluded		2	100.00		2	
		TOTAL		114	51.35		0	0.00		7	3.15		96	43.24		2	0.90		1	0.45					2	0.90		222	
	THIRD			2	100.00		0	0.00		0	0.00		0	0.00		0	0.00		0	0.00						Excluded		2	
		TOTAL		116	52.25		0	0.00		7	3.15		96	43.24		2	0.90		1	0.45								222	
	FOURTH			2	100.00		0	0.00		0	0.00		0	0.00			Excluded		0	0.00								2	
		TOTAL		118	53.15		0	0.00		7	3.15		96	43.24					1	0.45								222	
	FIFTH			1	100.00		0	0.00		0	0.00		0	0.00						Excluded								1	
		TOTAL		119	53.60		0	0.00		7	3.15		96	43.24														222	
	SIXTH			0	0.00			Excluded		0	0.00		0	0.00														0	
		TOTAL		119	53.60					7	3.15		96	43.24														222	
	SEVENTH			4	57.14						Excluded		3	42.86														7	
		TOTAL		123	55.41								99	44.59														222	
				Elected																									
																													
ABSENT																													
	FIRST			2437	44.55		493	9.01		509	9.31		1717	31.39		90	1.65		116	2.12		50	0.91		58	1.06		5470	
	SECOND			1	2.00		2	4.00		3	6.00		4	8.00		4	8.00		3	6.00			Excluded		33	66.00		50	
		TOTAL		2438	44.57		495	9.05		512	9.36		1721	31.46		94	1.72		119	2.18					91	1.66		5470	
	THIRD			18	19.78		18	19.78		13	14.29		13	14.29		2	2.20		27	29.67						Excluded		91	
		TOTAL		2456	44.90		513	9.38		525	9.60		1734	31.70		96	1.76		146	2.67								5470	
	FOURTH			47	48.96		9	9.38		16	16.67		15	15.63			Excluded		9	9.38								96	
		TOTAL		2503	45.76		522	9.54		541	9.89		1749	31.97					155	2.83								5470	
	FIFTH			51	32.90		22	14.19		29	18.71		53	34.19						Excluded								155	
		TOTAL		2554	46.69		544	9.95		570	10.42		1802	32.94														5470	
	SIXTH			98	18.01			Excluded		292	53.68		154	28.31														544	
		TOTAL		2652	48.48					862	15.76		1956	35.76														5470	
	SEVENTH			298	34.57						Excluded		564	65.43														862	
		TOTAL		2950	53.93								2520	46.07														5470	
				Elected																									
																													
POSTAL																													
	FIRST			2054	53.10		156	4.03		208	5.38		1312	33.92		29	0.75		72	1.86		21	0.54		16	0.41		3868	
	SECOND			3	14.29		1	4.76		0	0.00		1	4.76		0	0.00		0	0.00			Excluded		16	76.19		21	
		TOTAL		2057	53.18		157	4.06		208	5.38		1313	33.95		29	0.75		72	1.86					32	0.83		3868	
	THIRD			3	9.38		6	18.75		7	21.88		7	21.88		5	15.63		4	12.50						Excluded		32	
		TOTAL		2060	53.26		163	4.21		215	5.56		1320	34.13		34	0.88		76	1.96								3868	
	FOURTH			12	35.29		5	14.71		7	20.59		4	11.76			Excluded		6	17.65								34	
		TOTAL		2072	53.57		168	4.34		222	5.74		1324	34.23					82	2.12								3868	
	FIFTH			22	26.83		27	32.93		11	13.41		22	26.83						Excluded								82	
		TOTAL		2094	54.14		195	5.04		233	6.02		1346	34.80														3868	
	SIXTH			29	14.87			Excluded		106	54.36		60	30.77														195	
		TOTAL		2123	54.89					339	8.76		1406	36.35														3868	
	SEVENTH			121	35.69						Excluded		218	64.31														339	
		TOTAL		2244	58.01								1624	41.99														3868	
				Elected																									
																													
PRE POLL																													
	FIRST			1503	51.12		177	6.02		203	6.90		905	30.78		42	1.43		82	2.79		15	0.51		13	0.44		2940	
	SECOND			2	13.33		0	0.00		2	13.33		1	6.67		0	0.00		0	0.00			Excluded		10	66.67		15	
		TOTAL		1505	51.19		177	6.02		205	6.97		906	30.82		42	1.43		82	2.79					23	0.78		2940	
	THIRD			3	13.04		3	13.04		3	13.04		1	4.35		2	8.70		11	47.83						Excluded		23	
		TOTAL		1508	51.29		180	6.12		208	7.07		907	30.85		44	1.50		93	3.16								2940	
	FOURTH			19	43.18		5	11.36		7	15.91		7	15.91			Excluded		6	13.64								44	
		TOTAL		1527	51.94		185	6.29		215	7.31		914	31.09					99	3.37								2940	
	FIFTH			33	33.33		25	25.25		13	13.13		28	28.28						Excluded								99	
		TOTAL		1560	53.06		210	7.14		228	7.76		942	32.04														2940	
	SIXTH			51	24.29			Excluded		97	46.19		62	29.52														210	
		TOTAL		1611	54.80					325	11.05		1004	34.15														2940	
	SEVENTH			112	34.46						Excluded		213	65.54														325	
		TOTAL		1723	58.61								1217	41.39														2940	
				Elected																									
																													
PROVISIONAL																													
	FIRST			191	49.48		23	5.96		35	9.07		122	31.61		1	0.26		9	2.33		2	0.52		3	0.78		386	
	SECOND			1	50.00		0	0.00		0	0.00		0	0.00		0	0.00		0	0.00			Excluded		1	50.00		2	
		TOTAL		192	49.74		23	5.96		35	9.07		122	31.61		1	0.26		9	2.33					4	1.04		386	
	THIRD			1	25.00		0	0.00		2	50.00		0	0.00		1	25.00		0	0.00						Excluded		4	
		TOTAL		193	50.00		23	5.96		37	9.59		122	31.61		2	0.52		9	2.33								386	
	FOURTH			1	50.00		0	0.00		1	50.00		0	0.00			Excluded		0	0.00								2	
		TOTAL		194	50.26		23	5.96		38	9.84		122	31.61					9	2.33								386	
	FIFTH			4	44.44		2	22.22		1	11.11		2	22.22						Excluded								9	
		TOTAL		198	51.30		25	6.48		39	10.10		124	32.12														386	
	SIXTH			7	28.00			Excluded		12	48.00		6	24.00														25	
		TOTAL		205	53.11					51	13.21		130	33.68														386	
	SEVENTH			19	37.25						Excluded		32	62.75														51	
		TOTAL		224	58.03								162	41.97														386	
				Elected																									
																													
																													
																													
																													
																													
																													
																													
																													
																													
																													
																													
																													
																													
																													
																													
																													
																													
																													
																													
																													
																													
																													
																													
																													
																													
																													
																													
																													
																													
																													
																													
																													
																													
																													
																													
																													
																													
																													
																													
																													
																													
																													
																													
																													
																													
																													
																													
																													
																													
																													
																													
																													
																													
																													
																													
																													
																													
																													
																													
																													
																													
																													
																													
																													
																													
																													
																													
																													
																													
																													
																													
																													
																													
																													
																													
																													
																													
																													
																													
																													
																													
																													
																													
																													
																													
																													
																													
																													
																													
																													
																													
																													
																													
																													
																													
																													
																													
																													
																													
																													
																													
																													
																													
																													
																													
																													
																													
																													
																													
																													
																													
																													
																													
																													
																													
																													
																													
																													
																													
																													
																													
																													
																													
																													
																													
																													
																													
																													
																													
																													
																													
																													
																													
																													
																													
																													
																													
																													
																													
																													
																													
																													
																													
																													
																													
																													
																													
																													
																													
																													
																													
																													
																													
																													
																													
																													
																													
																													
																													
																													
																													
																													
																													
																													
																													
																													
																													
																													
																													
																													
																													
																													
																													
																													
																													
																													
																													
																													
																													
																													
																													
																													
																													
																													
																													
																													
																													
																													
