Senate - 2001 Election: Victoria																																																															
First Preference Votes by Group 																																																															
By Polling Place																																																															

Wannon (82915)																																																															
		Group A Total			Group B Total			Group C Total			Group D Total			Group E Total			Group F Total			Group G Total			Group H Total			Group I Total			Group J Total			Group K Total			Group L Total			Group M Total			Group N Total			Group O Total			Group P Total			Group Q Total			Ungrouped Total			FORMAL			INFORMAL			TOTAL	
		LFF			DLP			PCA			CEC			Unendorsed			Unendorsed			HAN			LNP			UNI			Unendorsed			ALP			CTA			DEM			Unendorsed			HPA			GRN			Unendorsed			Independent										
Polling Places		Vote	%		Vote	%		Vote	%		Vote	%		Vote	%		Vote	%		Vote	%		Vote	%		Vote	%		Vote	%		Vote	%		Vote	%		Vote	%		Vote	%		Vote	%		Vote	%		Vote	%		Vote	%		Vote	%		Vote	%		Vote	%
Allansford		24	3.28		12	1.64		14	1.91		0	0.00		0	0.00		0	0.00		34	4.64		388	53.01		0	0.00		2	0.27		170	23.22		7	0.96		37	5.05		0	0.00		2	0.27		41	5.60		1	0.14		0	0.00		732	94.33		44	5.67		776	0.97
Ararat		75	2.55		81	2.75		33	1.12		5	0.17		4	0.14		0	0.00		127	4.31		1030	34.97		3	0.10		1	0.03		1373	46.62		16	0.54		105	3.57		15	0.51		5	0.17		70	2.38		2	0.07		0	0.00		2945	93.61		201	6.39		3146	3.93
Ararat West		30	1.83		30	1.83		22	1.34		1	0.06		3	0.18		0	0.00		43	2.63		671	41.01		2	0.12		0	0.00		672	41.08		0	0.00		96	5.87		0	0.00		3	0.18		61	3.73		2	0.12		0	0.00		1636	95.17		83	4.83		1719	2.15
Balmoral		4	1.27		5	1.59		7	2.22		0	0.00		0	0.00		0	0.00		16	5.08		158	50.16		0	0.00		0	0.00		96	30.48		2	0.63		19	6.03		0	0.00		0	0.00		8	2.54		0	0.00		0	0.00		315	95.17		16	4.83		331	0.41
Beaufort		28	2.45		32	2.80		19	1.67		2	0.18		0	0.00		1	0.09		59	5.17		487	42.68		2	0.18		1	0.09		418	36.63		1	0.09		57	5.00		0	0.00		1	0.09		33	2.89		0	0.00		0	0.00		1141	93.83		75	6.17		1216	1.52
Bolwarra		11	2.19		4	0.80		8	1.59		1	0.20		0	0.00		0	0.00		25	4.97		247	49.11		2	0.40		0	0.00		161	32.01		7	1.39		13	2.58		0	0.00		1	0.20		23	4.57		0	0.00		0	0.00		503	95.81		22	4.19		525	0.66
Branxholme		10	4.50		3	1.35		3	1.35		0	0.00		0	0.00		0	0.00		15	6.76		115	51.80		1	0.45		0	0.00		58	26.13		0	0.00		7	3.15		0	0.00		0	0.00		10	4.50		0	0.00		0	0.00		222	95.28		11	4.72		233	0.29
Buangor		1	0.68		2	1.37		1	0.68		0	0.00		0	0.00		0	0.00		8	5.48		82	56.16		0	0.00		0	0.00		37	25.34		1	0.68		8	5.48		0	0.00		0	0.00		6	4.11		0	0.00		0	0.00		146	95.42		7	4.58		153	0.19
Byaduk		3	2.63		1	0.88		4	3.51		0	0.00		0	0.00		0	0.00		9	7.89		74	64.91		0	0.00		0	0.00		14	12.28		0	0.00		8	7.02		0	0.00		0	0.00		1	0.88		0	0.00		0	0.00		114	100.00		0	0.00		114	0.14
Camperdown		70	2.87		39	1.60		19	0.78		3	0.12		3	0.12		2	0.08		69	2.83		1315	53.89		4	0.16		2	0.08		658	26.97		8	0.33		149	6.11		0	0.00		2	0.08		95	3.89		1	0.04		1	0.04		2440	93.24		177	6.76		2617	3.27
Cape Clear		6	2.61		12	5.22		0	0.00		0	0.00		0	0.00		0	0.00		19	8.26		100	43.48		1	0.43		0	0.00		74	32.17		1	0.43		10	4.35		0	0.00		0	0.00		7	3.04		0	0.00		0	0.00		230	93.50		16	6.50		246	0.31
Caramut		8	3.77		3	1.42		1	0.47		0	0.00		0	0.00		0	0.00		14	6.60		121	57.08		1	0.47		0	0.00		55	25.94		0	0.00		3	1.42		0	0.00		1	0.47		5	2.36		0	0.00		0	0.00		212	95.50		10	4.50		222	0.28
Carpendeit		3	2.00		3	2.00		4	2.67		0	0.00		0	0.00		0	0.00		15	10.00		91	60.67		1	0.67		0	0.00		29	19.33		0	0.00		1	0.67		0	0.00		0	0.00		3	2.00		0	0.00		0	0.00		150	93.17		11	6.83		161	0.20
Casterton		32	1.99		29	1.80		15	0.93		2	0.12		0	0.00		1	0.06		78	4.85		827	51.46		6	0.37		1	0.06		519	32.30		2	0.12		48	2.99		0	0.00		3	0.19		42	2.61		0	0.00		2	0.12		1607	93.43		113	6.57		1720	2.15
Cavendish		7	2.10		6	1.80		7	2.10		1	0.30		0	0.00		0	0.00		16	4.79		226	67.66		1	0.30		0	0.00		61	18.26		1	0.30		0	0.00		0	0.00		1	0.30		7	2.10		0	0.00		0	0.00		334	96.53		12	3.47		346	0.43
Cobden		52	3.62		16	1.11		18	1.25		0	0.00		0	0.00		2	0.14		56	3.89		888	61.75		2	0.14		1	0.07		306	21.28		7	0.49		42	2.92		1	0.07		2	0.14		44	3.06		0	0.00		1	0.07		1438	93.13		106	6.87		1544	1.93
Coleraine		30	3.23		14	1.51		16	1.72		0	0.00		0	0.00		2	0.22		51	5.48		432	46.45		5	0.54		0	0.00		331	35.59		1	0.11		27	2.90		0	0.00		0	0.00		21	2.26		0	0.00		0	0.00		930	94.80		51	5.20		981	1.23
Condah		4	2.58		1	0.65		0	0.00		0	0.00		1	0.65		0	0.00		11	7.10		97	62.58		0	0.00		0	0.00		36	23.23		0	0.00		2	1.29		0	0.00		0	0.00		3	1.94		0	0.00		0	0.00		155	91.18		15	8.82		170	0.21
Dartmoor		8	2.40		3	0.90		1	0.30		1	0.30		0	0.00		0	0.00		29	8.71		163	48.95		2	0.60		0	0.00		107	32.13		0	0.00		12	3.60		0	0.00		0	0.00		7	2.10		0	0.00		0	0.00		333	93.80		22	6.20		355	0.44
Dergholm		1	0.99		1	0.99		0	0.00		0	0.00		0	0.00		0	0.00		9	8.91		70	69.31		0	0.00		0	0.00		17	16.83		0	0.00		3	2.97		0	0.00		0	0.00		0	0.00		0	0.00		0	0.00		101	97.12		3	2.88		104	0.13
Derrinallum		14	3.56		7	1.78		9	2.29		3	0.76		0	0.00		1	0.25		18	4.58		233	59.29		1	0.25		0	0.00		78	19.85		0	0.00		18	4.58		0	0.00		0	0.00		9	2.29		1	0.25		1	0.25		393	93.13		29	6.87		422	0.53
Dunkeld		16	3.52		7	1.54		6	1.32		0	0.00		0	0.00		0	0.00		26	5.71		258	56.70		0	0.00		0	0.00		95	20.88		4	0.88		21	4.62		0	0.00		1	0.22		19	4.18		2	0.44		0	0.00		455	94.01		29	5.99		484	0.60
Ecklin South		8	3.36		2	0.84		2	0.84		0	0.00		0	0.00		0	0.00		11	4.62		188	78.99		0	0.00		1	0.42		16	6.72		3	1.26		6	2.52		0	0.00		0	0.00		1	0.42		0	0.00		0	0.00		238	96.75		8	3.25		246	0.31
Elmhurst		5	4.00		0	0.00		2	1.60		3	2.40		0	0.00		0	0.00		7	5.60		67	53.60		0	0.00		0	0.00		34	27.20		0	0.00		6	4.80		0	0.00		0	0.00		1	0.80		0	0.00		0	0.00		125	95.42		6	4.58		131	0.16
Glenthompson		9	4.05		4	1.80		4	1.80		0	0.00		0	0.00		0	0.00		15	6.76		107	48.20		3	1.35		0	0.00		64	28.83		4	1.80		3	1.35		0	0.00		1	0.45		8	3.60		0	0.00		0	0.00		222	95.28		11	4.72		233	0.29
Hamilton		94	2.97		62	1.96		33	1.04		4	0.13		2	0.06		4	0.13		127	4.02		1519	48.04		8	0.25		2	0.06		1027	32.48		18	0.57		142	4.49		2	0.06		5	0.16		107	3.38		3	0.09		3	0.09		3162	95.10		163	4.90		3325	4.15
Hamilton Central		4	1.36		0	0.00		5	1.69		0	0.00		0	0.00		0	0.00		4	1.36		174	58.98		0	0.00		1	0.34		74	25.08		1	0.34		12	4.07		0	0.00		0	0.00		20	6.78		0	0.00		0	0.00		295	97.68		7	2.32		302	0.38
Hamilton East		13	2.10		9	1.45		8	1.29		0	0.00		2	0.32		0	0.00		31	5.00		294	47.42		2	0.32		0	0.00		213	34.35		3	0.48		27	4.35		0	0.00		0	0.00		17	2.74		1	0.16		0	0.00		620	94.08		39	5.92		659	0.82
Hamilton North		10	2.11		13	2.75		15	3.17		1	0.21		0	0.00		0	0.00		33	6.98		201	42.49		3	0.63		1	0.21		161	34.04		2	0.42		21	4.44		0	0.00		1	0.21		10	2.11		1	0.21		0	0.00		473	94.60		27	5.40		500	0.62
Hawkesdale		4	1.25		1	0.31		4	1.25		1	0.31		0	0.00		0	0.00		13	4.08		211	66.14		0	0.00		0	0.00		62	19.44		1	0.31		8	2.51		0	0.00		0	0.00		14	4.39		0	0.00		0	0.00		319	94.66		18	5.34		337	0.42
Heywood		30	2.47		27	2.22		16	1.32		1	0.08		2	0.16		0	0.00		80	6.59		619	50.99		6	0.49		2	0.16		365	30.07		8	0.66		37	3.05		0	0.00		1	0.08		20	1.65		0	0.00		0	0.00		1214	93.24		88	6.76		1302	1.63
Kennedy Street		35	2.38		32	2.17		23	1.56		1	0.07		0	0.00		0	0.00		69	4.69		583	39.61		2	0.14		4	0.27		610	41.44		6	0.41		50	3.40		1	0.07		1	0.07		53	3.60		1	0.07		1	0.07		1472	92.93		112	7.07		1584	1.98
Kings College		33	2.45		21	1.56		11	0.82		0	0.00		0	0.00		0	0.00		23	1.71		795	59.06		4	0.30		2	0.15		323	24.00		13	0.97		66	4.90		0	0.00		2	0.15		53	3.94		0	0.00		0	0.00		1346	96.21		53	3.79		1399	1.75
Koroit		53	3.65		28	1.93		24	1.65		0	0.00		2	0.14		2	0.14		64	4.40		696	47.87		2	0.14		1	0.07		423	29.09		12	0.83		64	4.40		0	0.00		2	0.14		81	5.57		0	0.00		0	0.00		1454	93.99		93	6.01		1547	1.93
Lake Bolac		8	2.53		4	1.27		3	0.95		0	0.00		0	0.00		0	0.00		21	6.65		200	63.29		1	0.32		0	0.00		58	18.35		2	0.63		8	2.53		0	0.00		1	0.32		10	3.16		0	0.00		0	0.00		316	93.22		23	6.78		339	0.42
Linton		9	2.58		1	0.29		7	2.01		0	0.00		0	0.00		0	0.00		17	4.87		125	35.82		0	0.00		0	0.00		162	46.42		0	0.00		14	4.01		0	0.00		0	0.00		13	3.72		0	0.00		1	0.29		349	95.36		17	4.64		366	0.46
Lismore		7	1.73		6	1.49		5	1.24		0	0.00		0	0.00		2	0.50		26	6.44		264	65.35		2	0.50		0	0.00		72	17.82		0	0.00		6	1.49		2	0.50		1	0.25		11	2.72		0	0.00		0	0.00		404	92.45		33	7.55		437	0.55
Macarthur		13	3.00		10	2.31		9	2.08		0	0.00		0	0.00		0	0.00		25	5.77		249	57.51		3	0.69		0	0.00		94	21.71		0	0.00		15	3.46		0	0.00		1	0.23		12	2.77		2	0.46		0	0.00		433	94.96		23	5.04		456	0.57
Mailors Flat		19	4.27		7	1.57		8	1.80		0	0.00		0	0.00		0	0.00		20	4.49		277	62.25		0	0.00		0	0.00		78	17.53		1	0.22		20	4.49		0	0.00		0	0.00		15	3.37		0	0.00		0	0.00		445	94.48		26	5.52		471	0.59
Melbourne (Wannon)		2	2.63		5	6.58		1	1.32		0	0.00		0	0.00		0	0.00		0	0.00		40	52.63		0	0.00		0	0.00		15	19.74		0	0.00		9	11.84		0	0.00		0	0.00		4	5.26		0	0.00		0	0.00		76	91.57		7	8.43		83	0.10
Merino		6	2.16		2	0.72		4	1.44		0	0.00		0	0.00		2	0.72		16	5.76		138	49.64		0	0.00		1	0.36		91	32.73		0	0.00		7	2.52		0	0.00		0	0.00		10	3.60		1	0.36		0	0.00		278	93.92		18	6.08		296	0.37
Merrivale		25	3.35		18	2.41		7	0.94		0	0.00		0	0.00		0	0.00		36	4.82		310	41.50		4	0.54		0	0.00		260	34.81		6	0.80		28	3.75		0	0.00		5	0.67		48	6.43		0	0.00		0	0.00		747	94.92		40	5.08		787	0.98
Mortlake		32	3.30		19	1.96		17	1.75		0	0.00		0	0.00		2	0.21		31	3.20		535	55.21		3	0.31		2	0.21		259	26.73		2	0.21		32	3.30		1	0.10		2	0.21		30	3.10		1	0.10		1	0.10		969	93.35		69	6.65		1038	1.30
Moyston		10	4.52		5	2.26		6	2.71		0	0.00		0	0.00		0	0.00		17	7.69		93	42.08		1	0.45		0	0.00		68	30.77		1	0.45		4	1.81		0	0.00		0	0.00		16	7.24		0	0.00		0	0.00		221	96.93		7	3.07		228	0.28
Naringal		1	0.53		2	1.07		3	1.60		0	0.00		2	1.07		2	1.07		12	6.42		128	68.45		0	0.00		0	0.00		29	15.51		2	1.07		0	0.00		0	0.00		1	0.53		5	2.67		0	0.00		0	0.00		187	93.97		12	6.03		199	0.25
Narrawong		6	2.42		5	2.02		3	1.21		0	0.00		0	0.00		0	0.00		12	4.84		117	47.18		1	0.40		0	0.00		73	29.44		2	0.81		12	4.84		0	0.00		0	0.00		17	6.85		0	0.00		0	0.00		248	94.66		14	5.34		262	0.33
Nelson		5	2.98		5	2.98		1	0.60		0	0.00		1	0.60		0	0.00		20	11.90		74	44.05		0	0.00		0	0.00		45	26.79		1	0.60		8	4.76		0	0.00		0	0.00		8	4.76		0	0.00		0	0.00		168	96.00		7	4.00		175	0.22
Noorat		10	2.33		6	1.40		2	0.47		0	0.00		0	0.00		0	0.00		12	2.79		297	69.07		2	0.47		1	0.23		79	18.37		2	0.47		11	2.56		0	0.00		0	0.00		8	1.86		0	0.00		0	0.00		430	94.30		26	5.70		456	0.57
Nullawarre		3	0.79		4	1.05		6	1.58		1	0.26		0	0.00		1	0.26		11	2.89		282	74.21		0	0.00		0	0.00		45	11.84		7	1.84		4	1.05		0	0.00		0	0.00		16	4.21		0	0.00		0	0.00		380	91.79		34	8.21		414	0.52
Orford		3	2.97		0	0.00		0	0.00		0	0.00		0	0.00		0	0.00		9	8.91		67	66.34		0	0.00		0	0.00		16	15.84		0	0.00		3	2.97		0	0.00		0	0.00		3	2.97		0	0.00		0	0.00		101	88.60		13	11.40		114	0.14
Panmure		6	1.63		4	1.08		5	1.36		0	0.00		0	0.00		0	0.00		17	4.61		256	69.38		1	0.27		0	0.00		54	14.63		1	0.27		9	2.44		0	0.00		0	0.00		15	4.07		1	0.27		0	0.00		369	92.25		31	7.75		400	0.50
Patterson Park		36	2.38		32	2.11		29	1.91		0	0.00		0	0.00		0	0.00		64	4.22		623	41.12		2	0.13		2	0.13		612	40.40		10	0.66		54	3.56		0	0.00		2	0.13		48	3.17		1	0.07		0	0.00		1515	95.76		67	4.24		1582	1.98
Penshurst		12	2.47		11	2.26		4	0.82		1	0.21		1	0.21		1	0.21		33	6.79		232	47.74		1	0.21		0	0.00		156	32.10		8	1.65		10	2.06		0	0.00		1	0.21		14	2.88		1	0.21		0	0.00		486	92.93		37	7.07		523	0.65
Peterborough		4	2.61		3	1.96		1	0.65		0	0.00		0	0.00		0	0.00		7	4.58		99	64.71		0	0.00		0	0.00		29	18.95		0	0.00		4	2.61		0	0.00		0	0.00		6	3.92		0	0.00		0	0.00		153	95.03		8	4.97		161	0.20
Pirron Yallock (Wannon)		4	3.08		2	1.54		1	0.77		0	0.00		0	0.00		0	0.00		14	10.77		64	49.23		1	0.77		0	0.00		28	21.54		0	0.00		6	4.62		0	0.00		0	0.00		10	7.69		0	0.00		0	0.00		130	97.74		3	2.26		133	0.17
Pomonal		4	1.83		3	1.38		2	0.92		1	0.46		0	0.00		0	0.00		19	8.72		75	34.40		1	0.46		0	0.00		74	33.94		1	0.46		16	7.34		0	0.00		0	0.00		22	10.09		0	0.00		0	0.00		218	95.61		10	4.39		228	0.28
Port Campbell		9	2.84		10	3.15		10	3.15		1	0.32		0	0.00		0	0.00		9	2.84		174	54.89		1	0.32		0	0.00		65	20.50		4	1.26		14	4.42		0	0.00		0	0.00		20	6.31		0	0.00		0	0.00		317	93.24		23	6.76		340	0.42
Port Fairy		49	2.65		37	2.00		21	1.14		1	0.05		0	0.00		4	0.22		57	3.09		855	46.32		6	0.33		2	0.11		553	29.96		6	0.33		102	5.53		0	0.00		2	0.11		150	8.13		1	0.05		0	0.00		1846	94.72		103	5.28		1949	2.43
Portland Central		75	3.18		43	1.82		32	1.36		3	0.13		2	0.08		2	0.08		85	3.60		1000	42.35		13	0.55		0	0.00		807	34.18		23	0.97		158	6.69		1	0.04		3	0.13		110	4.66		1	0.04		3	0.13		2361	94.93		126	5.07		2487	3.11
Portland North		7	2.14		3	0.92		6	1.83		1	0.31		0	0.00		0	0.00		17	5.20		173	52.91		0	0.00		0	0.00		84	25.69		5	1.53		22	6.73		0	0.00		1	0.31		7	2.14		1	0.31		0	0.00		327	97.32		9	2.68		336	0.42
Portland South		39	2.50		33	2.11		23	1.47		0	0.00		3	0.19		0	0.00		49	3.13		663	42.42		3	0.19		1	0.06		629	40.24		9	0.58		64	4.09		0	0.00		2	0.13		43	2.75		2	0.13		0	0.00		1563	94.38		93	5.62		1656	2.07
Purnim		10	3.70		3	1.11		4	1.48		0	0.00		0	0.00		0	0.00		12	4.44		156	57.78		0	0.00		0	0.00		67	24.81		0	0.00		12	4.44		0	0.00		0	0.00		6	2.22		0	0.00		0	0.00		270	93.43		19	6.57		289	0.36
Scotts Creek		1	0.58		2	1.16		0	0.00		0	0.00		0	0.00		0	0.00		4	2.31		147	84.97		0	0.00		0	0.00		13	7.51		0	0.00		3	1.73		0	0.00		0	0.00		3	1.73		0	0.00		0	0.00		173	97.74		4	2.26		177	0.22
Simpson (Wannon)		16	4.12		2	0.52		3	0.77		0	0.00		0	0.00		0	0.00		18	4.64		311	80.15		2	0.52		0	0.00		26	6.70		0	0.00		3	0.77		0	0.00		2	0.52		5	1.29		0	0.00		0	0.00		388	94.63		22	5.37		410	0.51
Skipton		7	1.61		11	2.53		6	1.38		1	0.23		0	0.00		0	0.00		13	3.00		263	60.60		0	0.00		0	0.00		108	24.88		3	0.69		9	2.07		0	0.00		1	0.23		12	2.76		0	0.00		0	0.00		434	92.34		36	7.66		470	0.59
Smythesdale		12	1.52		18	2.29		10	1.27		0	0.00		0	0.00		0	0.00		31	3.94		298	37.87		0	0.00		0	0.00		332	42.19		2	0.25		43	5.46		0	0.00		2	0.25		39	4.96		0	0.00		0	0.00		787	94.59		45	5.41		832	1.04
Snake Valley		13	2.76		9	1.91		6	1.27		0	0.00		0	0.00		0	0.00		24	5.10		176	37.37		1	0.21		2	0.42		195	41.40		4	0.85		19	4.03		0	0.00		1	0.21		21	4.46		0	0.00		0	0.00		471	93.45		33	6.55		504	0.63
Streatham		1	0.52		2	1.03		3	1.55		1	0.52		0	0.00		0	0.00		8	4.12		147	75.77		1	0.52		0	0.00		24	12.37		2	1.03		3	1.55		0	0.00		0	0.00		2	1.03		0	0.00		0	0.00		194	97.49		5	2.51		199	0.25
Tarrington		5	2.02		4	1.61		7	2.82		0	0.00		0	0.00		1	0.40		18	7.26		154	62.10		0	0.00		0	0.00		32	12.90		7	2.82		9	3.63		0	0.00		0	0.00		11	4.44		0	0.00		0	0.00		248	94.66		14	5.34		262	0.33
Tatyoon		6	4.03		0	0.00		0	0.00		0	0.00		0	0.00		0	0.00		4	2.68		107	71.81		0	0.00		0	0.00		25	16.78		0	0.00		5	3.36		0	0.00		0	0.00		2	1.34		0	0.00		0	0.00		149	97.39		4	2.61		153	0.19
Terang		46	3.27		36	2.56		13	0.92		1	0.07		3	0.21		0	0.00		51	3.62		769	54.62		4	0.28		1	0.07		384	27.27		6	0.43		55	3.91		0	0.00		2	0.14		37	2.63		0	0.00		0	0.00		1408	89.68		162	10.32		1570	1.96
Timboon		31	3.14		13	1.32		5	0.51		0	0.00		0	0.00		0	0.00		47	4.76		638	64.57		1	0.10		0	0.00		149	15.08		2	0.20		38	3.85		0	0.00		1	0.10		62	6.28		0	0.00		1	0.10		988	95.74		44	4.26		1032	1.29
Tower Square		27	3.30		22	2.69		5	0.61		1	0.12		1	0.12		0	0.00		26	3.17		413	50.43		1	0.12		1	0.12		261	31.87		4	0.49		28	3.42		0	0.00		1	0.12		28	3.42		0	0.00		0	0.00		819	94.79		45	5.21		864	1.08
Tyrendarra		3	2.04		1	0.68		2	1.36		0	0.00		0	0.00		0	0.00		15	10.20		88	59.86		1	0.68		0	0.00		21	14.29		1	0.68		10	6.80		0	0.00		0	0.00		5	3.40		0	0.00		0	0.00		147	94.23		9	5.77		156	0.19
Wangoom		3	1.38		2	0.92		4	1.83		0	0.00		0	0.00		0	0.00		4	1.83		142	65.14		0	0.00		0	0.00		38	17.43		1	0.46		12	5.50		0	0.00		1	0.46		11	5.05		0	0.00		0	0.00		218	95.61		10	4.39		228	0.28
Warrnambool		107	2.58		72	1.73		48	1.16		5	0.12		2	0.05		4	0.10		122	2.94		2036	49.01		14	0.34		2	0.05		1251	30.12		39	0.94		209	5.03		0	0.00		3	0.07		239	5.75		0	0.00		1	0.02		4154	94.07		262	5.93		4416	5.52
Warrnambool East		67	3.14		43	2.02		21	0.98		1	0.05		2	0.09		2	0.09		53	2.49		971	45.54		5	0.23		1	0.05		698	32.74		14	0.66		100	4.69		0	0.00		2	0.09		151	7.08		1	0.05		0	0.00		2132	94.29		129	5.71		2261	2.82
Warrnambool Hospital		6	1.70		5	1.42		3	0.85		0	0.00		0	0.00		0	0.00		3	0.85		157	44.60		0	0.00		0	0.00		120	34.09		3	0.85		23	6.53		0	0.00		1	0.28		30	8.52		0	0.00		1	0.28		352	94.37		21	5.63		373	0.47
Warrnambool North		38	2.73		36	2.58		11	0.79		0	0.00		0	0.00		0	0.00		35	2.51		645	46.30		5	0.36		2	0.14		446	32.02		9	0.65		83	5.96		0	0.00		0	0.00		80	5.74		3	0.22		0	0.00		1393	95.67		63	4.33		1456	1.82
Warrnambool SDS		23	2.04		16	1.42		10	0.89		1	0.09		0	0.00		0	0.00		28	2.49		514	45.69		1	0.09		2	0.18		422	37.51		10	0.89		50	4.44		0	0.00		0	0.00		48	4.27		0	0.00		0	0.00		1125	93.91		73	6.09		1198	1.50
Warrnambool South		10	2.16		6	1.30		6	1.30		0	0.00		1	0.22		0	0.00		13	2.81		220	47.52		1	0.22		2	0.43		157	33.91		0	0.00		25	5.40		0	0.00		2	0.43		20	4.32		0	0.00		0	0.00		463	95.07		24	4.93		487	0.61
Warrnambool West		76	3.44		59	2.67		24	1.09		1	0.05		3	0.14		1	0.05		85	3.85		1071	48.51		2	0.09		1	0.05		700	31.70		15	0.68		91	4.12		0	0.00		3	0.14		75	3.40		1	0.05		0	0.00		2208	94.52		128	5.48		2336	2.92
Willaura		10	2.75		11	3.02		6	1.65		0	0.00		0	0.00		0	0.00		21	5.77		213	58.52		0	0.00		0	0.00		75	20.60		6	1.65		11	3.02		0	0.00		0	0.00		11	3.02		0	0.00		0	0.00		364	95.29		18	4.71		382	0.48
Wiridjil (Wannon)		5	5.10		0	0.00		0	0.00		0	0.00		0	0.00		0	0.00		4	4.08		77	78.57		1	1.02		0	0.00		10	10.20		0	0.00		0	0.00		0	0.00		0	0.00		1	1.02		0	0.00		0	0.00		98	95.15		5	4.85		103	0.13
Woodford		14	3.62		9	2.33		5	1.29		0	0.00		0	0.00		0	0.00		12	3.10		218	56.33		1	0.26		0	0.00		98	25.32		0	0.00		15	3.88		0	0.00		1	0.26		14	3.62		0	0.00		0	0.00		387	93.70		26	6.30		413	0.52
Woolsthorpe		12	3.82		7	2.23		2	0.64		0	0.00		0	0.00		1	0.32		14	4.46		180	57.32		0	0.00		0	0.00		74	23.57		0	0.00		13	4.14		0	0.00		0	0.00		10	3.18		1	0.32		0	0.00		314	95.44		15	4.56		329	0.41
Woorndoo		0	0.00		1	1.69		0	0.00		0	0.00		0	0.00		0	0.00		1	1.69		46	77.97		0	0.00		0	0.00		6	10.17		0	0.00		0	0.00		0	0.00		1	1.69		4	6.78		0	0.00		0	0.00		59	93.65		4	6.35		63	0.08
Yambuk		8	3.94		4	1.97		6	2.96		0	0.00		0	0.00		0	0.00		15	7.39		122	60.10		0	0.00		0	0.00		29	14.29		0	0.00		6	2.96		0	0.00		3	1.48		10	4.93		0	0.00		0	0.00		203	92.69		16	7.31		219	0.27
Special Hospitals		8	2.88		3	1.08		0	0.00		0	0.00		0	0.00		0	0.00		3	1.08		160	57.55		0	0.00		1	0.36		98	35.25		1	0.36		3	1.08		0	0.00		0	0.00		1	0.36		0	0.00		0	0.00		278	94.56		16	5.44		294	0.37
Total Ordinary		1704	2.72		1187	1.89		780	1.24		51	0.08		40	0.06		40	0.06		2564	4.09		31376	50.02		151	0.24		46	0.07		19131	30.50		351	0.56		2646	4.22		23	0.04		84	0.13		2509	4.00		33	0.05		17	0.03		62733	94.28		3809	5.72		66542	83.11
ABSENT		136	3.22		120	2.84		56	1.33		6	0.14		3	0.07		1	0.02		154	3.65		1863	44.12		10	0.24		3	0.07		1118	26.47		35	0.83		378	8.95		1	0.02		6	0.14		328	7.77		1	0.02		4	0.09		4223	98.21		77	1.79		4300	5.37
POSTAL		118	2.90		59	1.45		54	1.33		2	0.05		0	0.00		0	0.00		228	5.60		2313	56.82		17	0.42		3	0.07		1028	25.25		12	0.29		150	3.68		1	0.02		2	0.05		82	2.01		2	0.05		0	0.00		4071	97.46		106	2.54		4177	5.22
PRE_POLL		150	3.40		97	2.20		61	1.38		6	0.14		3	0.07		0	0.00		180	4.07		2155	48.78		10	0.23		4	0.09		1258	28.47		28	0.63		204	4.62		52	1.18		3	0.07		207	4.69		0	0.00		0	0.00		4418	97.81		99	2.19		4517	5.64
PROVISIONAL		19	3.78		27	5.37		6	1.19		0	0.00		1	0.20		0	0.00		15	2.98		208	41.35		1	0.20		0	0.00		163	32.41		0	0.00		21	4.17		0	0.00		4	0.80		38	7.55		0	0.00		0	0.00		503	95.63		23	4.37		526	0.66
Division Summary		2127	2.8		1490	1.96		957	1.26		65	0.09		47	0.06		41	0.05		3141	4.14		37915	49.92		189	0.25		56	0.07		22698	29.89		426	0.56		3399	4.48		77	0.1		99	0.13		3164	4.17		36	0.05		21	0.03		75948	94.86		4114	5.14		80062	96.56
