Senate - 2001 Election: Victoria																																																															
First Preference Votes by Group 																																																															
By Polling Place																																																															

Burke (88943)																																																															
		Group A Total			Group B Total			Group C Total			Group D Total			Group E Total			Group F Total			Group G Total			Group H Total			Group I Total			Group J Total			Group K Total			Group L Total			Group M Total			Group N Total			Group O Total			Group P Total			Group Q Total			Ungrouped Total 			FORMAL 			INFORMAL 			TOTAL 	
		LFF			DLP			PCA			CEC			Unendorsed			Unendorsed			HAN			LNP			UNI			Unendorsed			ALP			CTA			DEM			Unendorsed			HPA			GRN			Unendorsed			Independent										
Polling Places		Vote	%		Vote	%		Vote	%		Vote	%		Vote	%		Vote	%		Vote	%		Vote	%		Vote	%		Vote	%		Vote	%		Vote	%		Vote	%		Vote	%		Vote	%		Vote	%		Vote	%		Vote	%		Vote	%		Vote	%		Vote	%
Bacchus Marsh		85	2.05		68	1.64		62	1.49		8	0.19		4	0.10		0	0.00		111	2.68		1681	40.53		5	0.12		1	0.02		1521	36.67		44	1.06		350	8.44		1	0.02		3	0.07		200	4.82		1	0.02		3	0.07		4148	91.41		390	8.59		4538	5.31
Bolinda		3	0.95		4	1.27		6	1.90		0	0.00		0	0.00		0	0.00		10	3.17		164	52.06		0	0.00		0	0.00		90	28.57		3	0.95		14	4.44		0	0.00		1	0.32		20	6.35		0	0.00		0	0.00		315	96.92		10	3.08		325	0.38
Brookside		22	1.11		49	2.47		19	0.96		0	0.00		1	0.05		0	0.00		33	1.66		566	28.53		2	0.10		0	0.00		1103	55.59		9	0.45		143	7.21		1	0.05		0	0.00		35	1.76		1	0.05		0	0.00		1984	95.34		97	4.66		2081	2.44
Bullengarook		10	2.73		5	1.37		5	1.37		0	0.00		0	0.00		1	0.27		15	4.10		130	35.52		0	0.00		0	0.00		112	30.60		1	0.27		24	6.56		0	0.00		0	0.00		63	17.21		0	0.00		0	0.00		366	95.81		16	4.19		382	0.45
Coburn		76	2.33		121	3.71		37	1.14		1	0.03		1	0.03		0	0.00		80	2.45		931	28.57		8	0.25		2	0.06		1641	50.35		23	0.71		226	6.93		1	0.03		3	0.09		106	3.25		2	0.06		0	0.00		3259	93.52		226	6.48		3485	4.08
Darley		53	1.79		57	1.92		32	1.08		1	0.03		1	0.03		1	0.03		85	2.86		1052	35.46		6	0.20		2	0.07		1274	42.94		18	0.61		265	8.93		2	0.07		4	0.13		110	3.71		1	0.03		3	0.10		2967	92.63		236	7.37		3203	3.75
Darraweit Guim		0	0.00		3	1.78		2	1.18		0	0.00		0	0.00		0	0.00		5	2.96		70	41.42		1	0.59		1	0.59		49	28.99		0	0.00		18	10.65		0	0.00		0	0.00		20	11.83		0	0.00		0	0.00		169	97.13		5	2.87		174	0.20
Deer Park		9	1.10		27	3.30		9	1.10		0	0.00		0	0.00		2	0.24		19	2.33		118	14.44		9	1.10		0	0.00		549	67.20		5	0.61		37	4.53		1	0.12		3	0.37		27	3.30		1	0.12		1	0.12		817	94.56		47	5.44		864	1.01
Deer Park Central		35	1.51		90	3.88		27	1.16		1	0.04		3	0.13		2	0.09		24	1.03		426	18.37		5	0.22		2	0.09		1507	64.98		6	0.26		140	6.04		1	0.04		1	0.04		41	1.77		8	0.34		0	0.00		2319	87.87		320	12.13		2639	3.09
Deer Park West		71	2.14		138	4.16		33	1.00		2	0.06		2	0.06		2	0.06		66	1.99		652	19.66		12	0.36		1	0.03		2071	62.45		17	0.51		142	4.28		3	0.09		3	0.09		100	3.02		1	0.03		0	0.00		3316	88.26		441	11.74		3757	4.40
Gisborne		41	1.27		35	1.09		41	1.27		0	0.00		1	0.03		1	0.03		71	2.21		1538	47.78		12	0.37		3	0.09		946	29.39		17	0.53		276	8.57		0	0.00		1	0.03		235	7.30		1	0.03		0	0.00		3219	95.69		145	4.31		3364	3.94
Killara		10	1.07		23	2.46		6	0.64		2	0.21		0	0.00		0	0.00		12	1.28		367	39.21		1	0.11		0	0.00		389	41.56		4	0.43		85	9.08		0	0.00		0	0.00		34	3.63		3	0.32		0	0.00		936	96.69		32	3.31		968	1.13
Kurunjang		40	2.09		48	2.50		17	0.89		0	0.00		3	0.16		2	0.10		32	1.67		525	27.37		6	0.31		1	0.05		1013	52.82		16	0.83		154	8.03		2	0.10		2	0.10		57	2.97		0	0.00		0	0.00		1918	94.90		103	5.10		2021	2.37
Kyneton		82	2.38		48	1.40		37	1.08		5	0.15		1	0.03		0	0.00		118	3.43		1470	42.74		7	0.20		7	0.20		1231	35.80		19	0.55		159	4.62		1	0.03		5	0.15		243	7.07		2	0.06		4	0.12		3439	94.40		204	5.60		3643	4.26
Lancefield		22	1.71		28	2.18		18	1.40		1	0.08		0	0.00		1	0.08		54	4.20		569	44.25		5	0.39		1	0.08		418	32.50		14	1.09		70	5.44		0	0.00		1	0.08		81	6.30		1	0.08		2	0.16		1286	94.70		72	5.30		1358	1.59
Macedon		20	1.78		21	1.87		29	2.58		0	0.00		1	0.09		0	0.00		25	2.22		419	37.21		0	0.00		1	0.09		353	31.35		5	0.44		116	10.30		0	0.00		0	0.00		135	11.99		0	0.00		1	0.09		1126	95.18		57	4.82		1183	1.38
Malmsbury		8	2.39		9	2.69		6	1.79		0	0.00		0	0.00		1	0.30		12	3.58		122	36.42		0	0.00		0	0.00		119	35.52		0	0.00		16	4.78		0	0.00		0	0.00		42	12.54		0	0.00		0	0.00		335	91.78		30	8.22		365	0.43
Melbourne (Burke)		3	3.00		3	3.00		3	3.00		0	0.00		0	0.00		0	0.00		1	1.00		31	31.00		2	2.00		0	0.00		32	32.00		0	0.00		15	15.00		0	0.00		0	0.00		9	9.00		1	1.00		0	0.00		100	97.09		3	2.91		103	0.12
Melton		86	2.34		113	3.07		39	1.06		4	0.11		2	0.05		4	0.11		99	2.69		1083	29.46		5	0.14		2	0.05		1843	50.14		13	0.35		247	6.72		4	0.11		4	0.11		121	3.29		5	0.14		2	0.05		3676	92.29		307	7.71		3983	4.66
Melton Central		3	0.76		14	3.54		5	1.26		0	0.00		0	0.00		0	0.00		14	3.54		126	31.82		2	0.51		0	0.00		194	48.99		4	1.01		22	5.56		1	0.25		0	0.00		10	2.53		0	0.00		1	0.25		396	93.84		26	6.16		422	0.49
Melton South		61	1.96		120	3.85		48	1.54		3	0.10		4	0.13		0	0.00		80	2.57		908	29.13		6	0.19		2	0.06		1562	50.11		13	0.42		199	6.38		3	0.10		2	0.06		105	3.37		1	0.03		0	0.00		3117	92.19		264	7.81		3381	3.96
Mount Macedon		7	1.14		4	0.65		12	1.96		0	0.00		0	0.00		0	0.00		19	3.10		269	43.88		0	0.00		1	0.16		156	25.45		0	0.00		46	7.50		0	0.00		0	0.00		99	16.15		0	0.00		0	0.00		613	96.08		25	3.92		638	0.75
Myrniong		4	1.86		2	0.93		2	0.93		0	0.00		0	0.00		0	0.00		5	2.33		73	33.95		2	0.93		0	0.00		91	42.33		0	0.00		18	8.37		0	0.00		0	0.00		18	8.37		0	0.00		0	0.00		215	95.98		9	4.02		224	0.26
New Gisborne		30	2.53		19	1.60		23	1.94		0	0.00		1	0.08		0	0.00		25	2.11		537	45.24		3	0.25		1	0.08		382	32.18		11	0.93		75	6.32		0	0.00		0	0.00		80	6.74		0	0.00		0	0.00		1187	96.19		47	3.81		1234	1.44
Newham		9	2.54		3	0.85		3	0.85		0	0.00		0	0.00		0	0.00		14	3.95		157	44.35		2	0.56		0	0.00		92	25.99		0	0.00		25	7.06		0	0.00		2	0.56		47	13.28		0	0.00		0	0.00		354	95.42		17	4.58		371	0.43
Riddell		27	1.56		35	2.02		28	1.61		2	0.12		0	0.00		0	0.00		45	2.59		716	41.24		3	0.17		1	0.06		536	30.88		8	0.46		181	10.43		0	0.00		0	0.00		152	8.76		2	0.12		0	0.00		1736	94.30		105	5.70		1841	2.15
Rockbank		25	2.60		33	3.43		10	1.04		0	0.00		0	0.00		1	0.10		27	2.81		308	32.02		0	0.00		3	0.31		478	49.69		2	0.21		42	4.37		0	0.00		1	0.10		32	3.33		0	0.00		0	0.00		962	89.91		108	10.09		1070	1.25
Romsey		29	1.52		38	1.99		24	1.26		0	0.00		0	0.00		3	0.16		41	2.15		837	43.87		2	0.10		1	0.05		652	34.17		9	0.47		133	6.97		1	0.05		5	0.26		130	6.81		2	0.10		1	0.05		1908	93.81		126	6.19		2034	2.38
Sunbury		41	1.73		43	1.82		24	1.01		1	0.04		1	0.04		0	0.00		46	1.94		1102	46.56		4	0.17		1	0.04		731	30.88		14	0.59		221	9.34		2	0.08		0	0.00		136	5.75		0	0.00		0	0.00		2367	94.83		129	5.17		2496	2.92
Sunbury East		41	2.26		42	2.32		28	1.55		5	0.28		2	0.11		1	0.06		40	2.21		638	35.23		2	0.11		1	0.06		796	43.95		24	1.33		110	6.07		0	0.00		1	0.06		80	4.42		0	0.00		0	0.00		1811	94.57		104	5.43		1915	2.24
Sunbury Heights		36	1.60		52	2.31		41	1.82		1	0.04		2	0.09		2	0.09		63	2.80		772	34.34		7	0.31		0	0.00		999	44.44		10	0.44		178	7.92		1	0.04		0	0.00		83	3.69		1	0.04		0	0.00		2248	95.78		99	4.22		2347	2.75
Sunbury North		39	2.04		43	2.25		26	1.36		2	0.10		0	0.00		0	0.00		36	1.89		824	43.19		1	0.05		2	0.10		704	36.90		6	0.31		121	6.34		0	0.00		0	0.00		103	5.40		0	0.00		1	0.05		1908	95.78		84	4.22		1992	2.33
Sunbury West		84	1.74		98	2.03		51	1.06		3	0.06		1	0.02		3	0.06		100	2.07		1950	40.45		10	0.21		5	0.10		1825	37.86		30	0.62		426	8.84		1	0.02		2	0.04		232	4.81		0	0.00		0	0.00		4821	94.59		276	5.41		5097	5.97
Toolern		5	1.46		9	2.63		2	0.58		1	0.29		0	0.00		0	0.00		8	2.34		183	53.51		0	0.00		0	0.00		84	24.56		2	0.58		26	7.60		0	0.00		1	0.29		21	6.14		0	0.00		0	0.00		342	95.80		15	4.20		357	0.42
Trentham		19	2.95		19	2.95		7	1.09		0	0.00		0	0.00		1	0.16		30	4.65		246	38.14		3	0.47		1	0.16		194	30.08		4	0.62		29	4.50		0	0.00		1	0.16		91	14.11		0	0.00		0	0.00		645	92.54		52	7.46		697	0.82
Tylden		6	1.55		5	1.30		8	2.07		0	0.00		0	0.00		1	0.26		18	4.66		179	46.37		1	0.26		0	0.00		98	25.39		1	0.26		14	3.63		0	0.00		0	0.00		54	13.99		0	0.00		1	0.26		386	94.84		21	5.16		407	0.48
Wedge Park		38	2.22		37	2.16		21	1.23		3	0.18		0	0.00		0	0.00		32	1.87		602	35.14		7	0.41		1	0.06		772	45.07		8	0.47		122	7.12		4	0.23		1	0.06		65	3.79		0	0.00		0	0.00		1713	94.85		93	5.15		1806	2.11
Westmelton		60	2.06		75	2.57		34	1.17		1	0.03		4	0.14		2	0.07		71	2.43		926	31.74		11	0.38		0	0.00		1422	48.75		20	0.69		198	6.79		5	0.17		1	0.03		85	2.91		0	0.00		2	0.07		2917	93.05		218	6.95		3135	3.67
Woodend		51	1.79		45	1.58		52	1.83		0	0.00		0	0.00		1	0.04		71	2.50		940	33.05		6	0.21		3	0.11		1089	38.29		13	0.46		249	8.76		2	0.07		3	0.11		318	11.18		1	0.04		0	0.00		2844	94.33		171	5.67		3015	3.53
Special Hospitals		1	4.17		1	4.17		0	0.00		0	0.00		0	0.00		0	0.00		0	0.00		10	41.67		0	0.00		0	0.00		11	45.83		0	0.00		0	0.00		0	0.00		0	0.00		1	4.17		0	0.00		0	0.00		24	100.00		0	0.00		24	0.03
Total Ordinary		1292	1.89		1627	2.39		877	1.29		47	0.07		35	0.05		32	0.05		1657	2.43		24217	35.50		158	0.23		47	0.07		29129	42.71		393	0.58		4932	7.23		37	0.05		51	0.07		3621	5.31		35	0.05		22	0.03		68209	93.52		4730	6.48		72939	85.36
ABSENT		146	2.67		202	3.70		84	1.54		7	0.13		6	0.11		3	0.05		153	2.80		1784	32.68		21	0.38		215	3.94		1950	35.72		68	1.25		453	8.30		1	0.02		35	0.64		325	5.95		4	0.07		2	0.04		5459	96.06		224	3.94		5683	6.65
POSTAL		103	3.73		60	2.17		49	1.77		2	0.07		0	0.00		0	0.00		89	3.22		1155	41.79		7	0.25		1	0.04		1029	37.23		17	0.62		179	6.48		3	0.11		3	0.11		63	2.28		2	0.07		2	0.07		2764	98.75		35	1.25		2799	3.28
PRE_POLL		105	3.14		90	2.69		47	1.40		5	0.15		2	0.06		1	0.03		117	3.50		1321	39.47		10	0.30		9	0.27		1231	36.78		13	0.39		258	7.71		0	0.00		2	0.06		135	4.03		0	0.00		1	0.03		3347	98.01		68	1.99		3415	4.00
PROVISIONAL		21	3.66		26	4.53		5	0.87		0	0.00		0	0.00		1	0.17		14	2.44		180	31.36		2	0.35		0	0.00		251	43.73		2	0.35		37	6.45		0	0.00		1	0.17		34	5.92		0	0.00		0	0.00		574	94.41		34	5.59		608	0.71
Division Summary		1667	2.07		2005	2.50		1062	1.32		61	0.08		43	0.05		37	0.05		2030	2.53		28657	35.66		198	0.25		272	0.34		33590	41.80		493	0.61		5859	7.29		41	0.05		92	0.11		4178	5.20		41	0.05		27	0.03		80353	94.04		5091	5.96		85444	96.07
