Senate - 2001 Election: Victoria																																																															
First Preference Votes by Group																																																															
By Polling Place																																																															

Flinders (91403)																																																															
		Group A Total			Group B Total			Group C Total			Group D Total			Group E Total			Group F Total			Group G Total			Group H Total			Group I Total			Group J Total			Group K Total			Group L Total			Group M Total			Group N Total			Group O Total			Group P Total			Group Q Total			Ungrouped Total			FORMAL			INFORMAL			TOTAL	
		LFF			DLP			PCA			CEC			Unendorsed			Unendorsed			HAN			LNP			UNI			Unendorsed			ALP			CTA			DEM			Unendorsed			HPA			GRN			Unendorsed			Independent										
Polling Places		Vote	%		Vote	%		Vote	%		Vote	%		Vote	%		Vote	%		Vote	%		Vote	%		Vote	%		Vote	%		Vote	%		Vote	%		Vote	%		Vote	%		Vote	%		Vote	%		Vote	%		Vote	%		Vote	%		Vote	%		Vote	%
Balnarring		32	2.01		17	1.07		25	1.57		1	0.06		2	0.13		0	0.00		27	1.69		720	45.17		2	0.13		1	0.06		413	25.91		5	0.31		181	11.36		1	0.06		0	0.00		167	10.48		0	0.00		0	0.00		1594	96.78		53	3.22		1647	1.88
Bass		3	0.98		3	0.98		3	0.98		1	0.33		0	0.00		0	0.00		15	4.89		163	53.09		3	0.98		0	0.00		72	23.45		6	1.95		10	3.26		0	0.00		1	0.33		27	8.79		0	0.00		0	0.00		307	97.15		9	2.85		316	0.36
Baxter		51	2.92		37	2.12		19	1.09		3	0.17		0	0.00		0	0.00		58	3.33		801	45.93		5	0.29		2	0.11		520	29.82		8	0.46		155	8.89		0	0.00		0	0.00		84	4.82		1	0.06		0	0.00		1744	94.12		109	5.88		1853	2.11
Bayles		14	4.13		8	2.36		2	0.59		0	0.00		1	0.29		0	0.00		13	3.83		189	55.75		2	0.59		0	0.00		74	21.83		3	0.88		21	6.19		0	0.00		1	0.29		11	3.24		0	0.00		0	0.00		339	94.96		18	5.04		357	0.41
Bittern		37	2.99		24	1.94		16	1.29		0	0.00		0	0.00		0	0.00		50	4.04		510	41.16		4	0.32		1	0.08		375	30.27		2	0.16		114	9.20		0	0.00		2	0.16		104	8.39		0	0.00		0	0.00		1239	95.16		63	4.84		1302	1.48
Blairgowrie		39	2.67		17	1.17		11	0.75		0	0.00		1	0.07		0	0.00		26	1.78		749	51.34		3	0.21		2	0.14		391	26.80		6	0.41		113	7.75		0	0.00		1	0.07		99	6.79		0	0.00		1	0.07		1459	93.47		102	6.53		1561	1.78
Blind Bight		25	3.36		18	2.42		13	1.75		1	0.13		0	0.00		1	0.13		29	3.90		336	45.22		1	0.13		0	0.00		245	32.97		4	0.54		35	4.71		0	0.00		3	0.40		30	4.04		1	0.13		1	0.13		743	94.89		40	5.11		783	0.89
Boneo		14	2.73		9	1.76		8	1.56		0	0.00		0	0.00		0	0.00		9	1.76		268	52.34		1	0.20		0	0.00		115	22.46		3	0.59		44	8.59		0	0.00		0	0.00		41	8.01		0	0.00		0	0.00		512	94.46		30	5.54		542	0.62
Cardinia		8	2.97		3	1.12		2	0.74		0	0.00		0	0.00		1	0.37		9	3.35		158	58.74		2	0.74		0	0.00		68	25.28		0	0.00		9	3.35		0	0.00		0	0.00		9	3.35		0	0.00		0	0.00		269	94.39		16	5.61		285	0.32
Catani		4	2.47		6	3.70		2	1.23		1	0.62		0	0.00		0	0.00		9	5.56		99	61.11		0	0.00		2	1.23		26	16.05		3	1.85		7	4.32		0	0.00		0	0.00		3	1.85		0	0.00		0	0.00		162	96.43		6	3.57		168	0.19
Clyde		15	2.85		8	1.52		7	1.33		0	0.00		1	0.19		0	0.00		25	4.75		322	61.22		0	0.00		1	0.19		106	20.15		1	0.19		28	5.32		0	0.00		0	0.00		12	2.28		0	0.00		0	0.00		526	92.61		42	7.39		568	0.65
Corinella		13	1.72		17	2.25		9	1.19		1	0.13		0	0.00		0	0.00		38	5.03		267	35.36		5	0.66		1	0.13		329	43.58		3	0.40		36	4.77		0	0.00		1	0.13		35	4.64		0	0.00		0	0.00		755	95.57		35	4.43		790	0.90
Cowes		65	2.50		43	1.65		23	0.88		1	0.04		0	0.00		3	0.12		57	2.19		1195	45.91		6	0.23		0	0.00		752	28.89		11	0.42		216	8.30		1	0.04		1	0.04		229	8.80		0	0.00		0	0.00		2603	94.35		156	5.65		2759	3.14
Cranbourne (Flinders)		16	3.04		12	2.28		2	0.38		0	0.00		0	0.00		0	0.00		15	2.85		246	46.68		1	0.19		0	0.00		172	32.64		3	0.57		43	8.16		0	0.00		0	0.00		17	3.23		0	0.00		0	0.00		527	95.13		27	4.87		554	0.63
Cranbourne South		17	1.78		10	1.05		7	0.73		1	0.10		0	0.00		0	0.00		32	3.36		540	56.66		0	0.00		2	0.21		247	25.92		6	0.63		59	6.19		0	0.00		0	0.00		32	3.36		0	0.00		0	0.00		953	96.26		37	3.74		990	1.13
Crib Point		35	2.96		32	2.71		14	1.18		1	0.08		1	0.08		0	0.00		57	4.82		430	36.38		2	0.17		1	0.08		465	39.34		7	0.59		87	7.36		0	0.00		0	0.00		49	4.15		0	0.00		1	0.08		1182	95.17		60	4.83		1242	1.41
Dalyston		6	1.92		7	2.24		6	1.92		0	0.00		1	0.32		0	0.00		18	5.75		161	51.44		5	1.60		0	0.00		69	22.04		0	0.00		10	3.19		0	0.00		0	0.00		30	9.58		0	0.00		0	0.00		313	93.43		22	6.57		335	0.38
Devon Meadows		46	3.28		17	1.21		21	1.50		1	0.07		0	0.00		1	0.07		46	3.28		717	51.14		1	0.07		0	0.00		412	29.39		5	0.36		81	5.78		0	0.00		0	0.00		54	3.85		0	0.00		0	0.00		1402	93.40		99	6.60		1501	1.71
Dromana		78	2.73		60	2.10		24	0.84		1	0.03		1	0.03		0	0.00		64	2.24		1335	46.65		11	0.38		2	0.07		912	31.87		19	0.66		191	6.67		0	0.00		0	0.00		162	5.66		1	0.03		1	0.03		2862	94.74		159	5.26		3021	3.44
Dromana Beach		19	3.37		16	2.84		10	1.78		0	0.00		2	0.36		0	0.00		21	3.73		244	43.34		2	0.36		4	0.71		153	27.18		1	0.18		42	7.46		0	0.00		0	0.00		49	8.70		0	0.00		0	0.00		563	93.99		36	6.01		599	0.68
Flinders		8	1.52		7	1.33		5	0.95		1	0.19		0	0.00		1	0.19		6	1.14		270	51.23		2	0.38		1	0.19		100	18.98		1	0.19		36	6.83		0	0.00		0	0.00		87	16.51		1	0.19		1	0.19		527	94.44		31	5.56		558	0.64
Glen Alvie		1	1.19		1	1.19		4	4.76		0	0.00		0	0.00		0	0.00		7	8.33		50	59.52		0	0.00		0	0.00		8	9.52		0	0.00		8	9.52		0	0.00		0	0.00		5	5.95		0	0.00		0	0.00		84	95.45		4	4.55		88	0.10
Grantville		8	1.29		16	2.57		8	1.29		0	0.00		0	0.00		0	0.00		32	5.14		277	44.53		3	0.48		0	0.00		217	34.89		2	0.32		31	4.98		0	0.00		0	0.00		26	4.18		0	0.00		2	0.32		622	92.97		47	7.03		669	0.76
Hastings		48	1.81		67	2.52		23	0.87		2	0.08		1	0.04		0	0.00		121	4.56		1025	38.62		7	0.26		1	0.04		1045	39.37		12	0.45		169	6.37		1	0.04		2	0.08		129	4.86		0	0.00		1	0.04		2654	94.25		162	5.75		2816	3.21
Kernot		2	1.56		1	0.78		3	2.34		0	0.00		0	0.00		0	0.00		2	1.56		86	67.19		0	0.00		0	0.00		18	14.06		2	1.56		10	7.81		0	0.00		0	0.00		4	3.13		0	0.00		0	0.00		128	94.12		8	5.88		136	0.15
Kilcunda		4	2.04		1	0.51		6	3.06		0	0.00		0	0.00		0	0.00		14	7.14		76	38.78		0	0.00		0	0.00		68	34.69		0	0.00		12	6.12		0	0.00		0	0.00		15	7.65		0	0.00		0	0.00		196	95.61		9	4.39		205	0.23
Kooweerup		33	3.40		22	2.27		9	0.93		1	0.10		2	0.21		1	0.10		51	5.25		519	53.45		8	0.82		0	0.00		239	24.61		0	0.00		55	5.66		0	0.00		3	0.31		28	2.88		0	0.00		0	0.00		971	90.24		105	9.76		1076	1.23
Lang Lang		42	4.33		24	2.47		9	0.93		1	0.10		1	0.10		1	0.10		53	5.46		559	57.57		1	0.10		1	0.10		214	22.04		4	0.41		42	4.33		0	0.00		1	0.10		18	1.85		0	0.00		0	0.00		971	94.00		62	6.00		1033	1.18
McCrae		11	1.46		16	2.12		4	0.53		1	0.13		0	0.00		0	0.00		24	3.19		387	51.39		2	0.27		0	0.00		196	26.03		4	0.53		45	5.98		0	0.00		0	0.00		63	8.37		0	0.00		0	0.00		753	93.54		52	6.46		805	0.92
Main Ridge		1	0.47		2	0.94		4	1.88		0	0.00		0	0.00		0	0.00		3	1.41		119	55.87		0	0.00		0	0.00		45	21.13		0	0.00		17	7.98		0	0.00		0	0.00		22	10.33		0	0.00		0	0.00		213	97.26		6	2.74		219	0.25
Melbourne (Flinders)		0	0.00		2	5.00		1	2.50		0	0.00		0	0.00		0	0.00		0	0.00		13	32.50		0	0.00		0	0.00		10	25.00		0	0.00		9	22.50		0	0.00		1	2.50		4	10.00		0	0.00		0	0.00		40	100.00		0	0.00		40	0.05
Merricks North		3	1.23		1	0.41		3	1.23		0	0.00		0	0.00		0	0.00		3	1.23		123	50.62		0	0.00		0	0.00		55	22.63		0	0.00		15	6.17		0	0.00		0	0.00		40	16.46		0	0.00		0	0.00		243	97.59		6	2.41		249	0.28
Moorooduc		10	1.92		1	0.19		10	1.92		0	0.00		0	0.00		1	0.19		9	1.73		332	63.85		1	0.19		0	0.00		89	17.12		4	0.77		37	7.12		1	0.19		0	0.00		25	4.81		0	0.00		0	0.00		520	95.06		27	4.94		547	0.62
Mt Erin (Flinders)		27	2.80		17	1.77		8	0.83		2	0.21		0	0.00		1	0.10		19	1.97		514	53.37		2	0.21		0	0.00		276	28.66		4	0.42		61	6.33		0	0.00		0	0.00		32	3.32		0	0.00		0	0.00		963	95.44		46	4.56		1009	1.15
Mt Martha		47	1.36		28	0.81		29	0.84		4	0.12		1	0.03		0	0.00		52	1.51		1905	55.15		3	0.09		0	0.00		740	21.42		10	0.29		323	9.35		0	0.00		1	0.03		311	9.00		0	0.00		0	0.00		3454	95.55		161	4.45		3615	4.12
Mt Martha North (Flinders)		63	2.39		40	1.52		22	0.83		1	0.04		0	0.00		0	0.00		51	1.94		1351	51.27		4	0.15		0	0.00		678	25.73		8	0.30		244	9.26		0	0.00		1	0.04		170	6.45		0	0.00		2	0.08		2635	95.75		117	4.25		2752	3.13
Newhaven		28	3.34		19	2.27		13	1.55		0	0.00		0	0.00		0	0.00		21	2.51		344	41.05		3	0.36		0	0.00		294	35.08		2	0.24		45	5.37		0	0.00		0	0.00		69	8.23		0	0.00		0	0.00		838	94.05		53	5.95		891	1.01
Nyora		6	1.04		13	2.26		9	1.57		1	0.17		1	0.17		0	0.00		28	4.87		273	47.48		2	0.35		0	0.00		174	30.26		7	1.22		34	5.91		0	0.00		0	0.00		27	4.70		0	0.00		0	0.00		575	95.36		28	4.64		603	0.69
Pearcedale		37	1.93		36	1.87		19	0.99		1	0.05		1	0.05		1	0.05		55	2.86		904	47.03		5	0.26		1	0.05		599	31.17		16	0.83		157	8.17		0	0.00		0	0.00		89	4.63		0	0.00		1	0.05		1922	94.77		106	5.23		2028	2.31
Portsea		5	2.02		2	0.81		2	0.81		0	0.00		0	0.00		0	0.00		4	1.62		170	68.83		1	0.40		1	0.40		39	15.79		0	0.00		10	4.05		0	0.00		0	0.00		13	5.26		0	0.00		0	0.00		247	93.21		18	6.79		265	0.30
Red Hill		25	2.05		10	0.82		7	0.58		0	0.00		0	0.00		0	0.00		22	1.81		573	47.08		3	0.25		1	0.08		260	21.36		1	0.08		141	11.59		0	0.00		3	0.25		171	14.05		0	0.00		0	0.00		1217	97.75		28	2.25		1245	1.42
Rhyll		11	2.06		5	0.94		4	0.75		0	0.00		0	0.00		0	0.00		22	4.12		301	56.37		1	0.19		0	0.00		109	20.41		1	0.19		33	6.18		0	0.00		0	0.00		46	8.61		0	0.00		1	0.19		534	95.53		25	4.47		559	0.64
Rosebud		32	2.59		38	3.08		13	1.05		2	0.16		1	0.08		1	0.08		36	2.91		520	42.11		4	0.32		2	0.16		445	36.03		1	0.08		90	7.29		0	0.00		2	0.16		48	3.89		0	0.00		0	0.00		1235	92.30		103	7.70		1338	1.52
Rosebud East		38	2.02		36	1.92		27	1.44		0	0.00		1	0.05		3	0.16		57	3.03		727	38.69		8	0.43		0	0.00		703	37.41		4	0.21		151	8.04		2	0.11		0	0.00		121	6.44		0	0.00		1	0.05		1879	92.15		160	7.85		2039	2.32
Rosebud South		38	1.87		37	1.82		26	1.28		0	0.00		0	0.00		0	0.00		47	2.31		1027	50.52		2	0.10		1	0.05		581	28.58		10	0.49		148	7.28		0	0.00		1	0.05		115	5.66		0	0.00		0	0.00		2033	94.60		116	5.40		2149	2.45
Rosebud West		51	2.25		65	2.86		24	1.06		2	0.09		3	0.13		3	0.13		59	2.60		916	40.35		5	0.22		0	0.00		855	37.67		5	0.22		174	7.67		0	0.00		2	0.09		104	4.58		0	0.00		2	0.09		2270	93.19		166	6.81		2436	2.77
Rye		69	1.90		77	2.12		43	1.18		8	0.22		3	0.08		4	0.11		102	2.80		1519	41.73		9	0.25		5	0.14		1322	36.32		7	0.19		223	6.13		1	0.03		1	0.03		246	6.76		0	0.00		1	0.03		3640	93.05		272	6.95		3912	4.45
Safety Beach		21	1.58		16	1.20		15	1.13		0	0.00		0	0.00		0	0.00		49	3.68		666	49.96		3	0.23		2	0.15		419	31.43		1	0.08		94	7.05		0	0.00		1	0.08		46	3.45		0	0.00		0	0.00		1333	94.07		84	5.93		1417	1.61
St Andrews Beach		12	2.82		7	1.65		4	0.94		0	0.00		1	0.24		0	0.00		15	3.53		163	38.35		0	0.00		2	0.47		120	28.24		2	0.47		44	10.35		0	0.00		0	0.00		54	12.71		1	0.24		0	0.00		425	94.03		27	5.97		452	0.51
San Remo		16	2.20		10	1.38		9	1.24		2	0.28		0	0.00		1	0.14		11	1.52		361	49.72		3	0.41		0	0.00		199	27.41		0	0.00		42	5.79		0	0.00		1	0.14		71	9.78		0	0.00		0	0.00		726	92.02		63	7.98		789	0.90
Shoreham		8	2.33		5	1.46		4	1.17		0	0.00		0	0.00		0	0.00		1	0.29		148	43.15		2	0.58		1	0.29		86	25.07		2	0.58		25	7.29		0	0.00		1	0.29		60	17.49		0	0.00		0	0.00		343	96.89		11	3.11		354	0.40
Somers		15	1.94		9	1.16		5	0.65		2	0.26		0	0.00		0	0.00		17	2.20		351	45.35		4	0.52		0	0.00		179	23.13		2	0.26		100	12.92		0	0.00		0	0.00		90	11.63		0	0.00		0	0.00		774	97.48		20	2.52		794	0.90
Somerville East		47	1.90		46	1.85		40	1.61		2	0.08		2	0.08		0	0.00		66	2.66		1205	48.59		5	0.20		1	0.04		716	28.87		17	0.69		240	9.68		0	0.00		0	0.00		92	3.71		0	0.00		1	0.04		2480	95.35		121	4.65		2601	2.96
Somerville West		48	1.81		41	1.55		25	0.94		1	0.04		1	0.04		0	0.00		80	3.02		1370	51.78		5	0.19		3	0.11		689	26.04		16	0.60		243	9.18		1	0.04		3	0.11		118	4.46		1	0.04		1	0.04		2646	95.77		117	4.23		2763	3.15
Sorrento		18	1.49		11	0.91		11	0.91		0	0.00		0	0.00		0	0.00		24	1.99		692	57.33		2	0.17		0	0.00		245	20.30		2	0.17		88	7.29		0	0.00		0	0.00		114	9.44		0	0.00		0	0.00		1207	95.26		60	4.74		1267	1.44
Tooradin		19	3.05		15	2.41		7	1.12		0	0.00		0	0.00		0	0.00		28	4.49		330	52.97		1	0.16		1	0.16		165	26.48		3	0.48		23	3.69		0	0.00		2	0.32		29	4.65		0	0.00		0	0.00		623	89.51		73	10.49		696	0.79
Tootgarook		37	2.73		35	2.58		9	0.66		0	0.00		4	0.30		1	0.07		30	2.22		528	39.00		6	0.44		2	0.15		526	38.85		5	0.37		97	7.16		0	0.00		2	0.15		72	5.32		0	0.00		0	0.00		1354	91.80		121	8.20		1475	1.68
Tyabb		31	2.22		18	1.29		13	0.93		0	0.00		0	0.00		0	0.00		50	3.58		713	51.00		1	0.07		0	0.00		383	27.40		13	0.93		123	8.80		0	0.00		0	0.00		52	3.72		1	0.07		0	0.00		1398	95.69		63	4.31		1461	1.66
West Park		14	1.79		38	4.87		4	0.51		2	0.26		2	0.26		0	0.00		24	3.07		234	29.96		1	0.13		0	0.00		372	47.63		10	1.28		36	4.61		0	0.00		3	0.38		40	5.12		1	0.13		0	0.00		781	93.09		58	6.91		839	0.96
Special Hospitals		59	3.45		27	1.58		7	0.41		2	0.12		1	0.06		3	0.18		27	1.58		996	58.28		8	0.47		0	0.00		473	27.68		22	1.29		59	3.45		0	0.00		1	0.06		24	1.40		0	0.00		0	0.00		1709	93.95		110	6.05		1819	2.07
Total Ordinary		1530	2.28		1226	1.82		712	1.06		51	0.08		36	0.05		28	0.04		1940	2.89		32087	47.74		173	0.26		45	0.07		19867	29.56		296	0.44		5016	7.46		8	0.01		42	0.06		4134	6.15		8	0.01		18	0.03		67217	94.43		3965	5.57		71182	81.05
ABSENT		204	4.21		153	3.16		67	1.38		8	0.17		1	0.02		0	0.00		129	2.66		2113	43.63		13	0.27		3	0.06		1304	26.93		21	0.43		450	9.29		1	0.02		6	0.12		366	7.56		3	0.06		1	0.02		4843	96.44		179	3.56		5022	5.72
POSTAL		137	3.47		62	1.57		74	1.88		3	0.08		1	0.03		0	0.00		117	2.97		2061	52.27		6	0.15		0	0.00		1102	27.95		15	0.38		208	5.28		0	0.00		2	0.05		152	3.85		1	0.03		2	0.05		3943	98.26		70	1.74		4013	4.57
PRE_POLL		194	2.93		135	2.04		82	1.24		6	0.09		1	0.02		2	0.03		217	3.28		3136	47.43		11	0.17		6	0.09		2203	33.32		16	0.24		363	5.49		0	0.00		5	0.08		233	3.52		1	0.02		1	0.02		6612	97.42		175	2.58		6787	7.73
PROVISIONAL		26	3.34		32	4.11		5	0.64		1	0.13		1	0.13		1	0.13		20	2.57		330	42.36		3	0.39		0	0.00		233	29.91		4	0.51		58	7.45		0	0.00		2	0.26		63	8.09		0	0.00		0	0.00		779	95.00		41	5.00		820	0.93
Division Summary		2091	2.51		1608	1.93		940	1.13		69	0.08		40	0.05		31	0.04		2423	2.91		39727	47.64		206	0.25		54	0.06		24709	29.63		352	0.42		6095	7.31		9	0.01		57	0.07		4948	5.93		13	0.02		22	0.03		83394	94.96		4430	5.04		87824	96.08
