Senate - 2001 Election: Victoria																																																															
First Preference Votes by Group 																																																															
By Polling Place																																																															

Deakin (85208)																																																															
		Group A Total			Group B Total			Group C Total			Group D Total			Group E Total			Group F Total			Group G Total			Group H Total			Group I Total			Group J Total			Group K Total			Group L Total			Group M Total			Group N Total			Group O Total			Group P Total			Group Q Total			Ungrouped Total			FORMAL			INFORMAL			TOTAL	
		LFF			DLP			PCA			CEC			Unendorsed			Unendorsed			HAN			LNP			UNI			Unendorsed			ALP			CTA			DEM			Unendorsed			HPA			GRN			Unendorsed			Independent										
Polling Places		Vote	%		Vote	%		Vote	%		Vote	%		Vote	%		Vote	%		Vote	%		Vote	%		Vote	%		Vote	%		Vote	%		Vote	%		Vote	%		Vote	%		Vote	%		Vote	%		Vote	%		Vote	%		Vote	%		Vote	%		Vote	%
Antonio Park		19	1.28		31	2.09		11	0.74		2	0.13		0	0.00		2	0.13		24	1.62		656	44.15		2	0.13		0	0.00		420	28.26		30	2.02		154	10.36		0	0.00		2	0.13		132	8.88		0	0.00		1	0.07		1486	95.99		62	4.01		1548	1.90
Bedford Road		24	1.62		38	2.56		18	1.21		2	0.13		0	0.00		5	0.34		19	1.28		558	37.63		5	0.34		1	0.07		543	36.61		7	0.47		177	11.94		0	0.00		3	0.20		82	5.53		0	0.00		1	0.07		1483	95.31		73	4.69		1556	1.91
Blackburn		20	1.48		18	1.33		11	0.81		1	0.07		0	0.00		0	0.00		23	1.70		632	46.78		4	0.30		1	0.07		335	24.80		12	0.89		169	12.51		0	0.00		7	0.52		116	8.59		0	0.00		2	0.15		1351	96.71		46	3.29		1397	1.71
Blackburn Lake		37	1.62		22	0.96		24	1.05		0	0.00		2	0.09		1	0.04		24	1.05		1010	44.14		3	0.13		0	0.00		610	26.66		19	0.83		277	12.11		0	0.00		4	0.17		253	11.06		1	0.04		1	0.04		2288	96.13		92	3.87		2380	2.92
Blackburn North		36	2.08		39	2.25		19	1.10		3	0.17		0	0.00		1	0.06		21	1.21		698	40.28		8	0.46		1	0.06		547	31.56		20	1.15		231	13.33		0	0.00		1	0.06		107	6.17		1	0.06		0	0.00		1733	95.32		85	4.68		1818	2.23
Blackburn South		74	2.32		50	1.57		20	0.63		2	0.06		0	0.00		2	0.06		32	1.00		1307	40.95		9	0.28		1	0.03		1096	34.34		36	1.13		323	10.12		1	0.03		2	0.06		235	7.36		2	0.06		0	0.00		3192	94.77		176	5.23		3368	4.13
Blackburn West		71	1.68		56	1.32		49	1.16		1	0.02		0	0.00		0	0.00		60	1.42		1648	38.92		15	0.35		4	0.09		1546	36.51		28	0.66		430	10.16		1	0.02		5	0.12		315	7.44		3	0.07		2	0.05		4234	95.17		215	4.83		4449	5.45
Burwood Heights		70	2.05		83	2.43		31	0.91		3	0.09		2	0.06		1	0.03		41	1.20		1257	36.84		17	0.50		1	0.03		1460	42.79		19	0.56		312	9.14		2	0.06		2	0.06		107	3.14		1	0.03		3	0.09		3412	93.20		249	6.80		3661	4.49
Cheong Park		0	0.00		0	0.00		0	0.00		0	0.00		0	0.00		0	0.00		0	0.00		0	0.00		0	0.00		0	0.00		0	0.00		0	0.00		0	0.00		0	0.00		0	0.00		0	0.00		0	0.00		0	0.00		0	0.00		0	0.00		0	0.00
Croydon South		39	1.56		49	1.96		29	1.16		1	0.04		1	0.04		2	0.08		54	2.16		1120	44.78		5	0.20		2	0.08		848	33.91		20	0.80		229	9.16		0	0.00		2	0.08		99	3.96		1	0.04		0	0.00		2501	95.24		125	4.76		2626	3.22
Croydon Town		34	2.49		24	1.76		19	1.39		1	0.07		0	0.00		2	0.15		25	1.83		636	46.59		4	0.29		0	0.00		380	27.84		17	1.25		125	9.16		1	0.07		4	0.29		92	6.74		0	0.00		1	0.07		1365	94.33		82	5.67		1447	1.77
Eastwood		34	1.51		42	1.87		29	1.29		0	0.00		1	0.04		1	0.04		38	1.69		886	39.38		4	0.18		3	0.13		689	30.62		28	1.24		287	12.76		0	0.00		7	0.31		200	8.89		1	0.04		0	0.00		2250	95.54		105	4.46		2355	2.89
Eley Park		44	1.98		60	2.71		20	0.90		0	0.00		1	0.05		0	0.00		29	1.31		802	36.18		20	0.90		1	0.05		910	41.05		17	0.77		221	9.97		0	0.00		0	0.00		90	4.06		1	0.05		1	0.05		2217	94.50		129	5.50		2346	2.88
Forest Hill		28	2.29		21	1.72		13	1.06		0	0.00		0	0.00		1	0.08		23	1.88		531	43.42		2	0.16		0	0.00		409	33.44		8	0.65		104	8.50		0	0.00		0	0.00		82	6.70		0	0.00		1	0.08		1223	95.18		62	4.82		1285	1.58
Glen Park		17	2.73		24	3.85		10	1.61		2	0.32		0	0.00		1	0.16		19	3.05		222	35.63		1	0.16		0	0.00		249	39.97		12	1.93		45	7.22		0	0.00		1	0.16		20	3.21		0	0.00		0	0.00		623	94.25		38	5.75		661	0.81
Heatherdale		19	1.36		31	2.22		10	0.72		2	0.14		1	0.07		1	0.07		18	1.29		538	38.54		4	0.29		1	0.07		477	34.17		15	1.07		162	11.60		0	0.00		0	0.00		117	8.38		0	0.00		0	0.00		1396	94.84		76	5.16		1472	1.80
Heathmont (Deakin)		26	2.29		24	2.12		12	1.06		3	0.26		0	0.00		0	0.00		21	1.85		455	40.16		3	0.26		3	0.26		371	32.74		18	1.59		113	9.97		0	0.00		2	0.18		80	7.06		1	0.09		1	0.09		1133	95.45		54	4.55		1187	1.46
Inala Village		20	5.60		13	3.64		2	0.56		0	0.00		0	0.00		0	0.00		5	1.40		183	51.26		2	0.56		0	0.00		114	31.93		1	0.28		13	3.64		0	0.00		0	0.00		4	1.12		0	0.00		0	0.00		357	86.44		56	13.56		413	0.51
Kalinda		31	1.83		32	1.89		24	1.42		1	0.06		0	0.00		1	0.06		26	1.53		861	50.77		5	0.29		0	0.00		457	26.95		20	1.18		149	8.79		0	0.00		7	0.41		81	4.78		1	0.06		0	0.00		1696	95.93		72	4.07		1768	2.17
Laburnum		31	1.84		27	1.60		20	1.19		2	0.12		2	0.12		0	0.00		14	0.83		729	43.26		4	0.24		0	0.00		471	27.95		13	0.77		195	11.57		0	0.00		3	0.18		173	10.27		1	0.06		0	0.00		1685	97.01		52	2.99		1737	2.13
Melbourne (Deakin)		0	0.00		3	3.30		1	1.10		0	0.00		0	0.00		0	0.00		3	3.30		33	36.26		0	0.00		0	0.00		29	31.87		0	0.00		9	9.89		1	1.10		0	0.00		12	13.19		0	0.00		0	0.00		91	93.81		6	6.19		97	0.12
Mitcham		20	1.41		34	2.40		12	0.85		2	0.14		0	0.00		0	0.00		20	1.41		575	40.64		3	0.21		0	0.00		488	34.49		10	0.71		152	10.74		0	0.00		9	0.64		89	6.29		1	0.07		0	0.00		1415	94.21		87	5.79		1502	1.84
Mitcham North		33	1.54		65	3.04		24	1.12		2	0.09		0	0.00		0	0.00		33	1.54		832	38.90		11	0.51		4	0.19		709	33.15		25	1.17		230	10.75		0	0.00		9	0.42		151	7.06		2	0.09		9	0.42		2139	94.52		124	5.48		2263	2.77
Mullum		25	1.77		22	1.55		12	0.85		0	0.00		1	0.07		1	0.07		24	1.70		671	47.42		3	0.21		2	0.14		428	30.25		19	1.34		136	9.61		0	0.00		8	0.57		63	4.45		0	0.00		0	0.00		1415	94.52		82	5.48		1497	1.84
Norwood		30	2.72		15	1.36		11	1.00		3	0.27		1	0.09		1	0.09		15	1.36		513	46.59		1	0.09		1	0.09		337	30.61		14	1.27		102	9.26		1	0.09		2	0.18		54	4.90		0	0.00		0	0.00		1101	96.41		41	3.59		1142	1.40
Nunawading		42	2.33		61	3.39		23	1.28		0	0.00		2	0.11		0	0.00		26	1.44		614	34.09		15	0.83		2	0.11		710	39.42		21	1.17		168	9.33		0	0.00		2	0.11		111	6.16		2	0.11		2	0.11		1801	93.85		118	6.15		1919	2.35
Nunawading South		40	1.57		48	1.89		28	1.10		1	0.04		3	0.12		2	0.08		40	1.57		1050	41.31		4	0.16		0	0.00		855	33.63		30	1.18		279	10.98		0	0.00		3	0.12		153	6.02		1	0.04		5	0.20		2542	95.13		130	4.87		2672	3.28
Parkwood		26	2.15		13	1.08		10	0.83		0	0.00		0	0.00		1	0.08		14	1.16		640	53.02		1	0.08		0	0.00		310	25.68		12	0.99		125	10.36		0	0.00		2	0.17		52	4.31		1	0.08		0	0.00		1207	96.10		49	3.90		1256	1.54
Rangeview		27	1.46		18	0.97		21	1.13		0	0.00		1	0.05		0	0.00		31	1.67		839	45.28		3	0.16		0	0.00		546	29.47		18	0.97		204	11.01		0	0.00		3	0.16		138	7.45		4	0.22		0	0.00		1853	96.56		66	3.44		1919	2.35
Ringwood		37	2.41		26	1.69		18	1.17		1	0.07		0	0.00		0	0.00		25	1.63		659	42.88		3	0.20		0	0.00		532	34.61		13	0.85		141	9.17		0	0.00		2	0.13		76	4.94		3	0.20		1	0.07		1537	94.01		98	5.99		1635	2.00
Ringwood East		31	2.01		28	1.82		18	1.17		3	0.19		0	0.00		0	0.00		35	2.27		658	42.73		3	0.19		0	0.00		503	32.66		17	1.10		152	9.87		0	0.00		9	0.58		81	5.26		1	0.06		1	0.06		1540	93.33		110	6.67		1650	2.02
Ringwood Heights		24	1.59		21	1.39		23	1.52		0	0.00		0	0.00		0	0.00		15	0.99		685	45.33		7	0.46		1	0.07		425	28.13		12	0.79		157	10.39		0	0.00		13	0.86		128	8.47		0	0.00		0	0.00		1511	96.12		61	3.88		1572	1.93
Ringwood North (Deakin)		26	2.06		20	1.58		14	1.11		0	0.00		1	0.08		0	0.00		15	1.19		686	54.27		3	0.24		1	0.08		306	24.21		16	1.27		126	9.97		0	0.00		2	0.16		48	3.80		0	0.00		0	0.00		1264	95.25		63	4.75		1327	1.63
Ringwood South		32	1.16		53	1.93		40	1.45		3	0.11		0	0.00		2	0.07		56	2.04		1097	39.88		9	0.33		1	0.04		972	35.33		36	1.31		265	9.63		2	0.07		2	0.07		178	6.47		1	0.04		2	0.07		2751	94.50		160	5.50		2911	3.57
Springview		37	1.78		47	2.27		24	1.16		3	0.14		0	0.00		2	0.10		22	1.06		824	39.75		10	0.48		3	0.14		743	35.84		13	0.63		240	11.58		4	0.19		7	0.34		92	4.44		1	0.05		1	0.05		2073	95.05		108	4.95		2181	2.67
Tally Ho (Deakin)		36	2.38		44	2.90		12	0.79		3	0.20		0	0.00		0	0.00		14	0.92		646	42.64		8	0.53		0	0.00		571	37.69		5	0.33		119	7.85		1	0.07		0	0.00		56	3.70		0	0.00		0	0.00		1515	94.04		96	5.96		1611	1.98
Tinternvale		32	1.76		28	1.54		11	0.61		1	0.06		1	0.06		0	0.00		37	2.04		785	43.20		1	0.06		2	0.11		569	31.32		30	1.65		198	10.90		0	0.00		2	0.11		117	6.44		2	0.11		1	0.06		1817	95.99		76	4.01		1893	2.32
Vermont North		32	2.65		16	1.32		10	0.83		0	0.00		0	0.00		1	0.08		16	1.32		557	46.11		3	0.25		0	0.00		374	30.96		15	1.24		116	9.60		0	0.00		2	0.17		66	5.46		0	0.00		0	0.00		1208	95.12		62	4.88		1270	1.56
Special Hospitals		18	8.00		5	2.22		0	0.00		0	0.00		0	0.00		0	0.00		5	2.22		123	54.67		1	0.44		0	0.00		60	26.67		2	0.89		7	3.11		0	0.00		0	0.00		4	1.78		0	0.00		0	0.00		225	89.29		27	10.71		252	0.31
Total Ordinary		1222	1.89		1251	1.94		683	1.06		48	0.07		20	0.03		31	0.05		962	1.49		27216	42.11		206	0.32		36	0.06		21399	33.11		648	1.00		6642	10.28		14	0.02		129	0.20		4054	6.27		33	0.05		36	0.06		64630	94.98		3413	5.02		68043	83.43
ABSENT		158	2.95		142	2.65		68	1.27		2	0.04		7	0.13		4	0.07		86	1.61		2023	37.78		28	0.52		3	0.06		1659	30.98		60	1.12		659	12.31		3	0.06		20	0.37		426	7.96		5	0.09		2	0.04		5355	97.06		162	2.94		5517	6.76
POSTAL		131	3.18		48	1.16		53	1.28		2	0.05		1	0.02		3	0.07		81	1.96		1944	47.13		11	0.27		1	0.02		1329	32.22		38	0.92		314	7.61		0	0.00		10	0.24		157	3.81		2	0.05		0	0.00		4125	98.07		81	1.93		4206	5.16
PRE_POLL		85	2.62		49	1.51		33	1.02		2	0.06		2	0.06		4	0.12		48	1.48		1436	44.21		7	0.22		4	0.12		1003	30.88		46	1.42		318	9.79		1	0.03		12	0.37		195	6.00		2	0.06		1	0.03		3248	97.45		85	2.55		3333	4.09
PROVISIONAL		13	2.96		22	5.01		2	0.46		2	0.46		0	0.00		0	0.00		4	0.91		166	37.81		0	0.00		1	0.23		158	35.99		1	0.23		46	10.48		0	0.00		1	0.23		22	5.01		0	0.00		1	0.23		439	95.43		21	4.57		460	0.56
Division Summary		1609	2.07		1512	1.94		839	1.08		56	0.07		30	0.04		42	0.05		1181	1.52		32785	42.14		252	0.32		45	0.06		25548	32.84		793	1.02		7979	10.26		18	0.02		172	0.22		4854	6.24		42	0.05		40	0.05		77797	95.39		3762	4.61		81559	95.72
