Senate - 2001 Election: Victoria																																																															
First Preference Votes by Group 																																																															
By Polling Place																																																															

Melbourne Ports (89113)																																																															
		Group A Total			Group B Total			Group C Total			Group D Total			Group E Total			Group F Total			Group G Total			Group H Total			Group I Total			Group J Total			Group K Total			Group L Total			Group M Total			Group N Total			Group O Total			Group P Total			Group Q Total			Ungrouped Total			FORMAL			INFORMAL			TOTAL	
		LFF			DLP			PCA			CEC			Unendorsed			Unendorsed			HAN			LNP			UNI			Unendorsed			ALP			CTA			DEM			Unendorsed			HPA			GRN			Unendorsed			Independent										
Polling Places		Vote	%		Vote	%		Vote	%		Vote	%		Vote	%		Vote	%		Vote	%		Vote	%		Vote	%		Vote	%		Vote	%		Vote	%		Vote	%		Vote	%		Vote	%		Vote	%		Vote	%		Vote	%		Vote	%		Vote	%		Vote	%
Alfred Hospital		7	1.88		7	1.88		1	0.27		0	0.00		0	0.00		0	0.00		5	1.34		162	43.55		1	0.27		0	0.00		105	28.23		0	0.00		46	12.37		0	0.00		0	0.00		38	10.22		0	0.00		0	0.00		372	97.64		9	2.36		381	0.46
Argyle		25	2.42		20	1.93		15	1.45		0	0.00		0	0.00		0	0.00		12	1.16		254	24.56		0	0.00		0	0.00		417	40.33		1	0.10		115	11.12		0	0.00		2	0.19		169	16.34		1	0.10		3	0.29		1034	93.41		73	6.59		1107	1.34
Bridport		34	1.51		23	1.02		23	1.02		1	0.04		0	0.00		1	0.04		18	0.80		830	36.87		6	0.27		2	0.09		819	36.38		4	0.18		203	9.02		0	0.00		4	0.18		277	12.31		3	0.13		3	0.13		2251	93.75		150	6.25		2401	2.92
Camden		44	2.11		30	1.44		18	0.86		1	0.05		1	0.05		1	0.05		16	0.77		926	44.48		10	0.48		0	0.00		628	30.16		3	0.14		222	10.66		3	0.14		0	0.00		175	8.41		1	0.05		3	0.14		2082	94.42		123	5.58		2205	2.68
Caulfield		47	2.71		24	1.38		9	0.52		1	0.06		3	0.17		0	0.00		4	0.23		922	53.08		7	0.40		1	0.06		425	24.47		0	0.00		170	9.79		0	0.00		1	0.06		117	6.74		3	0.17		3	0.17		1737	93.54		120	6.46		1857	2.26
Caulfield East		46	2.26		23	1.13		19	0.93		0	0.00		1	0.05		1	0.05		21	1.03		867	42.56		7	0.34		0	0.00		644	31.62		4	0.20		222	10.90		0	0.00		2	0.10		171	8.39		2	0.10		7	0.34		2037	92.89		156	7.11		2193	2.66
Caulfield North		54	2.27		20	0.84		21	0.88		1	0.04		0	0.00		0	0.00		12	0.50		1270	53.38		10	0.42		0	0.00		535	22.49		4	0.17		231	9.71		1	0.04		1	0.04		210	8.83		1	0.04		8	0.34		2379	91.15		231	8.85		2610	3.17
Caulfield South		55	3.57		22	1.43		15	0.97		4	0.26		0	0.00		0	0.00		11	0.71		687	44.55		6	0.39		0	0.00		415	26.91		0	0.00		199	12.91		0	0.00		0	0.00		126	8.17		2	0.13		0	0.00		1542	91.13		150	8.87		1692	2.06
Caulfield Upper		56	2.35		24	1.01		16	0.67		0	0.00		0	0.00		0	0.00		21	0.88		1084	45.39		7	0.29		0	0.00		634	26.55		2	0.08		275	11.52		0	0.00		1	0.04		263	11.01		2	0.08		3	0.13		2388	93.46		167	6.54		2555	3.10
Caulfield West		34	3.06		17	1.53		5	0.45		1	0.09		1	0.09		0	0.00		9	0.81		557	50.14		3	0.27		0	0.00		259	23.31		3	0.27		123	11.07		0	0.00		0	0.00		95	8.55		0	0.00		4	0.36		1111	94.63		63	5.37		1174	1.43
Elsternwick		66	2.17		49	1.61		30	0.99		0	0.00		0	0.00		1	0.03		18	0.59		1139	37.43		9	0.30		2	0.07		936	30.76		12	0.39		401	13.18		0	0.00		3	0.10		374	12.29		1	0.03		2	0.07		3043	92.52		246	7.48		3289	3.99
Elsternwick North		21	2.16		19	1.96		11	1.13		0	0.00		0	0.00		0	0.00		6	0.62		362	37.32		4	0.41		0	0.00		339	34.95		0	0.00		91	9.38		0	0.00		0	0.00		117	12.06		0	0.00		0	0.00		970	92.91		74	7.09		1044	1.27
Elwood		35	1.37		31	1.21		39	1.53		3	0.12		1	0.04		0	0.00		22	0.86		863	33.76		2	0.08		3	0.12		677	26.49		1	0.04		397	15.53		1	0.04		4	0.16		472	18.47		1	0.04		4	0.16		2556	95.55		119	4.45		2675	3.25
Elwood North		33	1.12		34	1.15		31	1.05		0	0.00		1	0.03		1	0.03		28	0.95		899	30.42		7	0.24		1	0.03		879	29.75		2	0.07		445	15.06		0	0.00		1	0.03		589	19.93		1	0.03		3	0.10		2955	96.54		106	3.46		3061	3.72
Emerald Hill		24	1.10		44	2.02		23	1.06		1	0.05		0	0.00		1	0.05		15	0.69		862	39.56		4	0.18		1	0.05		699	32.08		3	0.14		251	11.52		1	0.05		0	0.00		248	11.38		0	0.00		2	0.09		2179	94.08		137	5.92		2316	2.81
Fawkner Park (Melbourne Ports)		29	1.31		18	0.81		15	0.68		1	0.05		1	0.05		0	0.00		15	0.68		1118	50.50		11	0.50		0	0.00		439	19.83		6	0.27		260	11.74		3	0.14		0	0.00		297	13.41		1	0.05		0	0.00		2214	95.89		95	4.11		2309	2.80
Graham		18	1.19		24	1.58		23	1.52		0	0.00		0	0.00		0	0.00		8	0.53		580	38.23		0	0.00		0	0.00		595	39.22		4	0.26		142	9.36		0	0.00		0	0.00		122	8.04		0	0.00		1	0.07		1517	94.40		90	5.60		1607	1.95
Kerferd		48	1.15		42	1.01		34	0.81		3	0.07		2	0.05		0	0.00		33	0.79		1814	43.44		9	0.22		1	0.02		1165	27.90		14	0.34		448	10.73		2	0.05		2	0.05		556	13.31		0	0.00		3	0.07		4176	94.78		230	5.22		4406	5.35
Melbourne (Melbourne Ports)		16	2.03		16	2.03		13	1.65		0	0.00		1	0.13		0	0.00		6	0.76		314	39.90		5	0.64		0	0.00		185	23.51		3	0.38		119	15.12		0	0.00		0	0.00		108	13.72		0	0.00		1	0.13		787	97.76		18	2.24		805	0.98
Middle Park		0	0.00		0	0.00		0	0.00		0	0.00		0	0.00		0	0.00		0	0.00		0	0.00		0	0.00		0	0.00		0	0.00		0	0.00		0	0.00		0	0.00		0	0.00		0	0.00		0	0.00		0	0.00		0	0.00		0	0.00		0	0.00
Port Melbourne		28	0.94		47	1.59		35	1.18		1	0.03		2	0.07		0	0.00		23	0.78		1101	37.15		11	0.37		1	0.03		1113	37.55		2	0.07		302	10.19		0	0.00		0	0.00		296	9.99		0	0.00		2	0.07		2964	94.39		176	5.61		3140	3.81
Redan Central		25	1.72		29	2.00		15	1.03		4	0.28		0	0.00		0	0.00		13	0.90		442	30.48		7	0.48		1	0.07		460	31.72		1	0.07		192	13.24		0	0.00		0	0.00		258	17.79		2	0.14		1	0.07		1450	95.77		64	4.23		1514	1.84
Ripponlea East		27	2.54		8	0.75		7	0.66		1	0.09		1	0.09		0	0.00		11	1.03		437	41.11		7	0.66		2	0.19		271	25.49		1	0.09		123	11.57		1	0.09		0	0.00		166	15.62		0	0.00		0	0.00		1063	94.07		67	5.93		1130	1.37
Ripponlea North		24	1.69		29	2.04		12	0.84		5	0.35		1	0.07		0	0.00		13	0.91		408	28.65		3	0.21		0	0.00		482	33.85		5	0.35		199	13.97		0	0.00		0	0.00		239	16.78		1	0.07		3	0.21		1424	94.43		84	5.57		1508	1.83
St Kilda		80	2.10		52	1.37		28	0.74		3	0.08		1	0.03		0	0.00		38	1.00		998	26.22		12	0.32		3	0.08		1278	33.58		8	0.21		583	15.32		0	0.00		4	0.11		700	18.39		2	0.05		16	0.42		3806	94.37		227	5.63		4033	4.90
St Kilda Beach		21	1.25		34	2.02		20	1.19		1	0.06		1	0.06		0	0.00		17	1.01		416	24.76		9	0.54		0	0.00		508	30.24		4	0.24		287	17.08		0	0.00		0	0.00		358	21.31		3	0.18		1	0.06		1680	95.67		76	4.33		1756	2.13
St Kilda North		28	1.50		35	1.87		14	0.75		3	0.16		0	0.00		0	0.00		14	0.75		566	30.24		5	0.27		0	0.00		594	31.73		4	0.21		309	16.51		0	0.00		3	0.16		293	15.65		0	0.00		4	0.21		1872	93.18		137	6.82		2009	2.44
St Kilda Park		24	1.28		35	1.87		24	1.28		1	0.05		1	0.05		0	0.00		23	1.23		530	28.31		2	0.11		1	0.05		567	30.29		4	0.21		253	13.51		0	0.00		2	0.11		402	21.47		3	0.16		0	0.00		1872	93.00		141	7.00		2013	2.45
St Kilda South		33	1.70		27	1.39		24	1.24		2	0.10		2	0.10		1	0.05		13	0.67		524	27.07		5	0.26		2	0.10		627	32.39		0	0.00		284	14.67		0	0.00		1	0.05		385	19.89		0	0.00		6	0.31		1936	95.28		96	4.72		2032	2.47
Sandridge		20	1.96		35	3.44		10	0.98		1	0.10		1	0.10		3	0.29		13	1.28		191	18.76		1	0.10		0	0.00		640	62.87		1	0.10		57	5.60		1	0.10		1	0.10		42	4.13		1	0.10		0	0.00		1018	94.70		57	5.30		1075	1.31
South Melbourne		55	1.99		57	2.07		25	0.91		3	0.11		0	0.00		0	0.00		26	0.94		1083	39.27		7	0.25		2	0.07		917	33.25		2	0.07		286	10.37		1	0.04		1	0.04		293	10.62		0	0.00		0	0.00		2758	94.23		169	5.77		2927	3.56
Special Hospitals		8	2.60		2	0.65		2	0.65		2	0.65		0	0.00		0	0.00		2	0.65		139	45.13		2	0.65		0	0.00		141	45.78		0	0.00		5	1.62		0	0.00		0	0.00		4	1.30		0	0.00		1	0.32		308	95.06		16	4.94		324	0.39
Total Ordinary		1065	1.79		877	1.47		577	0.97		44	0.07		22	0.04		10	0.02		486	0.82		22345	37.57		179	0.30		23	0.04		18393	30.92		98	0.16		7240	12.17		14	0.02		33	0.06		7960	13.38		31	0.05		84	0.14		59481	94.19		3667	5.81		63148	76.70
ABSENT		149	2.21		133	1.98		69	1.02		5	0.07		1	0.01		1	0.01		54	0.80		2572	38.21		28	0.42		2	0.03		1724	25.61		13	0.19		960	14.26		1	0.01		9	0.13		998	14.82		8	0.12		5	0.07		6732	97.79		152	2.21		6884	8.36
POSTAL		186	3.54		46	0.88		47	0.89		2	0.04		3	0.06		2	0.04		38	0.72		2572	48.96		38	0.72		0	0.00		1535	29.22		12	0.23		468	8.91		0	0.00		2	0.04		280	5.33		1	0.02		21	0.40		5253	98.28		92	1.72		5345	6.49
PRE_POLL		136	2.35		62	1.07		57	0.99		5	0.09		3	0.05		3	0.05		37	0.64		2352	40.73		43	0.74		9	0.16		1760	30.48		7	0.12		717	12.42		2	0.03		0	0.00		563	9.75		8	0.14		11	0.19		5775	97.60		142	2.40		5917	7.19
PROVISIONAL		24	2.46		19	1.95		4	0.41		1	0.10		2	0.20		0	0.00		3	0.31		320	32.79		4	0.41		1	0.10		289	29.61		3	0.31		151	15.47		0	0.00		1	0.10		150	15.37		0	0.00		4	0.41		976	94.39		58	5.61		1034	1.26
Division Summary		1560	1.99		1137	1.45		754	0.96		57	0.07		31	0.04		16	0.02		618	0.79		30161	38.56		292	0.37		35	0.04		23701	30.3		133	0.17		9536	12.19		17	0.02		45	0.06		9951	12.72		48	0.06		125	0.16		78217	95.01		4111	4.99		82328	92.39
