Senate - 2001 Election: Victoria																																																															
First Preference Votes by Group 																																																															
By Polling Place																																																															

Corio (85836)																																																															
		Group A Total			Group B Total			Group C Total			Group D Total			Group E Total			Group F Total			Group G Total			Group H Total			Group I Total			Group J Total			Group K Total			Group L Total			Group M Total			Group N Total			Group O Total			Group P Total			Group Q Total			Ungrouped Total			FORMAL			INFORMAL			TOTAL	
		LFF			DLP			PCA			CEC			Unendorsed			Unendorsed			HAN			LNP			UNI			Unendorsed			ALP			CTA			DEM			Unendorsed			HPA			GRN			Unendorsed			Independent										
Polling Places		Vote	%		Vote	%		Vote	%		Vote	%		Vote	%		Vote	%		Vote	%		Vote	%		Vote	%		Vote	%		Vote	%		Vote	%		Vote	%		Vote	%		Vote	%		Vote	%		Vote	%		Vote	%		Vote	%		Vote	%		Vote	%
Aberdeen		42	3.41		21	1.71		18	1.46		0	0.00		0	0.00		0	0.00		20	1.62		644	52.32		1	0.08		0	0.00		269	21.85		7	0.57		108	8.77		0	0.00		0	0.00		99	8.04		1	0.08		1	0.08		1231	95.80		54	4.20		1285	1.56
Anakie		8	1.82		5	1.14		4	0.91		1	0.23		0	0.00		0	0.00		20	4.55		223	50.68		0	0.00		0	0.00		110	25.00		9	2.05		28	6.36		0	0.00		0	0.00		32	7.27		0	0.00		0	0.00		440	94.42		26	5.58		466	0.57
Barwon		23	2.32		31	3.12		12	1.21		2	0.20		0	0.00		2	0.20		17	1.71		379	38.17		6	0.60		1	0.10		348	35.05		10	1.01		88	8.86		0	0.00		0	0.00		74	7.45		0	0.00		0	0.00		993	94.48		58	5.52		1051	1.28
Batesford		6	3.39		5	2.82		1	0.56		0	0.00		1	0.56		0	0.00		6	3.39		65	36.72		0	0.00		0	0.00		57	32.20		7	3.95		17	9.60		0	0.00		0	0.00		12	6.78		0	0.00		0	0.00		177	93.65		12	6.35		189	0.23
Bell Park		133	3.49		168	4.41		19	0.50		5	0.13		1	0.03		0	0.00		93	2.44		1222	32.08		14	0.37		1	0.03		1705	44.76		14	0.37		334	8.77		0	0.00		3	0.08		89	2.34		6	0.16		2	0.05		3809	89.43		450	10.57		4259	5.17
Breakwater		12	1.97		15	2.47		8	1.32		1	0.16		0	0.00		2	0.33		12	1.97		185	30.43		1	0.16		1	0.16		311	51.15		2	0.33		29	4.77		0	0.00		0	0.00		29	4.77		0	0.00		0	0.00		608	95.60		28	4.40		636	0.77
Britannia		33	2.62		34	2.70		21	1.67		2	0.16		1	0.08		1	0.08		21	1.67		417	33.10		2	0.16		0	0.00		553	43.89		6	0.48		92	7.30		1	0.08		1	0.08		75	5.95		0	0.00		0	0.00		1260	93.54		87	6.46		1347	1.64
Chilwell		58	2.21		39	1.49		25	0.95		4	0.15		0	0.00		3	0.11		33	1.26		1134	43.30		4	0.15		1	0.04		765	29.21		12	0.46		302	11.53		1	0.04		2	0.08		236	9.01		0	0.00		0	0.00		2619	96.07		107	3.93		2726	3.31
Clifton Springs		64	2.09		58	1.90		20	0.65		3	0.10		0	0.00		2	0.07		103	3.37		1305	42.70		6	0.20		0	0.00		1118	36.58		41	1.34		202	6.61		0	0.00		0	0.00		129	4.22		4	0.13		1	0.03		3056	96.46		112	3.54		3168	3.85
Corio		72	1.95		145	3.94		29	0.79		4	0.11		2	0.05		0	0.00		117	3.18		754	20.47		6	0.16		8	0.22		2239	60.79		11	0.30		155	4.21		1	0.03		8	0.22		115	3.12		17	0.46		0	0.00		3683	93.81		243	6.19		3926	4.77
Corio Central		56	1.87		110	3.67		23	0.77		2	0.07		2	0.07		1	0.03		83	2.77		646	21.54		5	0.17		4	0.13		1827	60.92		19	0.63		160	5.34		1	0.03		4	0.13		49	1.63		6	0.20		1	0.03		2999	94.58		172	5.42		3171	3.85
Corio West		0	0.00		0	0.00		0	0.00		0	0.00		0	0.00		0	0.00		0	0.00		0	0.00		0	0.00		0	0.00		0	0.00		0	0.00		0	0.00		0	0.00		0	0.00		0	0.00		0	0.00		0	0.00		0	0.00		0	0.00		0	0.00
Drysdale (Corio)		40	2.30		24	1.38		12	0.69		2	0.11		1	0.06		0	0.00		53	3.04		780	44.78		4	0.23		1	0.06		587	33.70		32	1.84		112	6.43		0	0.00		1	0.06		92	5.28		1	0.06		0	0.00		1742	93.76		116	6.24		1858	2.26
Fyans Park		22	2.06		14	1.31		11	1.03		0	0.00		1	0.09		0	0.00		11	1.03		604	56.55		7	0.66		0	0.00		253	23.69		7	0.66		77	7.21		0	0.00		0	0.00		61	5.71		0	0.00		0	0.00		1068	94.60		61	5.40		1129	1.37
Geelong East		52	2.10		60	2.42		23	0.93		1	0.04		2	0.08		3	0.12		39	1.58		906	36.61		13	0.53		4	0.16		881	35.60		12	0.48		231	9.33		0	0.00		4	0.16		243	9.82		0	0.00		1	0.04		2475	93.96		159	6.04		2634	3.20
Geelong West		28	0.96		69	2.37		14	0.48		4	0.14		1	0.03		1	0.03		59	2.03		901	30.98		1	0.03		5	0.17		1217	41.85		22	0.76		339	11.66		0	0.00		5	0.17		232	7.98		8	0.28		2	0.07		2908	93.75		194	6.25		3102	3.77
Hamlyn Heights		73	2.07		89	2.52		15	0.43		3	0.09		0	0.00		0	0.00		65	1.84		1324	37.53		9	0.26		1	0.03		1510	42.80		21	0.60		293	8.30		2	0.06		4	0.11		113	3.20		6	0.17		0	0.00		3528	92.28		295	7.72		3823	4.64
Herne Hill		14	1.13		31	2.50		12	0.97		2	0.16		1	0.08		1	0.08		26	2.10		434	35.03		5	0.40		1	0.08		549	44.31		7	0.56		105	8.47		0	0.00		0	0.00		48	3.87		2	0.16		1	0.08		1239	95.90		53	4.10		1292	1.57
Kardinia Park		17	1.89		19	2.11		12	1.33		0	0.00		1	0.11		0	0.00		12	1.33		316	35.15		2	0.22		0	0.00		365	40.60		11	1.22		82	9.12		0	0.00		0	0.00		62	6.90		0	0.00		0	0.00		899	93.35		64	6.65		963	1.17
Lara		76	2.22		92	2.69		33	0.97		2	0.06		1	0.03		3	0.09		103	3.02		1367	40.02		4	0.12		8	0.23		1295	37.91		18	0.53		271	7.93		0	0.00		3	0.09		139	4.07		1	0.03		0	0.00		3416	95.15		174	4.85		3590	4.36
Lara Central		46	1.83		58	2.31		28	1.12		6	0.24		0	0.00		0	0.00		58	2.31		1041	41.52		5	0.20		3	0.12		952	37.97		19	0.76		202	8.06		0	0.00		2	0.08		86	3.43		0	0.00		1	0.04		2507	95.36		122	4.64		2629	3.19
Leopold		69	2.76		47	1.88		15	0.60		1	0.04		0	0.00		2	0.08		44	1.76		1172	46.82		10	0.40		0	0.00		797	31.84		20	0.80		213	8.51		0	0.00		1	0.04		111	4.43		1	0.04		0	0.00		2503	94.85		136	5.15		2639	3.20
Leopold South		26	1.71		26	1.71		11	0.72		1	0.07		0	0.00		0	0.00		47	3.09		741	48.75		2	0.13		1	0.07		502	33.03		4	0.26		91	5.99		0	0.00		1	0.07		66	4.34		1	0.07		0	0.00		1520	94.23		93	5.77		1613	1.96
Manifold Heights		26	1.45		30	1.67		10	0.56		1	0.06		1	0.06		3	0.17		30	1.67		749	41.73		2	0.11		1	0.06		658	36.66		11	0.61		181	10.08		0	0.00		1	0.06		91	5.07		0	0.00		0	0.00		1795	93.68		121	6.32		1916	2.33
Melbourne (Corio)		0	0.00		2	3.57		1	1.79		0	0.00		0	0.00		0	0.00		1	1.79		29	51.79		0	0.00		0	0.00		8	14.29		0	0.00		9	16.07		0	0.00		0	0.00		5	8.93		1	1.79		0	0.00		56	96.55		2	3.45		58	0.07
Moolap		15	2.16		18	2.60		6	0.87		0	0.00		0	0.00		0	0.00		34	4.91		303	43.72		2	0.29		2	0.29		262	37.81		3	0.43		29	4.18		0	0.00		0	0.00		19	2.74		0	0.00		0	0.00		693	93.40		49	6.60		742	0.90
Newcomb		58	2.69		76	3.52		28	1.30		1	0.05		0	0.00		1	0.05		60	2.78		705	32.65		2	0.09		8	0.37		1009	46.73		8	0.37		106	4.91		1	0.05		1	0.05		86	3.98		8	0.37		1	0.05		2159	92.78		168	7.22		2327	2.83
Newcomb South		30	2.44		22	1.79		9	0.73		1	0.08		1	0.08		0	0.00		33	2.68		429	34.88		5	0.41		0	0.00		578	46.99		6	0.49		80	6.50		0	0.00		1	0.08		29	2.36		5	0.41		1	0.08		1230	94.83		67	5.17		1297	1.57
Norlane		111	2.35		243	5.13		28	0.59		9	0.19		5	0.11		2	0.04		120	2.54		903	19.08		13	0.27		17	0.36		2951	62.35		22	0.46		219	4.63		2	0.04		0	0.00		81	1.71		7	0.15		0	0.00		4733	90.76		482	9.24		5215	6.33
North Shore		32	1.59		76	3.77		17	0.84		5	0.25		3	0.15		2	0.10		70	3.47		332	16.46		8	0.40		5	0.25		1306	64.75		4	0.20		89	4.41		1	0.05		2	0.10		53	2.63		12	0.59		0	0.00		2017	91.81		180	8.19		2197	2.67
Rollins		20	1.57		36	2.82		8	0.63		2	0.16		1	0.08		0	0.00		24	1.88		394	30.85		5	0.39		0	0.00		618	48.39		21	1.64		94	7.36		0	0.00		2	0.16		47	3.68		3	0.23		2	0.16		1277	93.83		84	6.17		1361	1.65
St Helens		18	2.16		21	2.51		7	0.84		1	0.12		0	0.00		0	0.00		18	2.16		320	38.32		0	0.00		0	0.00		342	40.96		7	0.84		51	6.11		0	0.00		0	0.00		50	5.99		0	0.00		0	0.00		835	94.46		49	5.54		884	1.07
Shannon		21	1.75		25	2.08		13	1.08		1	0.08		0	0.00		0	0.00		17	1.42		500	41.63		2	0.17		0	0.00		420	34.97		10	0.83		89	7.41		0	0.00		0	0.00		102	8.49		1	0.08		0	0.00		1201	95.77		53	4.23		1254	1.52
Thomson		25	1.68		46	3.09		13	0.87		0	0.00		3	0.20		3	0.20		38	2.55		449	30.13		5	0.34		1	0.07		753	50.54		8	0.54		77	5.17		0	0.00		1	0.07		65	4.36		3	0.20		0	0.00		1490	93.77		99	6.23		1589	1.93
Whittington		69	1.94		137	3.86		25	0.70		10	0.28		2	0.06		2	0.06		125	3.52		1032	29.05		9	0.25		2	0.06		1791	50.41		26	0.73		181	5.09		1	0.03		5	0.14		132	3.72		4	0.11		0	0.00		3553	94.70		199	5.30		3752	4.56
Special Hospitals		12	5.58		11	5.12		1	0.47		0	0.00		1	0.47		0	0.00		2	0.93		83	38.60		0	0.00		0	0.00		99	46.05		1	0.47		4	1.86		0	0.00		0	0.00		0	0.00		1	0.47		0	0.00		215	92.67		17	7.33		232	0.28
Total Ordinary		1407	2.13		1903	2.89		532	0.81		77	0.12		32	0.05		34	0.05		1614	2.45		22788	34.56		160	0.24		76	0.12		29005	43.99		438	0.66		4740	7.19		11	0.02		52	0.08		2952	4.48		99	0.15		14	0.02		65934	93.76		4386	6.24		70320	85.38
ABSENT		100	2.78		114	3.17		41	1.14		1	0.03		2	0.06		0	0.00		85	2.36		1296	36.05		13	0.36		3	0.08		1230	34.21		29	0.81		451	12.55		0	0.00		1	0.03		222	6.18		4	0.11		3	0.08		3595	97.35		98	2.65		3693	4.48
POSTAL		113	3.29		54	1.57		34	0.99		1	0.03		0	0.00		1	0.03		95	2.77		1463	42.59		8	0.23		5	0.15		1396	40.64		20	0.58		162	4.72		1	0.03		2	0.06		77	2.24		2	0.06		1	0.03		3435	97.47		89	2.53		3524	4.28
PRE_POLL		99	2.58		93	2.43		47	1.23		3	0.08		1	0.03		1	0.03		114	2.97		1409	36.74		9	0.23		5	0.13		1620	42.24		26	0.68		268	6.99		3	0.08		1	0.03		131	3.42		4	0.10		1	0.03		3835	96.87		124	3.13		3959	4.81
PROVISIONAL		18	2.18		44	5.33		6	0.73		1	0.12		2	0.24		0	0.00		13	1.58		221	26.79		5	0.61		2	0.24		387	46.91		6	0.73		76	9.21		0	0.00		0	0.00		44	5.33		0	0.00		0	0.00		825	95.16		42	4.84		867	1.05
Division Summary		1737	2.24		2208	2.84		660	0.85		83	0.11		37	0.05		36	0.05		1921	2.47		27177	35.01		195	0.25		91	0.12		33638	43.33		519	0.67		5697	7.34		15	0.02		56	0.07		3426	4.41		109	0.14		19	0.02		77624	94.25		4739	5.75		82363	95.95
