Senate - 2001 Election: Victoria																																																															
First Preference Votes by Group 																																																															
By Polling Place																																																															

Mallee (81774)																																																															
		Group A Total			Group B Total			Group C Total			Group D Total			Group E Total			Group F Total			Group G Total			Group H Total			Group I Total			Group J Total			Group K Total			Group L Total			Group M Total			Group N Total			Group O Total			Group P Total			Group Q Total			Ungrouped Total			FORMAL			INFORMAL			TOTAL	
		LFF			DLP			PCA			CEC			Unendorsed			Unendorsed			HAN			LNP			UNI			Unendorsed			ALP			CTA			DEM			Unendorsed			HPA			GRN			Unendorsed			Independent										
Polling Places		Vote	%		Vote	%		Vote	%		Vote	%		Vote	%		Vote	%		Vote	%		Vote	%		Vote	%		Vote	%		Vote	%		Vote	%		Vote	%		Vote	%		Vote	%		Vote	%		Vote	%		Vote	%		Vote	%		Vote	%		Vote	%
Antwerp		7	6.93		0	0.00		0	0.00		0	0.00		0	0.00		0	0.00		7	6.93		77	76.24		1	0.99		0	0.00		7	6.93		0	0.00		2	1.98		0	0.00		0	0.00		0	0.00		0	0.00		0	0.00		101	100.00		0	0.00		101	0.13
Apsley		11	3.82		2	0.69		3	1.04		0	0.00		0	0.00		0	0.00		30	10.42		166	57.64		1	0.35		0	0.00		63	21.88		2	0.69		6	2.08		0	0.00		0	0.00		4	1.39		0	0.00		0	0.00		288	98.29		5	1.71		293	0.37
Berriwillock		18	11.92		1	0.66		5	3.31		0	0.00		0	0.00		0	0.00		6	3.97		89	58.94		1	0.66		1	0.66		24	15.89		0	0.00		5	3.31		0	0.00		0	0.00		1	0.66		0	0.00		0	0.00		151	96.79		5	3.21		156	0.20
Beulah		22	7.33		1	0.33		3	1.00		0	0.00		0	0.00		1	0.33		16	5.33		220	73.33		2	0.67		0	0.00		24	8.00		4	1.33		6	2.00		0	0.00		0	0.00		1	0.33		0	0.00		0	0.00		300	98.04		6	1.96		306	0.39
Beverford		18	5.10		5	1.42		7	1.98		1	0.28		0	0.00		0	0.00		29	8.22		213	60.34		1	0.28		2	0.57		60	17.00		0	0.00		7	1.98		1	0.28		0	0.00		8	2.27		1	0.28		0	0.00		353	97.51		9	2.49		362	0.46
Birchip		56	9.30		12	1.99		10	1.66		1	0.17		0	0.00		1	0.17		30	4.98		354	58.80		3	0.50		0	0.00		105	17.44		3	0.50		17	2.82		0	0.00		1	0.17		8	1.33		0	0.00		1	0.17		602	95.56		28	4.44		630	0.80
Boundary Bend		10	8.93		2	1.79		1	0.89		1	0.89		0	0.00		0	0.00		16	14.29		57	50.89		1	0.89		0	0.00		16	14.29		2	1.79		5	4.46		0	0.00		0	0.00		1	0.89		0	0.00		0	0.00		112	98.25		2	1.75		114	0.14
Brim		15	9.62		4	2.56		1	0.64		0	0.00		0	0.00		0	0.00		9	5.77		115	73.72		1	0.64		1	0.64		8	5.13		0	0.00		1	0.64		0	0.00		0	0.00		1	0.64		0	0.00		0	0.00		156	97.50		4	2.50		160	0.20
Brimpaen		1	1.79		0	0.00		0	0.00		0	0.00		0	0.00		0	0.00		10	17.86		36	64.29		0	0.00		0	0.00		5	8.93		0	0.00		2	3.57		0	0.00		0	0.00		2	3.57		0	0.00		0	0.00		56	100.00		0	0.00		56	0.07
Cabarita		71	13.08		14	2.58		7	1.29		0	0.00		0	0.00		0	0.00		48	8.84		265	48.80		1	0.18		1	0.18		93	17.13		6	1.10		21	3.87		0	0.00		0	0.00		15	2.76		0	0.00		1	0.18		543	94.11		34	5.89		577	0.73
Cardross		38	7.63		11	2.21		8	1.61		1	0.20		0	0.00		0	0.00		73	14.66		201	40.36		3	0.60		1	0.20		120	24.10		6	1.20		22	4.42		0	0.00		0	0.00		14	2.81		0	0.00		0	0.00		498	96.14		20	3.86		518	0.66
Charlton		116	13.00		30	3.36		17	1.91		0	0.00		2	0.22		0	0.00		49	5.49		492	55.16		5	0.56		2	0.22		131	14.69		2	0.22		27	3.03		1	0.11		0	0.00		18	2.02		0	0.00		0	0.00		892	94.19		55	5.81		947	1.20
Culgoa		7	6.86		0	0.00		2	1.96		0	0.00		0	0.00		0	0.00		5	4.90		64	62.75		1	0.98		0	0.00		19	18.63		1	0.98		1	0.98		0	0.00		1	0.98		0	0.00		1	0.98		0	0.00		102	96.23		4	3.77		106	0.13
Cullulleraine		12	11.11		3	2.78		2	1.85		0	0.00		0	0.00		0	0.00		9	8.33		56	51.85		0	0.00		0	0.00		19	17.59		2	1.85		5	4.63		0	0.00		0	0.00		0	0.00		0	0.00		0	0.00		108	99.08		1	0.92		109	0.14
Dadswells Bridge		6	6.45		0	0.00		0	0.00		0	0.00		0	0.00		0	0.00		14	15.05		51	54.84		0	0.00		1	1.08		16	17.20		0	0.00		1	1.08		0	0.00		0	0.00		4	4.30		0	0.00		0	0.00		93	97.89		2	2.11		95	0.12
Dimboola		85	7.89		38	3.53		18	1.67		2	0.19		1	0.09		2	0.19		107	9.94		397	36.86		5	0.46		16	1.49		338	31.38		4	0.37		38	3.53		0	0.00		0	0.00		24	2.23		2	0.19		0	0.00		1077	93.65		73	6.35		1150	1.46
Donald		84	7.46		19	1.69		16	1.42		1	0.09		0	0.00		0	0.00		85	7.55		642	57.02		4	0.36		1	0.09		206	18.29		5	0.44		40	3.55		0	0.00		1	0.09		22	1.95		0	0.00		0	0.00		1126	95.91		48	4.09		1174	1.49
Dooen		7	4.86		5	3.47		4	2.78		0	0.00		0	0.00		0	0.00		15	10.42		94	65.28		0	0.00		1	0.69		11	7.64		0	0.00		5	3.47		0	0.00		1	0.69		1	0.69		0	0.00		0	0.00		144	100.00		0	0.00		144	0.18
Edenhope		85	10.43		22	2.70		12	1.47		1	0.12		0	0.00		1	0.12		87	10.67		389	47.73		2	0.25		1	0.12		172	21.10		1	0.12		24	2.94		0	0.00		1	0.12		16	1.96		0	0.00		1	0.12		815	96.56		29	3.44		844	1.07
Gerang Gerung		6	6.52		1	1.09		2	2.17		0	0.00		0	0.00		0	0.00		11	11.96		56	60.87		0	0.00		1	1.09		8	8.70		2	2.17		2	2.17		0	0.00		0	0.00		3	3.26		0	0.00		0	0.00		92	100.00		0	0.00		92	0.12
Goroke		35	10.74		10	3.07		3	0.92		1	0.31		0	0.00		0	0.00		36	11.04		175	53.68		1	0.31		1	0.31		55	16.87		1	0.31		3	0.92		0	0.00		1	0.31		4	1.23		0	0.00		0	0.00		326	94.49		19	5.51		345	0.44
Harrow		13	5.58		6	2.58		2	0.86		0	0.00		0	0.00		0	0.00		20	8.58		132	56.65		0	0.00		0	0.00		40	17.17		0	0.00		11	4.72		0	0.00		0	0.00		9	3.86		0	0.00		0	0.00		233	94.72		13	5.28		246	0.31
Haven		49	7.52		16	2.45		11	1.69		0	0.00		1	0.15		0	0.00		63	9.66		367	56.29		4	0.61		6	0.92		89	13.65		5	0.77		27	4.14		0	0.00		1	0.15		13	1.99		0	0.00		0	0.00		652	94.36		39	5.64		691	0.88
Hopetoun		55	9.73		5	0.88		5	0.88		1	0.18		0	0.00		1	0.18		31	5.49		355	62.83		1	0.18		8	1.42		74	13.10		3	0.53		17	3.01		0	0.00		2	0.35		6	1.06		1	0.18		0	0.00		565	97.75		13	2.25		578	0.73
Horsham		270	7.33		65	1.76		47	1.28		4	0.11		3	0.08		4	0.11		209	5.67		1957	53.11		12	0.33		12	0.33		779	21.14		16	0.43		209	5.67		1	0.03		5	0.14		89	2.42		1	0.03		2	0.05		3685	96.26		143	3.74		3828	4.86
Horsham North		122	8.16		48	3.21		26	1.74		2	0.13		1	0.07		3	0.20		130	8.69		614	41.04		11	0.74		13	0.87		432	28.88		10	0.67		53	3.54		0	0.00		1	0.07		30	2.01		0	0.00		0	0.00		1496	95.10		77	4.90		1573	2.00
Horsham West		125	7.83		32	2.01		16	1.00		1	0.06		1	0.06		1	0.06		84	5.26		886	55.51		1	0.06		0	0.00		338	21.18		8	0.50		71	4.45		0	0.00		2	0.13		29	1.82		0	0.00		1	0.06		1596	96.32		61	3.68		1657	2.11
Irymple		231	10.59		45	2.06		30	1.38		6	0.28		2	0.09		1	0.05		201	9.22		1046	47.96		5	0.23		5	0.23		447	20.50		21	0.96		90	4.13		1	0.05		0	0.00		49	2.25		0	0.00		1	0.05		2181	95.57		101	4.43		2282	2.90
Jeparit		37	10.95		8	2.37		3	0.89		0	0.00		1	0.30		0	0.00		21	6.21		178	52.66		3	0.89		2	0.59		70	20.71		0	0.00		5	1.48		0	0.00		1	0.30		8	2.37		0	0.00		1	0.30		338	96.85		11	3.15		349	0.44
Jung		7	8.97		1	1.28		2	2.56		0	0.00		0	0.00		0	0.00		3	3.85		38	48.72		1	1.28		1	1.28		18	23.08		0	0.00		2	2.56		0	0.00		0	0.00		5	6.41		0	0.00		0	0.00		78	96.30		3	3.70		81	0.10
Kaniva		58	7.68		10	1.32		12	1.59		0	0.00		1	0.13		0	0.00		91	12.05		455	60.26		1	0.13		1	0.13		82	10.86		11	1.46		21	2.78		0	0.00		1	0.13		11	1.46		0	0.00		0	0.00		755	95.33		37	4.67		792	1.01
Koorlong		34	9.07		4	1.07		6	1.60		0	0.00		0	0.00		1	0.27		48	12.80		200	53.33		0	0.00		0	0.00		60	16.00		3	0.80		6	1.60		0	0.00		0	0.00		13	3.47		0	0.00		0	0.00		375	96.65		13	3.35		388	0.49
Laharum		22	12.72		1	0.58		1	0.58		0	0.00		0	0.00		0	0.00		20	11.56		65	37.57		1	0.58		0	0.00		27	15.61		2	1.16		11	6.36		0	0.00		0	0.00		22	12.72		0	0.00		1	0.58		173	97.74		4	2.26		177	0.22
Lake Boga		66	8.96		17	2.31		9	1.22		0	0.00		0	0.00		2	0.27		65	8.82		378	51.29		3	0.41		0	0.00		153	20.76		1	0.14		22	2.99		0	0.00		0	0.00		21	2.85		0	0.00		0	0.00		737	96.47		27	3.53		764	0.97
Litchfield		2	2.50		0	0.00		1	1.25		0	0.00		0	0.00		0	0.00		7	8.75		64	80.00		0	0.00		0	0.00		6	7.50		0	0.00		0	0.00		0	0.00		0	0.00		0	0.00		0	0.00		0	0.00		80	96.39		3	3.61		83	0.11
Manangatang		27	8.68		4	1.29		2	0.64		0	0.00		0	0.00		0	0.00		25	8.04		211	67.85		0	0.00		0	0.00		27	8.68		1	0.32		8	2.57		0	0.00		0	0.00		6	1.93		0	0.00		0	0.00		311	95.40		15	4.60		326	0.41
Melbourne (Mallee)		1	1.61		3	4.84		1	1.61		0	0.00		0	0.00		0	0.00		2	3.23		33	53.23		1	1.61		0	0.00		12	19.35		0	0.00		4	6.45		0	0.00		0	0.00		5	8.06		0	0.00		0	0.00		62	100.00		0	0.00		62	0.08
Merbein		152	8.96		52	3.06		20	1.18		1	0.06		0	0.00		0	0.00		180	10.61		714	42.07		6	0.35		4	0.24		461	27.17		7	0.41		52	3.06		0	0.00		3	0.18		45	2.65		0	0.00		0	0.00		1697	93.55		117	6.45		1814	2.30
Merbein South		37	15.16		6	2.46		6	2.46		0	0.00		0	0.00		0	0.00		39	15.98		106	43.44		2	0.82		0	0.00		34	13.93		2	0.82		6	2.46		0	0.00		1	0.41		5	2.05		0	0.00		0	0.00		244	96.44		9	3.56		253	0.32
Merbein West		35	10.80		9	2.78		8	2.47		1	0.31		0	0.00		1	0.31		32	9.88		164	50.62		1	0.31		0	0.00		53	16.36		6	1.85		11	3.40		0	0.00		0	0.00		3	0.93		0	0.00		0	0.00		324	97.01		10	2.99		334	0.42
Meringur		9	16.07		0	0.00		0	0.00		0	0.00		0	0.00		0	0.00		5	8.93		32	57.14		1	1.79		0	0.00		5	8.93		1	1.79		1	1.79		1	1.79		0	0.00		1	1.79		0	0.00		0	0.00		56	96.55		2	3.45		58	0.07
Mildura		423	9.51		150	3.37		60	1.35		9	0.20		3	0.07		2	0.04		454	10.21		1650	37.11		15	0.34		3	0.07		1404	31.58		43	0.97		136	3.06		2	0.04		5	0.11		82	1.84		1	0.02		4	0.09		4446	93.84		292	6.16		4738	6.02
Mildura City Central		103	8.86		20	1.72		16	1.38		0	0.00		0	0.00		1	0.09		113	9.72		502	43.16		3	0.26		1	0.09		311	26.74		9	0.77		53	4.56		1	0.09		3	0.26		26	2.24		0	0.00		1	0.09		1163	95.48		55	4.52		1218	1.55
Mildura Deakin		257	8.57		80	2.67		47	1.57		5	0.17		1	0.03		3	0.10		227	7.57		1299	43.33		7	0.23		6	0.20		790	26.35		30	1.00		170	5.67		0	0.00		6	0.20		69	2.30		1	0.03		0	0.00		2998	94.87		162	5.13		3160	4.01
Mildura South		193	8.75		37	1.68		22	1.00		1	0.05		0	0.00		4	0.18		186	8.43		1118	50.68		7	0.32		0	0.00		487	22.08		23	1.04		84	3.81		1	0.05		2	0.09		41	1.86		0	0.00		0	0.00		2206	95.50		104	4.50		2310	2.93
Mildura West		238	7.95		54	1.80		37	1.24		5	0.17		0	0.00		2	0.07		241	8.05		1446	48.33		4	0.13		7	0.23		715	23.90		22	0.74		151	5.05		1	0.03		2	0.07		65	2.17		0	0.00		2	0.07		2992	95.93		127	4.07		3119	3.96
Minimay		10	10.10		2	2.02		0	0.00		0	0.00		0	0.00		0	0.00		12	12.12		61	61.62		0	0.00		0	0.00		10	10.10		0	0.00		0	0.00		0	0.00		0	0.00		4	4.04		0	0.00		0	0.00		99	97.06		3	2.94		102	0.13
Minyip		40	8.97		6	1.35		4	0.90		1	0.22		0	0.00		1	0.22		41	9.19		246	55.16		0	0.00		4	0.90		80	17.94		6	1.35		9	2.02		0	0.00		0	0.00		8	1.79		0	0.00		0	0.00		446	93.89		29	6.11		475	0.60
Murra Warra		7	6.67		0	0.00		1	0.95		0	0.00		0	0.00		0	0.00		9	8.57		83	79.05		0	0.00		0	0.00		3	2.86		0	0.00		1	0.95		0	0.00		0	0.00		1	0.95		0	0.00		0	0.00		105	98.13		2	1.87		107	0.14
Murrayville		33	9.62		2	0.58		3	0.87		0	0.00		0	0.00		1	0.29		31	9.04		220	64.14		1	0.29		1	0.29		30	8.75		2	0.58		8	2.33		0	0.00		0	0.00		10	2.92		0	0.00		1	0.29		343	96.62		12	3.38		355	0.45
Murtoa		47	7.28		12	1.86		10	1.55		0	0.00		0	0.00		0	0.00		41	6.35		272	42.11		1	0.15		3	0.46		219	33.90		2	0.31		20	3.10		0	0.00		0	0.00		18	2.79		0	0.00		1	0.15		646	94.31		39	5.69		685	0.87
Nandaly		4	4.49		0	0.00		1	1.12		0	0.00		0	0.00		0	0.00		4	4.49		63	70.79		0	0.00		0	0.00		16	17.98		0	0.00		0	0.00		0	0.00		0	0.00		1	1.12		0	0.00		0	0.00		89	100.00		0	0.00		89	0.11
Nangiloc		21	6.86		7	2.29		6	1.96		0	0.00		0	0.00		0	0.00		36	11.76		148	48.37		0	0.00		0	0.00		67	21.90		1	0.33		11	3.59		0	0.00		0	0.00		9	2.94		0	0.00		0	0.00		306	95.63		14	4.38		320	0.41
Natimuk		31	6.47		12	2.51		7	1.46		0	0.00		1	0.21		0	0.00		61	12.73		233	48.64		0	0.00		2	0.42		64	13.36		4	0.84		16	3.34		1	0.21		1	0.21		46	9.60		0	0.00		0	0.00		479	95.80		21	4.20		500	0.64
Netherby		11	11.11		0	0.00		0	0.00		0	0.00		0	0.00		0	0.00		17	17.17		56	56.57		0	0.00		1	1.01		10	10.10		1	1.01		1	1.01		0	0.00		0	0.00		1	1.01		0	0.00		1	1.01		99	94.29		6	5.71		105	0.13
Nhill		137	9.36		33	2.26		23	1.57		1	0.07		1	0.07		1	0.07		136	9.30		781	53.38		6	0.41		7	0.48		244	16.68		12	0.82		43	2.94		0	0.00		5	0.34		32	2.19		1	0.07		0	0.00		1463	93.84		96	6.16		1559	1.98
Nichols Point		75	9.42		17	2.14		12	1.51		1	0.13		1	0.13		1	0.13		67	8.42		427	53.64		1	0.13		0	0.00		144	18.09		7	0.88		25	3.14		0	0.00		0	0.00		17	2.14		1	0.13		0	0.00		796	96.37		30	3.63		826	1.05
Noradjuha		8	7.41		2	1.85		2	1.85		0	0.00		0	0.00		0	0.00		18	16.67		54	50.00		0	0.00		0	0.00		18	16.67		0	0.00		4	3.70		0	0.00		0	0.00		2	1.85		0	0.00		0	0.00		108	98.18		2	1.82		110	0.14
Nullawil		7	6.25		3	2.68		3	2.68		0	0.00		0	0.00		0	0.00		5	4.46		78	69.64		0	0.00		0	0.00		15	13.39		0	0.00		0	0.00		0	0.00		0	0.00		1	0.89		0	0.00		0	0.00		112	99.12		1	0.88		113	0.14
Nyah		37	8.28		4	0.89		1	0.22		1	0.22		1	0.22		0	0.00		57	12.75		249	55.70		1	0.22		1	0.22		85	19.02		0	0.00		5	1.12		0	0.00		0	0.00		5	1.12		0	0.00		0	0.00		447	95.92		19	4.08		466	0.59
Nyah West		32	6.67		11	2.29		4	0.83		0	0.00		1	0.21		1	0.21		55	11.46		227	47.29		1	0.21		0	0.00		116	24.17		4	0.83		20	4.17		0	0.00		0	0.00		8	1.67		0	0.00		0	0.00		480	97.96		10	2.04		490	0.62
Ouyen		70	8.40		11	1.32		14	1.68		1	0.12		0	0.00		1	0.12		53	6.36		490	58.82		3	0.36		0	0.00		157	18.85		4	0.48		20	2.40		1	0.12		4	0.48		4	0.48		0	0.00		0	0.00		833	94.23		51	5.77		884	1.12
Patchewollock		11	9.09		0	0.00		3	2.48		1	0.83		0	0.00		0	0.00		8	6.61		74	61.16		2	1.65		0	0.00		15	12.40		0	0.00		4	3.31		0	0.00		1	0.83		2	1.65		0	0.00		0	0.00		121	93.80		8	6.20		129	0.16
Piangil		25	8.90		7	2.49		4	1.42		1	0.36		0	0.00		0	0.00		19	6.76		172	61.21		0	0.00		0	0.00		42	14.95		0	0.00		8	2.85		0	0.00		0	0.00		3	1.07		0	0.00		0	0.00		281	94.93		15	5.07		296	0.38
Pimpinio		12	9.02		2	1.50		1	0.75		0	0.00		0	0.00		0	0.00		12	9.02		86	64.66		1	0.75		0	0.00		15	11.28		1	0.75		3	2.26		0	0.00		0	0.00		0	0.00		0	0.00		0	0.00		133	98.52		2	1.48		135	0.17
Quantong		12	5.91		0	0.00		3	1.48		0	0.00		0	0.00		0	0.00		23	11.33		110	54.19		0	0.00		1	0.49		34	16.75		5	2.46		10	4.93		0	0.00		1	0.49		4	1.97		0	0.00		0	0.00		203	98.54		3	1.46		206	0.26
Rainbow		37	7.41		7	1.40		6	1.20		0	0.00		1	0.20		0	0.00		26	5.21		338	67.74		1	0.20		0	0.00		68	13.63		1	0.20		5	1.00		0	0.00		0	0.00		9	1.80		0	0.00		0	0.00		499	96.52		18	3.48		517	0.66
Red Cliffs		197	8.01		51	2.07		33	1.34		4	0.16		3	0.12		2	0.08		287	11.68		977	39.75		11	0.45		2	0.08		715	29.09		35	1.42		85	3.46		0	0.00		1	0.04		54	2.20		0	0.00		1	0.04		2458	95.79		108	4.21		2566	3.26
Riverside		19	9.18		5	2.42		2	0.97		0	0.00		0	0.00		0	0.00		15	7.25		122	58.94		2	0.97		0	0.00		30	14.49		2	0.97		9	4.35		1	0.48		0	0.00		0	0.00		0	0.00		0	0.00		207	96.28		8	3.72		215	0.27
Robinvale		173	11.26		33	2.15		30	1.95		1	0.07		2	0.13		1	0.07		153	9.95		716	46.58		10	0.65		4	0.26		357	23.23		7	0.46		27	1.76		1	0.07		0	0.00		21	1.37		0	0.00		1	0.07		1537	93.04		115	6.96		1652	2.10
Rupanyup		26	6.93		8	2.13		4	1.07		0	0.00		0	0.00		0	0.00		25	6.67		228	60.80		1	0.27		4	1.07		68	18.13		1	0.27		6	1.60		0	0.00		0	0.00		3	0.80		0	0.00		1	0.27		375	94.94		20	5.06		395	0.50
St Arnaud		156	8.30		67	3.57		24	1.28		1	0.05		2	0.11		2	0.11		115	6.12		893	47.53		5	0.27		20	1.06		489	26.02		11	0.59		57	3.03		1	0.05		1	0.05		33	1.76		0	0.00		2	0.11		1879	95.82		82	4.18		1961	2.49
Sea Lake		47	10.11		10	2.15		11	2.37		0	0.00		0	0.00		0	0.00		41	8.82		230	49.46		3	0.65		1	0.22		93	20.00		2	0.43		16	3.44		0	0.00		0	0.00		11	2.37		0	0.00		0	0.00		465	94.90		25	5.10		490	0.62
Serviceton		10	9.52		0	0.00		0	0.00		0	0.00		0	0.00		0	0.00		9	8.57		71	67.62		0	0.00		0	0.00		9	8.57		2	1.90		4	3.81		0	0.00		0	0.00		0	0.00		0	0.00		0	0.00		105	97.22		3	2.78		108	0.14
Speed		18	12.00		1	0.67		3	2.00		1	0.67		0	0.00		0	0.00		9	6.00		100	66.67		0	0.00		0	0.00		12	8.00		0	0.00		4	2.67		0	0.00		0	0.00		2	1.33		0	0.00		0	0.00		150	94.34		9	5.66		159	0.20
Stuart Mill		5	5.10		3	3.06		0	0.00		0	0.00		0	0.00		0	0.00		6	6.12		51	52.04		0	0.00		0	0.00		29	29.59		0	0.00		2	2.04		0	0.00		0	0.00		2	2.04		0	0.00		0	0.00		98	97.03		3	2.97		101	0.13
Sunnycliffs		23	11.68		2	1.02		4	2.03		0	0.00		0	0.00		0	0.00		19	9.64		98	49.75		0	0.00		1	0.51		38	19.29		2	1.02		8	4.06		0	0.00		0	0.00		2	1.02		0	0.00		0	0.00		197	94.26		12	5.74		209	0.27
Swan Hill		325	10.69		70	2.30		43	1.41		4	0.13		2	0.07		1	0.03		198	6.52		1578	51.92		8	0.26		6	0.20		614	20.20		9	0.30		138	4.54		0	0.00		3	0.10		39	1.28		1	0.03		0	0.00		3039	94.50		177	5.50		3216	4.09
Swan Hill South		92	8.42		27	2.47		14	1.28		0	0.00		0	0.00		0	0.00		41	3.75		659	60.29		4	0.37		0	0.00		163	14.91		4	0.37		62	5.67		0	0.00		1	0.09		26	2.38		0	0.00		0	0.00		1093	95.54		51	4.46		1144	1.45
Swan Hill West		119	7.92		45	2.99		25	1.66		1	0.07		2	0.13		0	0.00		86	5.72		826	54.96		8	0.53		3	0.20		269	17.90		8	0.53		88	5.85		0	0.00		2	0.13		20	1.33		0	0.00		1	0.07		1503	95.19		76	4.81		1579	2.01
Toolondo		13	9.56		0	0.00		6	4.41		0	0.00		0	0.00		0	0.00		19	13.97		78	57.35		0	0.00		0	0.00		12	8.82		0	0.00		4	2.94		0	0.00		0	0.00		4	2.94		0	0.00		0	0.00		136	97.14		4	2.86		140	0.18
Ultima		6	4.20		3	2.10		1	0.70		0	0.00		0	0.00		0	0.00		9	6.29		96	67.13		0	0.00		0	0.00		23	16.08		0	0.00		4	2.80		0	0.00		1	0.70		0	0.00		0	0.00		0	0.00		143	94.70		8	5.30		151	0.19
Underbool		18	8.07		3	1.35		5	2.24		0	0.00		0	0.00		0	0.00		18	8.07		148	66.37		0	0.00		0	0.00		19	8.52		8	3.59		3	1.35		0	0.00		0	0.00		1	0.45		0	0.00		0	0.00		223	95.30		11	4.70		234	0.30
Walpeup		14	8.75		1	0.63		1	0.63		0	0.00		0	0.00		0	0.00		9	5.63		97	60.63		0	0.00		2	1.25		23	14.38		1	0.63		4	2.50		0	0.00		0	0.00		8	5.00		0	0.00		0	0.00		160	96.97		5	3.03		165	0.21
Warracknabeal		146	8.38		44	2.52		22	1.26		3	0.17		0	0.00		2	0.11		125	7.17		986	56.57		6	0.34		13	0.75		319	18.30		11	0.63		36	2.07		1	0.06		0	0.00		28	1.61		1	0.06		0	0.00		1743	94.83		95	5.17		1838	2.34
Watchem		5	4.03		1	0.81		3	2.42		0	0.00		0	0.00		0	0.00		7	5.65		91	73.39		0	0.00		0	0.00		13	10.48		0	0.00		3	2.42		0	0.00		1	0.81		0	0.00		0	0.00		0	0.00		124	95.38		6	4.62		130	0.17
Wemen		12	10.71		1	0.89		1	0.89		0	0.00		0	0.00		0	0.00		7	6.25		81	72.32		0	0.00		0	0.00		7	6.25		1	0.89		1	0.89		0	0.00		0	0.00		1	0.89		0	0.00		0	0.00		112	96.55		4	3.45		116	0.15
Werrimull		8	6.90		2	1.72		3	2.59		0	0.00		0	0.00		0	0.00		18	15.52		56	48.28		0	0.00		0	0.00		24	20.69		1	0.86		1	0.86		0	0.00		0	0.00		2	1.72		1	0.86		0	0.00		116	96.67		4	3.33		120	0.15
Wimmera Base Hospital		40	6.90		13	2.24		11	1.90		0	0.00		0	0.00		0	0.00		28	4.83		317	54.66		2	0.34		5	0.86		109	18.79		4	0.69		28	4.83		0	0.00		1	0.17		21	3.62		0	0.00		1	0.17		580	96.03		24	3.97		604	0.77
Wonwondah North		12	12.12		2	2.02		1	1.01		0	0.00		0	0.00		0	0.00		21	21.21		46	46.46		1	1.01		0	0.00		10	10.10		1	1.01		2	2.02		0	0.00		0	0.00		2	2.02		0	0.00		1	1.01		99	99.00		1	1.00		100	0.13
Woomelang		17	6.37		5	1.87		1	0.37		0	0.00		0	0.00		0	0.00		20	7.49		193	72.28		1	0.37		0	0.00		25	9.36		0	0.00		3	1.12		0	0.00		0	0.00		2	0.75		0	0.00		0	0.00		267	96.74		9	3.26		276	0.35
Woorinen		33	8.48		9	2.31		6	1.54		1	0.26		1	0.26		0	0.00		42	10.80		219	56.30		0	0.00		2	0.51		64	16.45		0	0.00		4	1.03		0	0.00		0	0.00		8	2.06		0	0.00		0	0.00		389	93.06		29	6.94		418	0.53
Wycheproof		56	9.54		9	1.53		7	1.19		1	0.17		0	0.00		0	0.00		30	5.11		343	58.43		2	0.34		1	0.17		102	17.38		1	0.17		19	3.24		1	0.17		2	0.34		13	2.21		0	0.00		0	0.00		587	97.51		15	2.49		602	0.76
Yaapeet		7	9.21		1	1.32		0	0.00		0	0.00		0	0.00		0	0.00		3	3.95		53	69.74		0	0.00		1	1.32		7	9.21		0	0.00		4	5.26		0	0.00		0	0.00		0	0.00		0	0.00		0	0.00		76	97.44		2	2.56		78	0.10
Yanac		3	2.83		0	0.00		0	0.00		0	0.00		0	0.00		0	0.00		18	16.98		74	69.81		1	0.94		0	0.00		3	2.83		4	3.77		1	0.94		0	0.00		0	0.00		2	1.89		0	0.00		0	0.00		106	97.25		3	2.75		109	0.14
Special Hospitals		48	7.74		13	2.10		12	1.94		2	0.32		0	0.00		0	0.00		20	3.23		356	57.42		0	0.00		0	0.00		155	25.00		1	0.16		7	1.13		0	0.00		0	0.00		5	0.81		1	0.16		0	0.00		620	97.64		15	2.36		635	0.81
Total Ordinary		5591	8.73		1420	2.22		892	1.39		71	0.11		35	0.05		45	0.07		5318	8.30		32470	50.69		206	0.32		184	0.29		13667	21.34		431	0.67		2304	3.60		17	0.03		66	0.10		1295	2.02		14	0.02		27	0.04		64053	95.40		3087	4.60		67140	85.30
ABSENT		242	6.80		75	2.11		48	1.35		0	0.00		2	0.06		1	0.03		172	4.83		1743	48.95		1	0.03		9	0.25		775	21.76		23	0.65		300	8.42		0	0.00		3	0.08		167	4.69		0	0.00		0	0.00		3561	97.78		81	2.22		3642	4.63
POSTAL		206	8.39		26	1.06		43	1.75		3	0.12		1	0.04		0	0.00		183	7.45		1371	55.85		0	0.00		1	0.04		461	18.78		18	0.73		88	3.58		0	0.00		0	0.00		51	2.08		0	0.00		3	0.12		2455	99.07		23	0.93		2478	3.15
PRE_POLL		417	8.46		126	2.56		70	1.42		4	0.08		0	0.00		3	0.06		380	7.71		2462	49.97		15	0.30		11	0.22		1046	21.23		44	0.89		237	4.81		0	0.00		2	0.04		105	2.13		4	0.08		1	0.02		4927	98.07		97	1.93		5024	6.38
PROVISIONAL		34	8.17		22	5.29		6	1.44		3	0.72		0	0.00		0	0.00		35	8.41		132	31.73		4	0.96		0	0.00		144	34.62		2	0.48		21	5.05		0	0.00		0	0.00		13	3.13		0	0.00		0	0.00		416	96.52		15	3.48		431	0.55
Division Summary		6490	8.61		1669	2.21		1059	1.4		81	0.11		38	0.05		49	0.06		6088	8.07		38178	50.63		226	0.3		205	0.27		16093	21.34		518	0.69		2950	3.91		17	0.02		71	0.09		1631	2.16		18	0.02		31	0.04		75412	95.8		3303	4.2		78715	96.26
