Senate - 2001 Election: Victoria																																																															
First Preference Votes by Group 																																																															
By Polling Place																																																															

Scullin (88866)																																																															
		Group A Total			Group B Total			Group C Total			Group D Total			Group E Total			Group F Total			Group G Total			Group H Total			Group I Total			Group J Total			Group K Total			Group L Total			Group M Total			Group N Total			Group O Total			Group P Total			Group Q Total			Ungrouped Total			FORMAL			INFORMAL			TOTAL	
		LFF			DLP			PCA			CEC			Unendorsed			Unendorsed			HAN			LNP			UNI			Unendorsed			ALP			CTA			DEM			Unendorsed			HPA			GRN			Unendorsed			Independent										
Polling Places		Vote	%		Vote	%		Vote	%		Vote	%		Vote	%		Vote	%		Vote	%		Vote	%		Vote	%		Vote	%		Vote	%		Vote	%		Vote	%		Vote	%		Vote	%		Vote	%		Vote	%		Vote	%		Vote	%		Vote	%		Vote	%
Apollo Parkways		53	1.61		52	1.57		41	1.24		3	0.09		0	0.00		2	0.06		38	1.15		1407	42.61		12	0.36		1	0.03		1162	35.19		23	0.70		354	10.72		0	0.00		2	0.06		150	4.54		1	0.03		1	0.03		3302	94.78		182	5.22		3484	4.06
Blossom Park		35	1.42		58	2.36		20	0.81		2	0.08		0	0.00		1	0.04		26	1.06		686	27.86		10	0.41		1	0.04		1412	57.35		18	0.73		137	5.56		0	0.00		1	0.04		54	2.19		0	0.00		1	0.04		2462	94.26		150	5.74		2612	3.04
Epping		61	2.11		116	4.02		23	0.80		4	0.14		3	0.10		0	0.00		65	2.25		765	26.49		9	0.31		0	0.00		1607	55.64		11	0.38		168	5.82		0	0.00		2	0.07		53	1.84		1	0.03		0	0.00		2888	90.28		311	9.72		3199	3.73
Epping East		40	1.42		92	3.26		35	1.24		0	0.00		0	0.00		1	0.04		48	1.70		722	25.58		7	0.25		1	0.04		1636	57.95		14	0.50		180	6.38		0	0.00		0	0.00		46	1.63		1	0.04		0	0.00		2823	93.73		189	6.27		3012	3.51
Epping South		37	1.44		103	4.02		22	0.86		5	0.20		0	0.00		0	0.00		27	1.05		464	18.12		14	0.55		2	0.08		1729	67.51		2	0.08		110	4.30		1	0.04		0	0.00		44	1.72		0	0.00		1	0.04		2561	92.79		199	7.21		2760	3.21
Findon		40	1.26		108	3.41		26	0.82		3	0.09		0	0.00		1	0.03		38	1.20		769	24.27		4	0.13		1	0.03		1873	59.10		10	0.32		230	7.26		0	0.00		1	0.03		64	2.02		1	0.03		0	0.00		3169	93.45		222	6.55		3391	3.95
Greenhills		55	2.48		35	1.58		20	0.90		1	0.05		1	0.05		1	0.05		38	1.72		995	44.94		1	0.05		1	0.05		718	32.43		11	0.50		189	8.54		0	0.00		1	0.05		144	6.50		2	0.09		1	0.05		2214	94.70		124	5.30		2338	2.72
Greensborough		23	1.93		28	2.35		16	1.34		2	0.17		0	0.00		0	0.00		13	1.09		472	39.60		5	0.42		0	0.00		475	39.85		7	0.59		93	7.80		0	0.00		0	0.00		54	4.53		2	0.17		2	0.17		1192	94.53		69	5.47		1261	1.47
Greensborough East		26	2.27		18	1.57		12	1.05		1	0.09		0	0.00		0	0.00		15	1.31		573	50.13		5	0.44		1	0.09		369	32.28		6	0.52		81	7.09		0	0.00		0	0.00		36	3.15		0	0.00		0	0.00		1143	97.03		35	2.97		1178	1.37
Grimshaw		38	1.84		44	2.13		26	1.26		0	0.00		1	0.05		1	0.05		45	2.18		764	37.03		11	0.53		4	0.19		940	45.56		11	0.53		114	5.53		0	0.00		1	0.05		62	3.01		1	0.05		0	0.00		2063	93.35		147	6.65		2210	2.57
Keelbundoora		6	1.45		17	4.12		8	1.94		2	0.48		0	0.00		1	0.24		7	1.69		119	28.81		2	0.48		0	0.00		220	53.27		1	0.24		27	6.54		0	0.00		0	0.00		3	0.73		0	0.00		0	0.00		413	92.19		35	7.81		448	0.52
Lalor		44	2.10		85	4.05		19	0.90		1	0.05		1	0.05		1	0.05		52	2.48		329	15.67		8	0.38		1	0.05		1417	67.48		0	0.00		100	4.76		1	0.05		2	0.10		37	1.76		1	0.05		1	0.05		2100	88.64		269	11.36		2369	2.76
Lalor East		59	1.75		138	4.10		20	0.59		6	0.18		2	0.06		3	0.09		36	1.07		521	15.48		18	0.53		3	0.09		2272	67.50		11	0.33		222	6.60		1	0.03		0	0.00		53	1.57		1	0.03		0	0.00		3366	88.98		417	11.02		3783	4.41
Lalor North		24	1.38		110	6.32		6	0.34		7	0.40		3	0.17		3	0.17		20	1.15		213	12.24		6	0.34		3	0.17		1247	71.67		0	0.00		69	3.97		0	0.00		1	0.06		26	1.49		2	0.11		0	0.00		1740	88.28		231	11.72		1971	2.30
Lalor Park		50	2.37		95	4.50		20	0.95		0	0.00		1	0.05		2	0.09		19	0.90		290	13.74		7	0.33		1	0.05		1479	70.09		5	0.24		105	4.98		1	0.05		2	0.09		29	1.37		3	0.14		1	0.05		2110	87.26		308	12.74		2418	2.82
Lalor South		36	1.80		121	6.06		24	1.20		9	0.45		0	0.00		0	0.00		16	0.80		215	10.76		8	0.40		1	0.05		1465	73.32		1	0.05		81	4.05		1	0.05		2	0.10		18	0.90		0	0.00		0	0.00		1998	90.61		207	9.39		2205	2.57
Lalor West		41	1.98		109	5.26		20	0.97		4	0.19		2	0.10		1	0.05		23	1.11		308	14.86		6	0.29		0	0.00		1440	69.50		2	0.10		77	3.72		1	0.05		2	0.10		34	1.64		2	0.10		0	0.00		2072	89.66		239	10.34		2311	2.69
Meadowglen		24	1.13		74	3.49		22	1.04		1	0.05		0	0.00		3	0.14		40	1.89		566	26.70		7	0.33		0	0.00		1231	58.07		11	0.52		104	4.91		0	0.00		1	0.05		36	1.70		0	0.00		0	0.00		2120	94.18		131	5.82		2251	2.62
Melbourne (Scullin)		4	5.33		4	5.33		1	1.33		0	0.00		0	0.00		0	0.00		1	1.33		18	24.00		0	0.00		0	0.00		37	49.33		1	1.33		7	9.33		0	0.00		0	0.00		2	2.67		0	0.00		0	0.00		75	98.68		1	1.32		76	0.09
Mill Park		40	1.55		65	2.51		24	0.93		4	0.15		0	0.00		2	0.08		31	1.20		716	27.70		2	0.08		4	0.15		1456	56.32		18	0.70		168	6.50		0	0.00		0	0.00		53	2.05		2	0.08		0	0.00		2585	93.59		177	6.41		2762	3.22
Mill Park Heights		57	1.85		120	3.89		15	0.49		5	0.16		2	0.06		1	0.03		39	1.27		692	22.45		9	0.29		1	0.03		1842	59.77		15	0.49		228	7.40		0	0.00		1	0.03		54	1.75		0	0.00		1	0.03		3082	93.71		207	6.29		3289	3.83
Norris Bank		57	1.69		101	3.00		27	0.80		1	0.03		2	0.06		2	0.06		36	1.07		846	25.09		15	0.44		2	0.06		1903	56.44		17	0.50		284	8.42		0	0.00		2	0.06		77	2.28		0	0.00		0	0.00		3372	90.72		345	9.28		3717	4.33
Plenty		23	3.31		11	1.58		10	1.44		1	0.14		0	0.00		0	0.00		11	1.58		375	53.96		3	0.43		0	0.00		173	24.89		3	0.43		53	7.63		0	0.00		0	0.00		32	4.60		0	0.00		0	0.00		695	96.39		26	3.61		721	0.84
South Morang		43	1.88		59	2.57		23	1.00		2	0.09		1	0.04		0	0.00		42	1.83		871	37.99		7	0.31		4	0.17		978	42.65		14	0.61		177	7.72		1	0.04		4	0.17		66	2.88		0	0.00		1	0.04		2293	94.79		126	5.21		2419	2.82
The Stables		76	1.84		146	3.53		45	1.09		5	0.12		3	0.07		0	0.00		60	1.45		1079	26.12		13	0.31		2	0.05		2284	55.29		14	0.34		301	7.29		0	0.00		3	0.07		98	2.37		2	0.05		0	0.00		4131	91.50		384	8.50		4515	5.26
Thomastown		18	1.90		28	2.96		12	1.27		0	0.00		0	0.00		0	0.00		14	1.48		169	17.85		5	0.53		0	0.00		638	67.37		4	0.42		46	4.86		0	0.00		1	0.11		11	1.16		1	0.11		0	0.00		947	90.88		95	9.12		1042	1.21
Thomastown East		34	1.59		89	4.17		14	0.66		5	0.23		2	0.09		0	0.00		38	1.78		326	15.29		9	0.42		3	0.14		1459	68.43		9	0.42		111	5.21		0	0.00		1	0.05		31	1.45		1	0.05		0	0.00		2132	90.88		214	9.12		2346	2.73
Thomastown Meadows		45	2.00		108	4.80		11	0.49		4	0.18		1	0.04		1	0.04		15	0.67		261	11.59		4	0.18		1	0.04		1662	73.83		8	0.36		103	4.58		0	0.00		2	0.09		25	1.11		0	0.00		0	0.00		2251	91.21		217	8.79		2468	2.87
Thomastown West		66	1.44		246	5.35		21	0.46		4	0.09		3	0.07		1	0.02		49	1.07		585	12.73		13	0.28		5	0.11		3310	72.05		10	0.22		183	3.98		1	0.02		2	0.04		93	2.02		2	0.04		0	0.00		4594	89.08		563	10.92		5157	6.01
Watsonia North		69	1.99		97	2.79		38	1.09		4	0.12		0	0.00		1	0.03		52	1.50		1214	34.96		6	0.17		0	0.00		1529	44.03		17	0.49		315	9.07		0	0.00		1	0.03		130	3.74		0	0.00		0	0.00		3473	93.76		231	6.24		3704	4.31
Special Hospitals		5	3.33		3	2.00		0	0.00		0	0.00		0	0.00		0	0.00		3	2.00		57	38.00		0	0.00		0	0.00		77	51.33		0	0.00		3	2.00		0	0.00		0	0.00		2	1.33		0	0.00		0	0.00		150	97.40		4	2.60		154	0.18
Total Ordinary		1229	1.77		2480	3.57		621	0.89		86	0.12		28	0.04		29	0.04		957	1.38		17387	25.01		226	0.33		43	0.06		40040	57.60		274	0.39		4420	6.36		8	0.01		35	0.05		1617	2.33		26	0.04		10	0.01		69516	91.99		6055	8.01		75571	88.02
ABSENT		134	2.68		257	5.13		61	1.22		3	0.06		4	0.08		1	0.02		77	1.54		1509	30.14		17	0.34		6	0.12		2312	46.18		23	0.46		363	7.25		2	0.04		9	0.18		227	4.53		2	0.04		0	0.00		5007	95.55		233	4.45		5240	6.10
POSTAL		72	3.27		58	2.64		51	2.32		1	0.05		3	0.14		0	0.00		46	2.09		619	28.15		6	0.27		2	0.09		1145	52.07		9	0.41		137	6.23		0	0.00		3	0.14		47	2.14		0	0.00		0	0.00		2199	97.99		45	2.01		2244	2.61
PRE_POLL		64	3.11		64	3.11		27	1.31		5	0.24		1	0.05		0	0.00		31	1.51		636	30.89		15	0.73		9	0.44		973	47.26		13	0.63		145	7.04		0	0.00		2	0.10		71	3.45		2	0.10		1	0.05		2059	97.40		55	2.60		2114	2.46
PROVISIONAL		18	2.85		41	6.49		3	0.47		2	0.32		1	0.16		2	0.32		7	1.11		137	21.68		1	0.16		0	0.00		368	58.23		4	0.63		32	5.06		0	0.00		1	0.16		14	2.22		1	0.16		0	0.00		632	91.86		56	8.14		688	0.80
Division Summary		1517	1.91		2900	3.65		763	0.96		97	0.12		37	0.05		32	0.04		1118	1.41		20288	25.55		265	0.33		60	0.08		44838	56.46		323	0.41		5097	6.42		10	0.01		50	0.06		1976	2.49		31	0.04		11	0.01		79413	92.49		6444	7.51		85857	96.61
