Senate - 2001 Election: Victoria																																																															
First Preference Votes by Group 																																																															
By Polling Place																																																															

Aston (90211)																																																															

		Group A Total			Group B Total			Group C Total			Group D Total			Group E Total			Group F Total			Group G Total			Group H Total			Group I Total			Group J Total			Group K Total			Group L Total			Group M Total			Group N Total			Group O Total			Group P Total			Group Q Total			Ungrouped Total			FORMAL			INFORMAL			TOTAL	
		LFF			DLP			PCA			CEC			Unendorsed			Unendorsed			HAN			LNP			UNI			Unendorsed			ALP			CTA			DEM			Unendorsed			HPA			GRN			Unendorsed			Independent										
Polling Places		Vote	%		Vote	%		Vote	%		Vote	%		Vote	%		Vote	%		Vote	%		Vote	%		Vote	%		Vote	%		Vote	%		Vote	%		Vote	%		Vote	%		Vote	%		Vote	%		Vote	%		Vote	%		Vote	%		Vote	%		Vote	%
Bayswater		52	2.16		75	3.11		22	0.91		3	0.12		0	0.00		1	0.04		58	2.41		910	37.79		5	0.21		2	0.08		920	38.21		22	0.91		218	9.05		0	0.00		3	0.12		116	4.82		0	0.00		1	0.04		2408	93.92		156	6.08		2564	2.93
Bayswater South		24	1.99		27	2.23		18	1.49		5	0.41		0	0.00		0	0.00		29	2.40		521	43.09		3	0.25		0	0.00		431	35.65		13	1.08		87	7.20		0	0.00		2	0.17		48	3.97		0	0.00		1	0.08		1209	94.16		75	5.84		1284	1.47
Bayswater West		22	1.22		36	1.99		12	0.66		4	0.22		0	0.00		3	0.17		42	2.33		836	46.29		6	0.33		1	0.06		641	35.49		14	0.78		125	6.92		1	0.06		3	0.17		60	3.32		0	0.00		0	0.00		1806	93.38		128	6.62		1934	2.21
Blackwood Park		21	1.51		30	2.15		16	1.15		1	0.07		1	0.07		1	0.07		26	1.87		625	44.87		2	0.14		0	0.00		488	35.03		6	0.43		117	8.40		1	0.07		2	0.14		56	4.02		0	0.00		0	0.00		1393	94.70		78	5.30		1471	1.68
Charlesworth Park		51	1.57		56	1.73		14	0.43		4	0.12		3	0.09		2	0.06		18	0.55		1626	50.09		12	0.37		4	0.12		1001	30.84		22	0.68		273	8.41		3	0.09		1	0.03		156	4.81		0	0.00		0	0.00		3246	94.44		191	5.56		3437	3.92
Eastmont		18	1.07		24	1.43		8	0.48		0	0.00		1	0.06		2	0.12		19	1.13		860	51.25		3	0.18		3	0.18		520	30.99		6	0.36		150	8.94		0	0.00		1	0.06		63	3.75		0	0.00		0	0.00		1678	94.96		89	5.04		1767	2.02
Flamingo		32	1.54		37	1.79		13	0.63		1	0.05		0	0.00		1	0.05		12	0.58		1111	53.62		7	0.34		0	0.00		628	30.31		23	1.11		165	7.96		0	0.00		0	0.00		42	2.03		0	0.00		0	0.00		2072	94.22		127	5.78		2199	2.51
Heany Park		67	1.73		107	2.76		17	0.44		5	0.13		1	0.03		1	0.03		47	1.21		1857	47.92		10	0.26		0	0.00		1339	34.55		25	0.65		297	7.66		0	0.00		2	0.05		97	2.50		0	0.00		3	0.08		3875	94.31		234	5.69		4109	4.69
Heathmont (Aston)		15	1.88		10	1.25		11	1.38		1	0.13		0	0.00		0	0.00		13	1.63		389	48.69		2	0.25		0	0.00		204	25.53		12	1.50		84	10.51		0	0.00		3	0.38		55	6.88		0	0.00		0	0.00		799	93.56		55	6.44		854	0.98
Heathmont East		24	2.17		14	1.27		11	1.00		1	0.09		0	0.00		0	0.00		19	1.72		543	49.14		0	0.00		3	0.27		296	26.79		10	0.90		113	10.23		0	0.00		4	0.36		67	6.06		0	0.00		0	0.00		1105	95.92		47	4.08		1152	1.32
Heathmont High		17	1.15		18	1.21		13	0.88		3	0.20		1	0.07		2	0.13		24	1.62		715	48.25		1	0.07		1	0.07		410	27.67		9	0.61		173	11.67		0	0.00		5	0.34		89	6.01		0	0.00		1	0.07		1482	97.31		41	2.69		1523	1.74
Karoo		41	1.88		35	1.61		12	0.55		2	0.09		3	0.14		2	0.09		32	1.47		1029	47.25		13	0.60		0	0.00		773	35.49		17	0.78		180	8.26		0	0.00		0	0.00		38	1.74		0	0.00		1	0.05		2178	95.74		97	4.26		2275	2.60
Knoxfield		49	1.58		55	1.78		20	0.65		2	0.06		1	0.03		2	0.06		78	2.52		1303	42.11		14	0.45		2	0.06		1085	35.07		27	0.87		312	10.08		0	0.00		2	0.06		141	4.56		0	0.00		1	0.03		3094	95.11		159	4.89		3253	3.71
Knoxfield North		24	1.66		27	1.87		15	1.04		2	0.14		0	0.00		0	0.00		37	2.56		697	48.30		7	0.49		1	0.07		457	31.67		7	0.49		121	8.39		0	0.00		3	0.21		44	3.05		1	0.07		0	0.00		1443	95.37		70	4.63		1513	1.73
Knox Gardens		51	1.73		48	1.63		17	0.58		2	0.07		1	0.03		0	0.00		35	1.19		1411	47.86		17	0.58		0	0.00		987	33.48		23	0.78		273	9.26		0	0.00		2	0.07		81	2.75		0	0.00		0	0.00		2948	94.73		164	5.27		3112	3.55
Lysterfield		22	1.38		26	1.63		10	0.63		2	0.13		2	0.13		1	0.06		24	1.50		866	54.26		2	0.13		1	0.06		471	29.51		9	0.56		128	8.02		0	0.00		0	0.00		32	2.01		0	0.00		0	0.00		1596	95.97		67	4.03		1663	1.90
Melbourne (Aston)		3	6.12		2	4.08		0	0.00		0	0.00		0	0.00		0	0.00		0	0.00		20	40.82		0	0.00		0	0.00		17	34.69		1	2.04		5	10.20		0	0.00		0	0.00		1	2.04		0	0.00		0	0.00		49	96.08		2	3.92		51	0.06
Morack		41	1.85		32	1.45		22	0.99		3	0.14		2	0.09		0	0.00		39	1.76		1093	49.41		5	0.23		1	0.05		638	28.84		9	0.41		193	8.73		0	0.00		3	0.14		128	5.79		1	0.05		2	0.09		2212	95.97		93	4.03		2305	2.63
Mountain Gate		64	1.88		79	2.32		62	1.82		4	0.12		1	0.03		4	0.12		80	2.35		1388	40.84		6	0.18		3	0.09		1227	36.10		20	0.59		337	9.91		0	0.00		4	0.12		118	3.47		1	0.03		1	0.03		3399	93.35		242	6.65		3641	4.16
Parkmore		41	1.65		69	2.77		23	0.92		5	0.20		0	0.00		1	0.04		33	1.33		1039	41.74		10	0.40		0	0.00		915	36.76		24	0.96		201	8.08		1	0.04		3	0.12		124	4.98		0	0.00		0	0.00		2489	94.75		138	5.25		2627	3.00
Park Ridge		38	1.75		44	2.03		17	0.78		1	0.05		1	0.05		4	0.18		36	1.66		951	43.89		11	0.51		3	0.14		796	36.73		30	1.38		195	9.00		2	0.09		0	0.00		35	1.62		1	0.05		2	0.09		2167	95.67		98	4.33		2265	2.59
Rowville		55	1.29		96	2.25		32	0.75		2	0.05		1	0.02		7	0.16		52	1.22		2071	48.64		6	0.14		2	0.05		1491	35.02		29	0.68		320	7.52		0	0.00		2	0.05		92	2.16		0	0.00		0	0.00		4258	94.27		259	5.73		4517	5.16
Rowville East		41	1.32		56	1.80		12	0.39		1	0.03		0	0.00		1	0.03		35	1.13		1491	48.05		12	0.39		0	0.00		1118	36.03		7	0.23		266	8.57		0	0.00		0	0.00		63	2.03		0	0.00		0	0.00		3103	93.46		217	6.54		3320	3.79
Scoresby		64	2.20		66	2.27		19	0.65		5	0.17		2	0.07		0	0.00		54	1.86		1252	43.13		15	0.52		0	0.00		1056	36.38		31	1.07		252	8.68		1	0.03		2	0.07		84	2.89		0	0.00		0	0.00		2903	94.96		154	5.04		3057	3.49
Scoresby East		9	0.80		13	1.16		11	0.98		2	0.18		0	0.00		1	0.09		13	1.16		579	51.56		0	0.00		0	0.00		325	28.94		11	0.98		121	10.77		0	0.00		1	0.09		36	3.21		0	0.00		1	0.09		1123	94.61		64	5.39		1187	1.36
Studfield East		57	1.99		59	2.06		36	1.26		4	0.14		0	0.00		0	0.00		62	2.16		1237	43.16		8	0.28		3	0.10		1017	35.48		16	0.56		254	8.86		1	0.03		3	0.10		106	3.70		2	0.07		1	0.03		2866	95.22		144	4.78		3010	3.44
Templeton		21	1.12		30	1.61		17	0.91		1	0.05		2	0.11		2	0.11		23	1.23		843	45.13		9	0.48		2	0.11		690	36.94		9	0.48		157	8.40		0	0.00		1	0.05		61	3.27		0	0.00		0	0.00		1868	95.31		92	4.69		1960	2.24
Vermont		12	1.46		13	1.58		7	0.85		0	0.00		0	0.00		0	0.00		14	1.70		371	45.08		1	0.12		0	0.00		239	29.04		9	1.09		105	12.76		0	0.00		5	0.61		47	5.71		0	0.00		0	0.00		823	96.26		32	3.74		855	0.98
Wantirna		43	2.13		35	1.73		17	0.84		3	0.15		1	0.05		2	0.10		21	1.04		978	48.39		12	0.59		1	0.05		656	32.46		19	0.94		168	8.31		0	0.00		2	0.10		60	2.97		3	0.15		0	0.00		2021	95.56		94	4.44		2115	2.42
Wantirna Heights		13	1.04		13	1.04		14	1.12		3	0.24		0	0.00		0	0.00		22	1.77		617	49.52		0	0.00		3	0.24		410	32.91		16	1.28		92	7.38		0	0.00		0	0.00		41	3.29		2	0.16		0	0.00		1246	95.19		63	4.81		1309	1.49
Wantirna High		63	1.97		47	1.47		20	0.62		3	0.09		1	0.03		1	0.03		60	1.87		1573	49.11		15	0.47		2	0.06		997	31.13		24	0.75		294	9.18		1	0.03		4	0.12		98	3.06		0	0.00		0	0.00		3203	96.45		118	3.55		3321	3.79
Wantirna South		37	1.58		47	2.00		10	0.43		2	0.09		1	0.04		0	0.00		34	1.45		1140	48.55		12	0.51		0	0.00		778	33.13		14	0.60		224	9.54		0	0.00		4	0.17		44	1.87		1	0.04		0	0.00		2348	95.84		102	4.16		2450	2.80
Weeden Heights		62	2.52		34	1.38		17	0.69		1	0.04		2	0.08		0	0.00		22	0.89		1213	49.25		8	0.32		2	0.08		763	30.98		26	1.06		210	8.53		2	0.08		3	0.12		97	3.94		0	0.00		1	0.04		2463	94.99		130	5.01		2593	2.96
Special Hospitals		14	5.58		3	1.20		1	0.40		0	0.00		0	0.00		0	0.00		2	0.80		147	58.57		1	0.40		0	0.00		70	27.89		4	1.59		6	2.39		0	0.00		0	0.00		3	1.20		0	0.00		0	0.00		251	98.43		4	1.57		255	0.29
Total Ordinary		1208	1.70		1363	1.92		566	0.80		78	0.11		28	0.04		41	0.06		1115	1.57		33302	46.82		235	0.33		40	0.06		23854	33.54		544	0.76		6216	8.74		13	0.02		70	0.10		2423	3.41		12	0.02		16	0.02		71124	94.90		3824	5.10		74948	85.58
ABSENT		108	2.52		132	3.08		45	1.05		3	0.07		3	0.07		2	0.05		66	1.54		1886	44.00		21	0.49		3	0.07		1257	29.33		42	0.98		457	10.66		0	0.00		8	0.19		251	5.86		2	0.05		0	0.00		4286	96.95		135	3.05		4421	5.05
POSTAL		118	2.45		51	1.06		61	1.27		3	0.06		2	0.04		2	0.04		86	1.79		2556	53.14		22	0.46		2	0.04		1473	30.62		49	1.02		301	6.26		2	0.04		5	0.10		75	1.56		0	0.00		2	0.04		4810	98.40		78	1.60		4888	5.58
PRE_POLL		50	1.70		54	1.83		28	0.95		4	0.14		0	0.00		1	0.03		69	2.34		1412	47.95		17	0.58		3	0.10		911	30.93		32	1.09		264	8.96		1	0.03		3	0.10		95	3.23		0	0.00		1	0.03		2945	98.04		59	1.96		3004	3.43
PROVISIONAL		9	2.96		17	5.59		2	0.66		2	0.66		0	0.00		0	0.00		4	1.32		132	43.42		1	0.33		0	0.00		99	32.57		2	0.66		21	6.91		0	0.00		0	0.00		14	4.61		0	0.00		1	0.33		304	96.20		12	3.80		316	0.36
Division Summary		1493	1.79		1617	1.94		702	0.84		90	0.11		33	0.04		46	0.06		1340	1.61		39288	47.07		296	0.35		48	0.06		27594	33.06		669	0.8		7259	8.7		16	0.02		86	0.1		2858	3.42		14	0.02		20	0.02		83469	95.31		4108	4.69		87577	97.08
