Senate - 2001 Election: Victoria																																																															
First Preference Votes by Group 																																																															
By Polling Place																																																															

McMillan (85551)																																																															
		Group A Total			Group B Total			Group C Total			Group D Total			Group E Total			Group F Total			Group G Total			Group H Total			Group I Total			Group J Total			Group K Total			Group L Total			Group M Total			Group N Total			Group O Total			Group P Total			Group Q Total			Ungrouped Total			FORMAL			INFORMAL			TOTAL	
		LFF			DLP			PCA			CEC			Unendorsed			Unendorsed			HAN			LNP			UNI			Unendorsed			ALP			CTA			DEM			Unendorsed			HPA			GRN			Unendorsed			Independent										
Polling Places		Vote	%		Vote	%		Vote	%		Vote	%		Vote	%		Vote	%		Vote	%		Vote	%		Vote	%		Vote	%		Vote	%		Vote	%		Vote	%		Vote	%		Vote	%		Vote	%		Vote	%		Vote	%		Vote	%		Vote	%		Vote	%
Bona Vista		4	2.05		2	1.03		2	1.03		0	0.00		0	0.00		1	0.51		3	1.54		123	63.08		0	0.00		0	0.00		30	15.38		0	0.00		11	5.64		0	0.00		1	0.51		18	9.23		0	0.00		0	0.00		195	97.50		5	2.50		200	0.24
Boolarra		16	2.41		14	2.11		9	1.36		0	0.00		0	0.00		0	0.00		30	4.52		259	39.06		2	0.30		1	0.15		236	35.60		0	0.00		39	5.88		0	0.00		0	0.00		57	8.60		0	0.00		0	0.00		663	96.79		22	3.21		685	0.83
Buln Buln		8	2.14		5	1.34		6	1.61		0	0.00		0	0.00		0	0.00		17	4.56		206	55.23		1	0.27		1	0.27		80	21.45		4	1.07		24	6.43		0	0.00		0	0.00		21	5.63		0	0.00		0	0.00		373	97.90		8	2.10		381	0.46
Bunyip		30	2.36		25	1.97		14	1.10		1	0.08		1	0.08		0	0.00		56	4.40		648	50.94		3	0.24		3	0.24		348	27.36		15	1.18		81	6.37		2	0.16		1	0.08		44	3.46		0	0.00		0	0.00		1272	94.36		76	5.64		1348	1.64
Churchill		48	1.60		70	2.34		31	1.04		2	0.07		2	0.07		1	0.03		153	5.11		811	27.09		10	0.33		8	0.27		1471	49.13		15	0.50		221	7.38		0	0.00		1	0.03		148	4.94		0	0.00		2	0.07		2994	96.18		119	3.82		3113	3.78
Cloverlea		2	1.46		0	0.00		2	1.46		0	0.00		0	0.00		0	0.00		6	4.38		88	64.23		1	0.73		0	0.00		23	16.79		0	0.00		7	5.11		0	0.00		0	0.00		7	5.11		0	0.00		1	0.73		137	97.16		4	2.84		141	0.17
Cora Lynn		3	2.21		0	0.00		0	0.00		1	0.74		0	0.00		0	0.00		9	6.62		95	69.85		1	0.74		0	0.00		21	15.44		0	0.00		6	4.41		0	0.00		0	0.00		0	0.00		0	0.00		0	0.00		136	97.14		4	2.86		140	0.17
Darnum		10	2.88		7	2.02		4	1.15		0	0.00		0	0.00		0	0.00		24	6.92		202	58.21		0	0.00		1	0.29		70	20.17		1	0.29		21	6.05		0	0.00		0	0.00		7	2.02		0	0.00		0	0.00		347	94.55		20	5.45		367	0.45
Drouin		101	2.77		64	1.76		37	1.01		5	0.14		0	0.00		3	0.08		180	4.94		1879	51.54		9	0.25		0	0.00		950	26.06		44	1.21		244	6.69		1	0.03		4	0.11		123	3.37		1	0.03		1	0.03		3646	94.92		195	5.08		3841	4.67
Drouin South		15	2.86		9	1.72		5	0.95		0	0.00		0	0.00		0	0.00		32	6.11		332	63.36		1	0.19		0	0.00		75	14.31		3	0.57		32	6.11		0	0.00		0	0.00		19	3.63		0	0.00		1	0.19		524	95.45		25	4.55		549	0.67
Drouin West		5	1.74		5	1.74		2	0.70		1	0.35		0	0.00		0	0.00		9	3.14		164	57.14		1	0.35		0	0.00		69	24.04		1	0.35		16	5.57		0	0.00		1	0.35		13	4.53		0	0.00		0	0.00		287	96.63		10	3.37		297	0.36
Ellinbank		6	2.11		4	1.40		2	0.70		0	0.00		0	0.00		0	0.00		11	3.86		180	63.16		0	0.00		0	0.00		56	19.65		2	0.70		15	5.26		0	0.00		0	0.00		9	3.16		0	0.00		0	0.00		285	94.37		17	5.63		302	0.37
Erica		3	1.46		4	1.94		7	3.40		0	0.00		0	0.00		1	0.49		19	9.22		76	36.89		1	0.49		1	0.49		71	34.47		0	0.00		9	4.37		0	0.00		0	0.00		13	6.31		1	0.49		0	0.00		206	96.71		7	3.29		213	0.26
Garfield		21	3.26		9	1.40		7	1.09		0	0.00		0	0.00		0	0.00		28	4.35		362	56.21		2	0.31		0	0.00		159	24.69		5	0.78		28	4.35		0	0.00		1	0.16		22	3.42		0	0.00		0	0.00		644	94.43		38	5.57		682	0.83
Hallora		1	1.27		0	0.00		0	0.00		0	0.00		0	0.00		0	0.00		0	0.00		63	79.75		0	0.00		0	0.00		9	11.39		2	2.53		2	2.53		0	0.00		0	0.00		2	2.53		0	0.00		0	0.00		79	95.18		4	4.82		83	0.10
Hazelwood North		10	1.46		13	1.90		9	1.32		0	0.00		0	0.00		1	0.15		34	4.98		310	45.39		0	0.00		1	0.15		245	35.87		7	1.02		38	5.56		0	0.00		0	0.00		14	2.05		1	0.15		0	0.00		683	98.41		11	1.59		694	0.84
Hill End		2	1.80		2	1.80		0	0.00		0	0.00		0	0.00		0	0.00		3	2.70		53	47.75		1	0.90		0	0.00		38	34.23		0	0.00		9	8.11		0	0.00		0	0.00		3	2.70		0	0.00		0	0.00		111	92.50		9	7.50		120	0.15
Iona		2	2.02		0	0.00		4	4.04		0	0.00		0	0.00		0	0.00		0	0.00		58	58.59		0	0.00		0	0.00		25	25.25		0	0.00		6	6.06		0	0.00		0	0.00		4	4.04		0	0.00		0	0.00		99	96.12		4	3.88		103	0.13
Jindivick		5	1.85		0	0.00		5	1.85		0	0.00		0	0.00		0	0.00		17	6.27		135	49.82		1	0.37		0	0.00		64	23.62		3	1.11		13	4.80		0	0.00		0	0.00		28	10.33		0	0.00		0	0.00		271	94.10		17	5.90		288	0.35
Labertouche		6	2.70		4	1.80		3	1.35		0	0.00		0	0.00		0	0.00		7	3.15		132	59.46		2	0.90		0	0.00		45	20.27		2	0.90		14	6.31		0	0.00		0	0.00		6	2.70		0	0.00		1	0.45		222	95.69		10	4.31		232	0.28
Lillico		6	2.33		4	1.55		5	1.94		0	0.00		0	0.00		0	0.00		7	2.71		167	64.73		2	0.78		1	0.39		49	18.99		2	0.78		12	4.65		0	0.00		0	0.00		3	1.16		0	0.00		0	0.00		258	96.99		8	3.01		266	0.32
Longwarry		21	2.94		16	2.24		5	0.70		0	0.00		1	0.14		0	0.00		32	4.48		357	49.93		4	0.56		0	0.00		212	29.65		7	0.98		34	4.76		0	0.00		2	0.28		24	3.36		0	0.00		0	0.00		715	93.71		48	6.29		763	0.93
Maryknoll		2	0.64		5	1.60		2	0.64		0	0.00		0	0.00		0	0.00		9	2.88		174	55.59		1	0.32		0	0.00		73	23.32		5	1.60		21	6.71		0	0.00		0	0.00		20	6.39		1	0.32		0	0.00		313	95.14		16	4.86		329	0.40
Melbourne (McMillan)		0	0.00		1	2.63		2	5.26		0	0.00		0	0.00		0	0.00		0	0.00		14	36.84		0	0.00		0	0.00		9	23.68		0	0.00		6	15.79		0	0.00		0	0.00		6	15.79		0	0.00		0	0.00		38	100.00		0	0.00		38	0.05
Moe		74	2.23		70	2.11		26	0.78		2	0.06		0	0.00		3	0.09		135	4.07		867	26.13		8	0.24		11	0.33		1808	54.49		14	0.42		175	5.27		1	0.03		8	0.24		116	3.50		0	0.00		0	0.00		3318	94.13		207	5.87		3525	4.28
Moe Central		28	1.79		60	3.84		13	0.83		3	0.19		0	0.00		1	0.06		79	5.05		311	19.90		5	0.32		3	0.19		939	60.08		6	0.38		84	5.37		0	0.00		1	0.06		30	1.92		0	0.00		0	0.00		1563	95.13		80	4.87		1643	2.00
Moe West		12	1.17		42	4.10		11	1.07		2	0.20		0	0.00		0	0.00		49	4.79		270	26.37		5	0.49		2	0.20		533	52.05		10	0.98		50	4.88		1	0.10		2	0.20		34	3.32		1	0.10		0	0.00		1024	94.38		61	5.62		1085	1.32
Morwell		37	2.52		34	2.31		15	1.02		0	0.00		2	0.14		0	0.00		80	5.45		482	32.81		3	0.20		11	0.75		657	44.72		8	0.54		100	6.81		0	0.00		2	0.14		37	2.52		0	0.00		1	0.07		1469	94.11		92	5.89		1561	1.90
Morwell Central		59	2.05		106	3.69		20	0.70		3	0.10		0	0.00		4	0.14		128	4.46		747	26.00		12	0.42		7	0.24		1480	51.51		19	0.66		198	6.89		2	0.07		2	0.07		85	2.96		1	0.03		0	0.00		2873	93.64		195	6.36		3068	3.73
Morwell Estate		44	1.78		69	2.79		12	0.49		5	0.20		2	0.08		1	0.04		75	3.03		683	27.63		7	0.28		5	0.20		1330	53.80		15	0.61		157	6.35		1	0.04		3	0.12		63	2.55		0	0.00		0	0.00		2472	94.28		150	5.72		2622	3.19
Morwell North		11	2.51		13	2.97		5	1.14		0	0.00		0	0.00		0	0.00		24	5.48		101	23.06		0	0.00		0	0.00		234	53.42		1	0.23		33	7.53		0	0.00		2	0.46		14	3.20		0	0.00		0	0.00		438	97.33		12	2.67		450	0.55
Nar Nar Goon		12	2.11		8	1.40		9	1.58		1	0.18		0	0.00		0	0.00		24	4.21		306	53.68		1	0.18		0	0.00		175	30.70		0	0.00		24	4.21		0	0.00		0	0.00		10	1.75		0	0.00		0	0.00		570	94.53		33	5.47		603	0.73
Nar Nar Goon North		3	1.14		6	2.27		3	1.14		0	0.00		0	0.00		0	0.00		15	5.68		154	58.33		0	0.00		0	0.00		52	19.70		2	0.76		12	4.55		0	0.00		0	0.00		17	6.44		0	0.00		0	0.00		264	98.51		4	1.49		268	0.33
Narracan		4	2.05		7	3.59		6	3.08		0	0.00		0	0.00		0	0.00		20	10.26		86	44.10		0	0.00		0	0.00		41	21.03		1	0.51		16	8.21		0	0.00		1	0.51		12	6.15		0	0.00		1	0.51		195	96.06		8	3.94		203	0.25
Neerim Junction		5	2.34		1	0.47		4	1.87		0	0.00		0	0.00		0	0.00		8	3.74		111	51.87		1	0.47		1	0.47		51	23.83		2	0.93		12	5.61		0	0.00		1	0.47		17	7.94		0	0.00		0	0.00		214	93.86		14	6.14		228	0.28
Neerim South		29	3.86		20	2.66		9	1.20		0	0.00		1	0.13		0	0.00		31	4.12		394	52.39		0	0.00		0	0.00		178	23.67		7	0.93		48	6.38		1	0.13		0	0.00		33	4.39		0	0.00		1	0.13		752	96.66		26	3.34		778	0.95
Newborough		33	1.47		50	2.23		22	0.98		0	0.00		0	0.00		2	0.09		80	3.57		623	27.76		4	0.18		3	0.13		1181	52.63		8	0.36		168	7.49		1	0.04		2	0.09		66	2.94		0	0.00		1	0.04		2244	94.84		122	5.16		2366	2.87
Newborough East		22	1.68		29	2.22		13	1.00		2	0.15		0	0.00		0	0.00		54	4.13		285	21.82		2	0.15		1	0.08		782	59.88		6	0.46		87	6.66		0	0.00		0	0.00		22	1.68		1	0.08		0	0.00		1306	94.64		74	5.36		1380	1.68
Nilma		8	3.48		1	0.43		7	3.04		2	0.87		0	0.00		0	0.00		14	6.09		129	56.09		0	0.00		0	0.00		45	19.57		3	1.30		11	4.78		0	0.00		0	0.00		10	4.35		0	0.00		0	0.00		230	98.29		4	1.71		234	0.28
Noojee		6	4.44		1	0.74		2	1.48		0	0.00		0	0.00		0	0.00		13	9.63		59	43.70		0	0.00		0	0.00		32	23.70		0	0.00		8	5.93		0	0.00		0	0.00		13	9.63		1	0.74		0	0.00		135	92.47		11	7.53		146	0.18
Pakenham		60	2.28		53	2.01		25	0.95		1	0.04		0	0.00		1	0.04		107	4.06		1196	45.39		2	0.08		0	0.00		901	34.19		17	0.65		150	5.69		0	0.00		2	0.08		115	4.36		2	0.08		3	0.11		2635	95.40		127	4.60		2762	3.36
Pakenham Central		80	3.72		46	2.14		23	1.07		2	0.09		1	0.05		1	0.05		69	3.21		1061	49.35		10	0.47		4	0.19		645	30.00		18	0.84		106	4.93		3	0.14		3	0.14		76	3.53		1	0.05		1	0.05		2150	92.75		168	7.25		2318	2.82
Pakenham North		31	3.01		17	1.65		9	0.87		0	0.00		0	0.00		0	0.00		27	2.62		483	46.89		2	0.19		1	0.10		344	33.40		15	1.46		61	5.92		0	0.00		1	0.10		39	3.79		0	0.00		0	0.00		1030	95.81		45	4.19		1075	1.31
Pakenham South		2	1.57		1	0.79		1	0.79		0	0.00		0	0.00		0	0.00		8	6.30		70	55.12		0	0.00		0	0.00		30	23.62		2	1.57		4	3.15		0	0.00		0	0.00		9	7.09		0	0.00		0	0.00		127	93.38		9	6.62		136	0.17
Pakenham Upper (McMillan)		10	2.94		2	0.59		4	1.18		1	0.29		0	0.00		0	0.00		3	0.88		186	54.71		0	0.00		0	0.00		80	23.53		3	0.88		20	5.88		0	0.00		0	0.00		31	9.12		0	0.00		0	0.00		340	96.59		12	3.41		352	0.43
Rawson		4	2.63		1	0.66		1	0.66		1	0.66		0	0.00		2	1.32		6	3.95		67	44.08		1	0.66		0	0.00		53	34.87		0	0.00		7	4.61		0	0.00		0	0.00		9	5.92		0	0.00		0	0.00		152	92.68		12	7.32		164	0.20
Ripplebrook		4	3.85		2	1.92		0	0.00		0	0.00		0	0.00		0	0.00		2	1.92		72	69.23		0	0.00		0	0.00		8	7.69		2	1.92		7	6.73		0	0.00		0	0.00		7	6.73		0	0.00		0	0.00		104	97.20		3	2.80		107	0.13
Rokeby		1	0.52		4	2.07		3	1.55		0	0.00		0	0.00		0	0.00		13	6.74		96	49.74		0	0.00		0	0.00		45	23.32		3	1.55		16	8.29		0	0.00		1	0.52		11	5.70		0	0.00		0	0.00		193	96.02		8	3.98		201	0.24
Tanjil South		7	2.52		6	2.16		2	0.72		0	0.00		0	0.00		0	0.00		22	7.91		147	52.88		0	0.00		0	0.00		79	28.42		0	0.00		12	4.32		0	0.00		0	0.00		3	1.08		0	0.00		0	0.00		278	95.21		14	4.79		292	0.35
Tetoora Road		6	4.51		1	0.75		2	1.50		0	0.00		0	0.00		0	0.00		6	4.51		65	48.87		0	0.00		0	0.00		22	16.54		0	0.00		15	11.28		0	0.00		0	0.00		15	11.28		0	0.00		1	0.75		133	97.08		4	2.92		137	0.17
Thorpdale		9	2.16		8	1.92		4	0.96		0	0.00		0	0.00		0	0.00		33	7.93		235	56.49		1	0.24		1	0.24		81	19.47		6	1.44		23	5.53		0	0.00		1	0.24		14	3.37		0	0.00		0	0.00		416	94.33		25	5.67		441	0.54
Toomuc Valley		4	3.96		1	0.99		0	0.00		0	0.00		0	0.00		0	0.00		6	5.94		59	58.42		0	0.00		0	0.00		22	21.78		0	0.00		5	4.95		0	0.00		0	0.00		4	3.96		0	0.00		0	0.00		101	89.38		12	10.62		113	0.14
Trafalgar		50	2.61		30	1.57		21	1.10		6	0.31		0	0.00		3	0.16		65	3.40		924	48.28		2	0.10		1	0.05		592	30.93		8	0.42		138	7.21		0	0.00		3	0.16		70	3.66		0	0.00		1	0.05		1914	94.24		117	5.76		2031	2.47
Traralgon		86	2.28		61	1.62		46	1.22		3	0.08		2	0.05		2	0.05		119	3.15		1724	45.67		12	0.32		2	0.05		1257	33.30		21	0.56		283	7.50		2	0.05		4	0.11		149	3.95		0	0.00		2	0.05		3775	94.14		235	5.86		4010	4.87
Traralgon East		61	1.95		70	2.24		31	0.99		6	0.19		0	0.00		0	0.00		152	4.87		1156	37.02		7	0.22		2	0.06		1342	42.97		8	0.26		198	6.34		0	0.00		3	0.10		86	2.75		0	0.00		1	0.03		3123	94.18		193	5.82		3316	4.03
Traralgon North		78	1.98		90	2.28		43	1.09		3	0.08		0	0.00		2	0.05		154	3.91		1608	40.81		6	0.15		3	0.08		1576	40.00		13	0.33		241	6.12		1	0.03		4	0.10		114	2.89		3	0.08		1	0.03		3940	94.53		228	5.47		4168	5.06
Traralgon South		6	1.31		6	1.31		4	0.88		0	0.00		0	0.00		0	0.00		27	5.91		179	39.17		1	0.22		4	0.88		153	33.48		6	1.31		39	8.53		0	0.00		1	0.22		31	6.78		0	0.00		0	0.00		457	96.62		16	3.38		473	0.57
Traralgon West		20	1.97		12	1.18		7	0.69		1	0.10		0	0.00		1	0.10		48	4.72		454	44.64		2	0.20		1	0.10		363	35.69		5	0.49		70	6.88		0	0.00		0	0.00		32	3.15		0	0.00		1	0.10		1017	95.31		50	4.69		1067	1.30
Tyers		9	1.66		8	1.48		8	1.48		1	0.18		0	0.00		0	0.00		29	5.36		225	41.59		1	0.18		1	0.18		199	36.78		1	0.18		37	6.84		0	0.00		0	0.00		22	4.07		0	0.00		0	0.00		541	98.01		11	1.99		552	0.67
Tynong		3	0.95		3	0.95		1	0.32		0	0.00		0	0.00		0	0.00		17	5.36		150	47.32		1	0.32		2	0.63		93	29.34		8	2.52		21	6.62		0	0.00		0	0.00		18	5.68		0	0.00		0	0.00		317	90.83		32	9.17		349	0.42
Tynong North		0	0.00		1	0.81		4	3.23		0	0.00		0	0.00		0	0.00		6	4.84		76	61.29		0	0.00		1	0.81		23	18.55		2	1.61		5	4.03		0	0.00		0	0.00		6	4.84		0	0.00		0	0.00		124	96.88		4	3.13		128	0.16
Warragul		48	1.74		53	1.92		24	0.87		0	0.00		1	0.04		0	0.00		78	2.83		1379	49.96		4	0.14		0	0.00		766	27.75		37	1.34		207	7.50		0	0.00		2	0.07		159	5.76		0	0.00		2	0.07		2760	96.37		104	3.63		2864	3.48
Warragul East		30	3.04		19	1.93		8	0.81		1	0.10		2	0.20		0	0.00		43	4.36		495	50.20		4	0.41		0	0.00		289	29.31		6	0.61		50	5.07		1	0.10		2	0.20		34	3.45		1	0.10		1	0.10		986	94.44		58	5.56		1044	1.27
Warragul North		41	2.35		24	1.37		22	1.26		1	0.06		2	0.11		0	0.00		44	2.52		963	55.12		1	0.06		0	0.00		408	23.35		9	0.52		157	8.99		0	0.00		1	0.06		74	4.24		0	0.00		0	0.00		1747	96.68		60	3.32		1807	2.20
Willowgrove		9	2.43		6	1.62		6	1.62		1	0.27		0	0.00		0	0.00		12	3.23		186	50.13		0	0.00		0	0.00		102	27.49		2	0.54		40	10.78		0	0.00		0	0.00		7	1.89		0	0.00		0	0.00		371	97.63		9	2.37		380	0.46
Yallourn North		15	1.62		10	1.08		8	0.86		3	0.32		0	0.00		0	0.00		56	6.04		184	19.85		1	0.11		1	0.11		580	62.57		4	0.43		43	4.64		0	0.00		1	0.11		21	2.27		0	0.00		0	0.00		927	94.88		50	5.12		977	1.19
Yarragon		22	2.76		23	2.88		9	1.13		0	0.00		0	0.00		0	0.00		52	6.52		389	48.75		0	0.00		0	0.00		221	27.69		4	0.50		38	4.76		0	0.00		1	0.13		38	4.76		0	0.00		1	0.13		798	93.66		54	6.34		852	1.04
Yinnar		32	3.64		13	1.48		15	1.71		1	0.11		0	0.00		0	0.00		38	4.32		341	38.79		2	0.23		1	0.11		321	36.52		5	0.57		67	7.62		0	0.00		1	0.11		41	4.66		0	0.00		1	0.11		879	96.07		36	3.93		915	1.11
Special Hospitals		23	3.67		11	1.75		5	0.80		3	0.48		2	0.32		0	0.00		14	2.23		289	46.09		6	0.96		0	0.00		252	40.19		2	0.32		12	1.91		1	0.16		1	0.16		6	0.96		0	0.00		0	0.00		627	95.14		32	4.86		659	0.80
Total Ordinary		1465	2.24		1362	2.08		676	1.03		65	0.10		19	0.03		30	0.05		2771	4.23		26955	41.14		157	0.24		86	0.13		24793	37.84		427	0.65		4164	6.35		18	0.03		67	0.10		2431	3.71		15	0.02		26	0.04		65527	94.93		3498	5.07		69025	83.87
ABSENT		108	2.85		117	3.09		48	1.27		0	0.00		3	0.08		1	0.03		132	3.48		1415	37.34		11	0.29		3	0.08		1239	32.70		23	0.61		391	10.32		2	0.05		5	0.13		284	7.50		6	0.16		1	0.03		3789	97.33		104	2.67		3893	4.73
POSTAL		77	2.92		43	1.63		37	1.40		1	0.04		2	0.08		1	0.04		140	5.31		1138	43.16		2	0.08		7	0.27		956	36.25		21	0.80		163	6.18		1	0.04		2	0.08		44	1.67		2	0.08		0	0.00		2637	98.07		52	1.93		2689	3.27
PRE_POLL		158	2.66		90	1.52		91	1.53		3	0.05		4	0.07		3	0.05		269	4.53		2560	43.15		19	0.32		15	0.25		2202	37.11		29	0.49		323	5.44		5	0.08		3	0.05		152	2.56		5	0.08		2	0.03		5933	97.44		156	2.56		6089	7.40
PROVISIONAL		21	3.62		32	5.52		5	0.86		1	0.17		0	0.00		0	0.00		25	4.31		169	29.14		1	0.17		0	0.00		259	44.66		2	0.34		38	6.55		0	0.00		1	0.17		26	4.48		0	0.00		0	0.00		580	95.39		28	4.61		608	0.74
Division Summary		1829	2.33		1644	2.1		857	1.09		70	0.09		28	0.04		35	0.04		3337	4.25		32237	41.08		190	0.24		111	0.14		29449	37.53		502	0.64		5079	6.47		26	0.03		78	0.1		2937	3.74		28	0.04		29	0.04		78466	95.34		3838	4.66		82304	96.2
