Senate - 2001 Election: Victoria																																																															
First Preference Votes by Group 																																																															
By Polling Place																																																															

Gellibrand (86496)																																																															
		Group A Total			Group B Total			Group C Total			Group D Total			Group E Total			Group F Total			Group G Total			Group H Total			Group I Total			Group J Total			Group K Total			Group L Total			Group M Total			Group N Total			Group O Total			Group P Total			Group Q Total			Ungrouped Total			FORMAL			INFORMAL			TOTAL	
		LFF			DLP			PCA			CEC			Unendorsed			Unendorsed			HAN			LNP			UNI			Unendorsed			ALP			CTA			DEM			Unendorsed			HPA			GRN			Unendorsed			Independent										
Polling Places		Vote	%		Vote	%		Vote	%		Vote	%		Vote	%		Vote	%		Vote	%		Vote	%		Vote	%		Vote	%		Vote	%		Vote	%		Vote	%		Vote	%		Vote	%		Vote	%		Vote	%		Vote	%		Vote	%		Vote	%		Vote	%
Albion		41	1.94		88	4.17		24	1.14		0	0.00		3	0.14		2	0.09		55	2.61		435	20.62		5	0.24		3	0.14		1196	56.68		14	0.66		167	7.91		0	0.00		1	0.05		67	3.18		8	0.38		1	0.05		2110	88.69		269	11.31		2379	2.94
Altona East		85	3.01		129	4.56		32	1.13		2	0.07		2	0.07		3	0.11		45	1.59		462	16.34		11	0.39		1	0.04		1766	62.47		14	0.50		174	6.15		1	0.04		4	0.14		91	3.22		5	0.18		0	0.00		2827	88.10		382	11.90		3209	3.97
Altona Gate		56	2.88		97	4.99		8	0.41		3	0.15		2	0.10		3	0.15		42	2.16		389	20.03		15	0.77		1	0.05		1170	60.25		2	0.10		91	4.69		0	0.00		1	0.05		58	2.99		4	0.21		0	0.00		1942	87.95		266	12.05		2208	2.73
Altona North		33	3.00		45	4.09		16	1.46		0	0.00		1	0.09		0	0.00		19	1.73		261	23.75		7	0.64		0	0.00		612	55.69		5	0.45		57	5.19		2	0.18		0	0.00		39	3.55		2	0.18		0	0.00		1099	88.77		139	11.23		1238	1.53
Ardeer		61	5.67		47	4.37		7	0.65		1	0.09		0	0.00		1	0.09		40	3.72		224	20.84		4	0.37		5	0.47		573	53.30		2	0.19		86	8.00		1	0.09		2	0.19		18	1.67		3	0.28		0	0.00		1075	87.76		150	12.24		1225	1.51
Ardeer East (Gellibrand)		16	1.64		32	3.28		9	0.92		0	0.00		0	0.00		0	0.00		14	1.43		150	15.35		4	0.41		0	0.00		668	68.37		0	0.00		66	6.76		0	0.00		0	0.00		18	1.84		0	0.00		0	0.00		977	86.23		156	13.77		1133	1.40
Braybrook		66	2.58		121	4.73		26	1.02		1	0.04		0	0.00		1	0.04		45	1.76		396	15.48		12	0.47		1	0.04		1733	67.75		5	0.20		71	2.78		0	0.00		3	0.12		73	2.85		4	0.16		0	0.00		2558	90.87		257	9.13		2815	3.48
Brooklyn		17	2.48		26	3.80		5	0.73		0	0.00		1	0.15		1	0.15		19	2.77		175	25.55		1	0.15		0	0.00		396	57.81		1	0.15		23	3.36		1	0.15		1	0.15		17	2.48		0	0.00		1	0.15		685	89.66		79	10.34		764	0.94
Footscray		64	2.52		127	5.00		27	1.06		5	0.20		0	0.00		2	0.08		27	1.06		449	17.69		31	1.22		0	0.00		1474	58.08		9	0.35		153	6.03		3	0.12		1	0.04		157	6.19		9	0.35		0	0.00		2538	91.20		245	8.80		2783	3.44
Footscray Central		21	2.11		39	3.91		16	1.60		1	0.10		1	0.10		1	0.10		23	2.31		165	16.55		5	0.50		4	0.40		494	49.55		1	0.10		95	9.53		0	0.00		0	0.00		129	12.94		2	0.20		0	0.00		997	91.05		98	8.95		1095	1.35
Footscray East		16	2.57		33	5.30		9	1.44		0	0.00		1	0.16		0	0.00		8	1.28		103	16.53		1	0.16		0	0.00		352	56.50		2	0.32		48	7.70		0	0.00		0	0.00		50	8.03		0	0.00		0	0.00		623	88.12		84	11.88		707	0.87
Footscray North		16	1.39		44	3.83		16	1.39		4	0.35		0	0.00		0	0.00		20	1.74		243	21.15		8	0.70		0	0.00		617	53.70		4	0.35		96	8.36		0	0.00		0	0.00		79	6.88		2	0.17		0	0.00		1149	90.47		121	9.53		1270	1.57
Footscray South		32	2.60		40	3.25		12	0.97		0	0.00		1	0.08		0	0.00		16	1.30		229	18.60		8	0.65		0	0.00		626	50.85		6	0.49		94	7.64		2	0.16		0	0.00		160	13.00		5	0.41		0	0.00		1231	93.12		91	6.88		1322	1.63
Footscray West		66	2.06		125	3.90		40	1.25		3	0.09		1	0.03		0	0.00		55	1.72		623	19.44		10	0.31		4	0.12		1856	57.91		15	0.47		227	7.08		1	0.03		2	0.06		166	5.18		10	0.31		1	0.03		3205	89.05		394	10.95		3599	4.45
Glengala (Gellibrand)		22	3.00		14	1.91		9	1.23		4	0.54		0	0.00		2	0.27		9	1.23		151	20.57		2	0.27		0	0.00		453	61.72		2	0.27		52	7.08		0	0.00		0	0.00		13	1.77		1	0.14		0	0.00		734	85.95		120	14.05		854	1.06
Kingsville		50	2.05		78	3.20		32	1.31		2	0.08		1	0.04		6	0.25		36	1.48		474	19.47		12	0.49		2	0.08		1276	52.42		2	0.08		226	9.29		0	0.00		3	0.12		229	9.41		5	0.21		0	0.00		2434	92.20		206	7.80		2640	3.26
Kingsville West		44	3.12		54	3.83		13	0.92		2	0.14		1	0.07		1	0.07		28	1.99		295	20.94		9	0.64		1	0.07		784	55.64		4	0.28		92	6.53		0	0.00		0	0.00		73	5.18		8	0.57		0	0.00		1409	88.95		175	11.05		1584	1.96
Maidstone		32	1.79		76	4.26		9	0.50		4	0.22		1	0.06		1	0.06		20	1.12		352	19.71		10	0.56		3	0.17		1118	62.60		8	0.45		104	5.82		1	0.06		0	0.00		39	2.18		8	0.45		0	0.00		1786	88.77		226	11.23		2012	2.49
Maribyrnong		43	2.74		30	1.91		21	1.34		0	0.00		0	0.00		0	0.00		27	1.72		503	32.08		11	0.70		0	0.00		694	44.26		5	0.32		142	9.06		1	0.06		1	0.06		87	5.55		2	0.13		1	0.06		1568	89.86		177	10.14		1745	2.16
Maribyrnong South		31	2.50		40	3.22		16	1.29		0	0.00		0	0.00		1	0.08		14	1.13		267	21.50		10	0.81		2	0.16		730	58.78		5	0.40		84	6.76		0	0.00		0	0.00		41	3.30		0	0.00		1	0.08		1242	92.69		98	7.31		1340	1.66
Melbourne (Gellibrand)		2	1.94		4	3.88		0	0.00		0	0.00		0	0.00		0	0.00		2	1.94		25	24.27		1	0.97		0	0.00		41	39.81		0	0.00		13	12.62		0	0.00		0	0.00		15	14.56		0	0.00		0	0.00		103	97.17		3	2.83		106	0.13
Newport		48	2.84		57	3.37		29	1.72		1	0.06		0	0.00		0	0.00		28	1.66		395	23.39		3	0.18		1	0.06		764	45.23		7	0.41		184	10.89		0	0.00		2	0.12		163	9.65		7	0.41		0	0.00		1689	90.90		169	9.10		1858	2.30
Newport East		16	1.10		38	2.61		22	1.51		1	0.07		0	0.00		0	0.00		23	1.58		369	25.33		6	0.41		0	0.00		672	46.12		1	0.07		151	10.36		0	0.00		1	0.07		155	10.64		1	0.07		1	0.07		1457	93.88		95	6.12		1552	1.92
Newport West		42	2.37		50	2.82		31	1.75		0	0.00		3	0.17		0	0.00		40	2.26		340	19.21		7	0.40		3	0.17		969	54.75		2	0.11		166	9.38		1	0.06		2	0.11		108	6.10		5	0.28		1	0.06		1770	90.68		182	9.32		1952	2.41
Seddon		38	1.92		57	2.88		22	1.11		0	0.00		0	0.00		0	0.00		30	1.52		399	20.15		5	0.25		0	0.00		944	47.68		6	0.30		204	10.30		1	0.05		1	0.05		270	13.64		3	0.15		0	0.00		1980	92.65		157	7.35		2137	2.64
South Kingsville		14	1.18		41	3.45		17	1.43		0	0.00		0	0.00		1	0.08		34	2.86		239	20.08		4	0.34		1	0.08		651	54.71		4	0.34		117	9.83		0	0.00		1	0.08		63	5.29		1	0.08		2	0.17		1190	90.84		120	9.16		1310	1.62
Spotswood		15	1.37		27	2.47		21	1.92		1	0.09		0	0.00		0	0.00		17	1.55		296	27.06		2	0.18		2	0.18		512	46.80		5	0.46		116	10.60		0	0.00		1	0.09		78	7.13		1	0.09		0	0.00		1094	92.24		92	7.76		1186	1.47
Sunshine		42	2.87		54	3.69		19	1.30		1	0.07		1	0.07		0	0.00		31	2.12		278	18.99		16	1.09		0	0.00		853	58.27		4	0.27		108	7.38		2	0.14		0	0.00		49	3.35		6	0.41		0	0.00		1464	90.26		158	9.74		1622	2.01
Sunshine North		66	2.32		95	3.35		14	0.49		3	0.11		3	0.11		2	0.07		50	1.76		473	16.66		18	0.63		0	0.00		1864	65.66		11	0.39		153	5.39		2	0.07		2	0.07		73	2.57		10	0.35		0	0.00		2839	86.63		438	13.37		3277	4.05
Sunvale		53	2.57		81	3.93		23	1.12		4	0.19		0	0.00		1	0.05		52	2.53		485	23.56		7	0.34		1	0.05		1136	55.17		6	0.29		141	6.85		1	0.05		3	0.15		59	2.87		6	0.29		0	0.00		2059	92.00		179	8.00		2238	2.77
Tottenham North		18	1.55		51	4.38		10	0.86		1	0.09		1	0.09		1	0.09		25	2.15		163	14.00		4	0.34		0	0.00		814	69.93		6	0.52		41	3.52		0	0.00		1	0.09		27	2.32		1	0.09		0	0.00		1164	91.01		115	8.99		1279	1.58
Western Hospital		6	1.66		12	3.31		4	1.10		0	0.00		1	0.28		0	0.00		7	1.93		76	20.99		1	0.28		1	0.28		209	57.73		1	0.28		25	6.91		0	0.00		2	0.55		17	4.70		0	0.00		0	0.00		362	91.88		32	8.12		394	0.49
Williamstown		39	1.77		28	1.27		26	1.18		2	0.09		1	0.05		0	0.00		28	1.27		719	32.71		2	0.09		3	0.14		852	38.76		6	0.27		204	9.28		2	0.09		0	0.00		284	12.92		1	0.05		1	0.05		2198	93.57		151	6.43		2349	2.90
Williamstown North		24	1.79		19	1.41		19	1.41		1	0.07		2	0.15		2	0.15		24	1.79		422	31.40		3	0.22		1	0.07		441	32.81		4	0.30		185	13.76		0	0.00		0	0.00		196	14.58		0	0.00		1	0.07		1344	96.28		52	3.72		1396	1.73
Williamstown South		37	1.58		35	1.49		56	2.39		1	0.04		1	0.04		0	0.00		44	1.88		715	30.48		4	0.17		1	0.04		875	37.30		9	0.38		209	8.91		0	0.00		2	0.09		349	14.88		6	0.26		2	0.09		2346	94.10		147	5.90		2493	3.08
Williamstown West		43	1.91		37	1.65		37	1.65		1	0.04		1	0.04		0	0.00		30	1.34		907	40.38		5	0.22		0	0.00		854	38.02		5	0.22		204	9.08		1	0.04		2	0.09		114	5.08		4	0.18		1	0.04		2246	90.46		237	9.54		2483	3.07
Yarraville		33	2.36		50	3.58		15	1.07		1	0.07		2	0.14		1	0.07		21	1.50		293	20.97		6	0.43		2	0.14		659	47.17		2	0.14		152	10.88		1	0.07		0	0.00		153	10.95		3	0.21		3	0.21		1397	93.63		95	6.37		1492	1.84
Yarraville Central		47	2.42		58	2.99		30	1.55		4	0.21		0	0.00		0	0.00		22	1.13		392	20.21		10	0.52		1	0.05		899	46.34		2	0.10		210	10.82		3	0.15		0	0.00		258	13.30		2	0.10		2	0.10		1940	93.72		130	6.28		2070	2.56
Yarraville South		26	1.85		55	3.92		18	1.28		0	0.00		1	0.07		1	0.07		22	1.57		343	24.43		8	0.57		2	0.14		714	50.85		3	0.21		123	8.76		0	0.00		0	0.00		79	5.63		9	0.64		0	0.00		1404	90.82		142	9.18		1546	1.91
Special Hospitals		10	3.88		3	1.16		1	0.39		2	0.78		0	0.00		0	0.00		2	0.78		89	34.50		0	0.00		0	0.00		132	51.16		4	1.55		5	1.94		0	0.00		0	0.00		10	3.88		0	0.00		0	0.00		258	94.85		14	5.15		272	0.34
Total Ordinary		1431	2.29		2137	3.42		761	1.22		56	0.09		33	0.05		34	0.05		1094	1.75		13764	22.02		288	0.46		46	0.07		33443	53.51		194	0.31		4859	7.78		27	0.04		39	0.06		4124	6.60		144	0.23		19	0.03		62493	90.66		6441	9.34		68934	85.21
ABSENT		160	3.32		222	4.61		72	1.49		7	0.15		3	0.06		1	0.02		84	1.74		1062	22.04		13	0.27		1	0.02		2323	48.21		14	0.29		459	9.52		1	0.02		3	0.06		385	7.99		8	0.17		1	0.02		4819	95.69		217	4.31		5036	6.23
POSTAL		122	5.07		55	2.29		38	1.58		3	0.12		0	0.00		0	0.00		72	2.99		522	21.70		3	0.12		0	0.00		1416	58.85		4	0.17		98	4.07		1	0.04		1	0.04		69	2.87		2	0.08		0	0.00		2406	97.09		72	2.91		2478	3.06
PRE_POLL		97	2.94		125	3.79		50	1.52		2	0.06		3	0.09		1	0.03		71	2.15		743	22.55		13	0.39		4	0.12		1733	52.59		9	0.27		266	8.07		0	0.00		3	0.09		170	5.16		4	0.12		1	0.03		3295	96.20		130	3.80		3425	4.23
PROVISIONAL		31	3.24		55	5.74		9	0.94		2	0.21		1	0.10		0	0.00		9	0.94		184	19.21		6	0.63		0	0.00		545	56.89		1	0.10		63	6.58		0	0.00		1	0.10		49	5.11		1	0.10		1	0.10		958	93.55		66	6.45		1024	1.27
Division Summary		1841	2.49		2594	3.51		930	1.26		70	0.09		40	0.05		36	0.05		1330	1.8		16275	22		323	0.44		51	0.07		39460	53.35		222	0.3		5745	7.77		29	0.04		47	0.06		4797	6.48		159	0.21		22	0.03		73971	91.44		6926	8.56		80897	93.53
