House of Representatives - 1993 Election: Australian Capital Territory																												
First Preference Votes 																												
By Candidate by Polling Place																												


Canberra (95277)																												

		# KELLY			KELLY			MYERS			TREVETHAN			ADAMSON			STEFANIAK			FORMAL			INFORMAL			TOTAL		
		Ros		      	Sally Christine		                  	Peter		        	Mike		       	Greg		       	Bill		       			     			     			     
		ALP			NLP			DEM			ASG			GDA			LP					 			 			 
Polling Places		Vote	%		Vote	%		Vote	%		Vote	%		Vote	%		Vote	%		Vote	%		Vote	%		Vote	%	
Bonython	                                    	854	58.69	 	7	0.48	 	74	5.09	 	26	1.79	 	32	2.2	 	462	31.75	 	1455	97.32	 	40	2.68	 	1495	1.62	 
Calwell	                                     	1687	57.32	 	25	0.85	 	183	6.22	 	59	2	 	63	2.14	 	926	31.46	 	2943	96.52	 	106	3.48	 	3049	3.3	 
Chapman	                                     	971	43.8	 	8	0.36	 	108	4.87	 	52	2.35	 	71	3.2	 	1007	45.42	 	2217	97.19	 	64	2.81	 	2281	2.47	 
Chifley	                                     	820	53.07	 	17	1.1	 	108	6.99	 	35	2.27	 	86	5.57	 	479	31	 	1545	97.05	 	47	2.95	 	1592	1.72	 
Chisholm	                                    	1140	57.11	 	14	0.7	 	88	4.41	 	32	1.6	 	43	2.15	 	679	34.02	 	1996	97.46	 	52	2.54	 	2048	2.22	 
Curtin	                                      	1527	50.08	 	39	1.28	 	196	6.43	 	55	1.8	 	165	5.41	 	1067	35	 	3049	97.38	 	82	2.62	 	3131	3.39	 
Deakin	                                      	602	33.17	 	19	1.05	 	84	4.63	 	19	1.05	 	73	4.02	 	1018	56.09	 	1815	98.37	 	30	1.63	 	1845	2	 
Duffy	                                       	1093	51.34	 	18	0.85	 	121	5.68	 	32	1.5	 	100	4.7	 	765	35.93	 	2129	97.08	 	64	2.92	 	2193	2.37	 
Fadden	                                      	983	46.52	 	8	0.38	 	89	4.21	 	35	1.66	 	48	2.27	 	950	44.96	 	2113	97.73	 	49	2.27	 	2162	2.34	 
Farrer	                                      	1422	44.07	 	21	0.65	 	173	5.36	 	50	1.55	 	105	3.25	 	1456	45.12	 	3227	97.43	 	85	2.57	 	3312	3.59	 
Gilmore	                                     	1242	56.63	 	13	0.59	 	108	4.92	 	42	1.92	 	49	2.23	 	739	33.7	 	2193	96.69	 	75	3.31	 	2268	2.46	 
Gordon	                                      	1134	60.29	 	17	0.9	 	82	4.36	 	45	2.39	 	54	2.87	 	549	29.19	 	1881	97.56	 	47	2.44	 	1928	2.09	 
Gowrie	                                      	993	55.32	 	17	0.95	 	67	3.73	 	27	1.5	 	53	2.95	 	638	35.54	 	1795	97.29	 	50	2.71	 	1845	2	 
Holder	                                      	669	52.22	 	8	0.62	 	69	5.39	 	22	1.72	 	41	3.2	 	472	36.85	 	1281	97.12	 	38	2.88	 	1319	1.43	 
Hughes	                                      	1271	45.92	 	22	0.79	 	152	5.49	 	41	1.48	 	120	4.34	 	1162	41.98	 	2768	98.12	 	53	1.88	 	2821	3.05	 
Isabella Plains	                             	1515	59.37	 	22	0.86	 	128	5.02	 	39	1.53	 	64	2.51	 	784	30.72	 	2552	96.34	 	97	3.66	 	2649	2.87	 
Kambah East	                                 	1093	58.57	 	22	1.18	 	100	5.36	 	19	1.02	 	65	3.48	 	567	30.39	 	1866	97.09	 	56	2.91	 	1922	2.08	 
Kambah North	                                	941	56.25	 	10	0.6	 	76	4.54	 	26	1.55	 	59	3.53	 	561	33.53	 	1673	96.87	 	54	3.13	 	1727	1.87	 
Kambah South	                                	1014	59.23	 	9	0.53	 	98	5.72	 	32	1.87	 	47	2.75	 	512	29.91	 	1712	97.66	 	41	2.34	 	1753	1.9	 
Kambah West	                                 	1742	56.21	 	22	0.71	 	197	6.36	 	53	1.71	 	114	3.68	 	971	31.33	 	3099	97.3	 	86	2.7	 	3185	3.45	 
Lyons	                                       	964	56.14	 	18	1.05	 	122	7.11	 	32	1.86	 	77	4.48	 	504	29.35	 	1717	96.73	 	58	3.27	 	1775	1.92	 
Mawson	                                      	1296	48.27	 	28	1.04	 	114	4.25	 	28	1.04	 	87	3.24	 	1132	42.16	 	2685	97.14	 	79	2.86	 	2764	2.99	 
Monash	                                      	1334	55.68	 	15	0.63	 	107	4.47	 	33	1.38	 	43	1.79	 	864	36.06	 	2396	96.96	 	75	3.04	 	2471	2.67	 
Oaks Estate	                                 	105	54.12	 	4	2.06	 	17	8.76	 	5	2.58	 	4	2.06	 	59	30.41	 	194	92.82	 	15	7.18	 	209	0.23	 
Pearce	                                      	1129	48.6	 	15	0.65	 	120	5.17	 	44	1.89	 	78	3.36	 	937	40.34	 	2323	97.2	 	67	2.8	 	2390	2.59	 
Richardson	                                  	1082	61.69	 	17	0.97	 	91	5.19	 	36	2.05	 	35	2	 	493	28.11	 	1754	95.59	 	81	4.41	 	1835	1.99	 
Rivett	                                      	1197	52.48	 	25	1.1	 	142	6.23	 	64	2.81	 	63	2.76	 	790	34.63	 	2281	97.15	 	67	2.85	 	2348	2.54	 
Tharwa	                                      	45	44.55	 	0	0	 	7	6.93	 	0	0	 	8	7.92	 	41	40.59	 	101	96.19	 	4	3.81	 	105	0.11	 
Theodore	                                    	757	59.05	 	13	1.01	 	62	4.84	 	36	2.81	 	41	3.2	 	373	29.1	 	1282	97.12	 	38	2.88	 	1320	1.43	 
Uriarra	                                     	42	89.36	 	0	0	 	0	0	 	0	0	 	0	0	 	5	10.64	 	47	90.38	 	5	9.62	 	52	0.06	 
Wanniassa	                                   	1767	56.89	 	33	1.06	 	157	5.05	 	67	2.16	 	99	3.19	 	983	31.65	 	3106	96.85	 	101	3.15	 	3207	3.47	 
Wanniassa Hills	                             	1203	48.67	 	13	0.53	 	129	5.22	 	27	1.09	 	87	3.52	 	1013	40.98	 	2472	97.71	 	58	2.29	 	2530	2.74	 
Waramanga	                                   	2002	54.6	 	41	1.12	 	202	5.51	 	103	2.81	 	127	3.46	 	1192	32.51	 	3667	96.53	 	132	3.47	 	3799	4.11	 
Weston	                                      	1101	51.4	 	18	0.84	 	131	6.12	 	49	2.29	 	74	3.45	 	769	35.9	 	2142	97.41	 	57	2.59	 	2199	2.38	 
Woden Valley Hospital	                       	486	48.89	 	8	0.8	 	57	5.73	 	19	1.91	 	30	3.02	 	394	39.64	 	994	97.55	 	25	2.45	 	1019	1.1	 
Special Hospitals	                           	104	36.88	 	0	0	 	9	3.19	 	4	1.42	 	3	1.06	 	162	57.45	 	282	96.91	 	9	3.09	 	291	0.31	 
Total Ordinary	                              	37327	52.76	 	586	0.83	 	3768	5.33	 	1288	1.82	 	2308	3.26	 	25475	36.01	 	70752	97.13	 	2087	2.87	 	72839	78.85	 
ABSENT	                                      	1161	52.32	 	29	1.31	 	141	6.35	 	56	2.52	 	124	5.59	 	708	31.91	 	2219	95.56	 	103	4.44	 	2322	2.51	 									
POSTAL	                                      	1150	45.38	 	25	0.99	 	153	6.04	 	64	2.53	 	95	3.75	 	1047	41.32	 	2534	98.29	 	44	1.71	 	2578	2.79	 									
PRE_POLL	                                    	6786	50.4	 	126	0.94	 	695	5.16	 	238	1.77	 	547	4.06	 	5072	37.67	 	13464	97.34	 	368	2.66	 	13832	14.97	 									
PROVISIONAL	                                 	470	60.72	 	9	1.16	 	41	5.3	 	18	2.33	 	34	4.39	 	202	26.1	 	774	95.44	 	37	4.56	 	811	0.88	 									
Adjustment		1			0			-2			-1			1			0			-1			1			0											
Division Summary	                            	46895	52.25	 	775	0.86	 	4796	5.35	 	1663	1.85	 	3109	3.46	 	32504	36.22	 	89742	97.14	 	2640	2.86	 	92382	96.96	 									
 																																					


Fraser (97210)																																					

		EASTMAN			KRAMER			WISE			DUNN			JOSEPH			GORDON			BRUNORO			# LANGMORE			BOLTON			FORMAL			INFORMAL			TOTAL		
		David		        	Greg		       	Kev		      	Martin		         	Peter		        	Andrew James		               	Emile		        	John		       	Sue		      			     			     			     
		IND			DEM			IND			LP			IND			NLP			IND			ALP								 			 			 
Polling Places		Vote	%		Vote	%		Vote	%		Vote	%		Vote	%		Vote	%		Vote	%		Vote	%		Vote	%		Vote	%		Vote	%		Vote	%	
Ainslie	                                     	61	3.7	 	82	4.97	 	12	0.73	 	423	25.64	 	7	0.42	 	9	0.55	 	21	1.27	 	951	57.64	 	84	5.09	 	1650	94.02	 	105	5.98	 	1755	1.87	 
Ainslie North	                               	66	2.45	 	172	6.39	 	14	0.52	 	660	24.54	 	8	0.3	 	25	0.93	 	20	0.74	 	1632	60.67	 	93	3.46	 	2690	96.28	 	104	3.72	 	2794	2.98	 
Aranda	                                      	59	1.89	 	213	6.84	 	26	0.83	 	1006	32.28	 	14	0.45	 	18	0.58	 	24	0.77	 	1695	54.4	 	61	1.96	 	3116	96.65	 	108	3.35	 	3224	3.44	 
Baker Gardens	                               	19	2.64	 	36	5	 	9	1.25	 	157	21.81	 	0	0	 	4	0.56	 	4	0.56	 	463	64.31	 	28	3.89	 	720	95.36	 	35	4.64	 	755	0.8	 
Belconnen	                                   	39	2.56	 	84	5.52	 	7	0.46	 	460	30.22	 	12	0.79	 	8	0.53	 	12	0.79	 	850	55.85	 	50	3.29	 	1522	96.33	 	58	3.67	 	1580	1.68	 
Bruce	                                       	8	3.51	 	12	5.26	 	2	0.88	 	90	39.47	 	0	0	 	2	0.88	 	1	0.44	 	107	46.93	 	6	2.63	 	228	96.2	 	9	3.8	 	237	0.25	 
Campbell	                                    	62	2.12	 	134	4.59	 	19	0.65	 	1476	50.57	 	24	0.82	 	15	0.51	 	14	0.48	 	1123	38.47	 	52	1.78	 	2919	98.05	 	58	1.95	 	2977	3.17	 
Charnwood	                                   	68	2.19	 	223	7.18	 	28	0.9	 	895	28.82	 	17	0.55	 	18	0.58	 	23	0.74	 	1777	57.21	 	57	1.84	 	3106	96.61	 	109	3.39	 	3215	3.43	 
City	                                        	23	2.87	 	54	6.74	 	7	0.87	 	198	24.72	 	1	0.12	 	16	2	 	11	1.37	 	460	57.43	 	31	3.87	 	801	95.02	 	42	4.98	 	843	0.9	 
Dickson	                                     	25	2.39	 	91	8.7	 	2	0.19	 	277	26.48	 	4	0.38	 	18	1.72	 	13	1.24	 	586	56.02	 	30	2.87	 	1046	95.44	 	50	4.56	 	1096	1.17	 
Downer	                                      	37	2.16	 	100	5.84	 	13	0.76	 	451	26.34	 	13	0.76	 	8	0.47	 	19	1.11	 	1021	59.64	 	50	2.92	 	1712	95.27	 	85	4.73	 	1797	1.92	 
Evatt	                                       	73	2.46	 	170	5.72	 	29	0.98	 	951	32.02	 	18	0.61	 	16	0.54	 	14	0.47	 	1657	55.79	 	42	1.41	 	2970	95.62	 	136	4.38	 	3106	3.31	 
Evatt South	                                 	20	1.69	 	73	6.18	 	5	0.42	 	399	33.76	 	8	0.68	 	6	0.51	 	8	0.68	 	644	54.48	 	19	1.61	 	1182	96.57	 	42	3.43	 	1224	1.3	 
Florey	                                      	52	2.55	 	122	5.99	 	19	0.93	 	618	30.34	 	10	0.49	 	12	0.59	 	11	0.54	 	1165	57.19	 	28	1.37	 	2037	94.7	 	114	5.3	 	2151	2.29	 
Flynn	                                       	32	1.77	 	120	6.66	 	10	0.55	 	595	33	 	9	0.5	 	8	0.44	 	5	0.28	 	960	53.24	 	64	3.55	 	1803	96.99	 	56	3.01	 	1859	1.98	 
Giralang	                                    	46	2.06	 	150	6.71	 	19	0.85	 	704	31.48	 	6	0.27	 	17	0.76	 	15	0.67	 	1255	56.13	 	24	1.07	 	2236	94.51	 	130	5.49	 	2366	2.52	 
Griffith	                                    	19	1.24	 	54	3.54	 	6	0.39	 	563	36.87	 	9	0.59	 	20	1.31	 	14	0.92	 	818	53.57	 	24	1.57	 	1527	95.98	 	64	4.02	 	1591	1.7	 
Hall	                                        	5	1.85	 	18	6.67	 	0	0	 	103	38.15	 	1	0.37	 	5	1.85	 	1	0.37	 	130	48.15	 	7	2.59	 	270	96.43	 	10	3.57	 	280	0.3	 
Higgins	                                     	68	2.94	 	139	6.02	 	28	1.21	 	681	29.49	 	9	0.39	 	15	0.65	 	15	0.65	 	1297	56.17	 	57	2.47	 	2309	96.05	 	95	3.95	 	2404	2.56	 
Holt	                                        	70	3.26	 	162	7.55	 	21	0.98	 	633	29.51	 	10	0.47	 	16	0.75	 	12	0.56	 	1202	56.04	 	19	0.89	 	2145	95.63	 	98	4.37	 	2243	2.39	 
Jervis Bay	                                  	5	2.14	 	12	5.13	 	3	1.28	 	95	40.6	 	1	0.43	 	1	0.43	 	1	0.43	 	113	48.29	 	3	1.28	 	234	98.73	 	3	1.27	 	237	0.25	 
Kaleen	                                      	59	2.17	 	136	5.01	 	13	0.48	 	925	34.04	 	19	0.7	 	18	0.66	 	14	0.52	 	1490	54.84	 	43	1.58	 	2717	94.44	 	160	5.56	 	2877	3.07	 
Kaleen South	                                	36	2.62	 	97	7.05	 	13	0.94	 	469	34.08	 	11	0.8	 	7	0.51	 	9	0.65	 	709	51.53	 	25	1.82	 	1376	95.09	 	71	4.91	 	1447	1.54	 
Latham	                                      	57	2.72	 	142	6.78	 	15	0.72	 	666	31.82	 	15	0.72	 	12	0.57	 	9	0.43	 	1119	53.46	 	58	2.77	 	2093	95.79	 	92	4.21	 	2185	2.33	 
Lyneham	                                     	91	2.4	 	259	6.84	 	19	0.5	 	929	24.54	 	18	0.48	 	34	0.9	 	31	0.82	 	2272	60.03	 	132	3.49	 	3785	94.77	 	209	5.23	 	3994	4.26	 
Macgregor	                                   	33	1.97	 	104	6.22	 	11	0.66	 	511	30.58	 	8	0.48	 	13	0.78	 	11	0.66	 	956	57.21	 	24	1.44	 	1671	96.7	 	57	3.3	 	1728	1.84	 
Macquarie	                                   	51	2.62	 	126	6.46	 	26	1.33	 	584	29.96	 	12	0.62	 	7	0.36	 	13	0.67	 	1083	55.57	 	47	2.41	 	1949	95.96	 	82	4.04	 	2031	2.16	 
Manuka	                                      	31	2.7	 	73	6.36	 	7	0.61	 	402	35.02	 	2	0.17	 	12	1.05	 	6	0.52	 	590	51.39	 	25	2.18	 	1148	95.83	 	50	4.17	 	1198	1.28	 
Melba	                                       	22	1.41	 	115	7.35	 	5	0.32	 	528	33.76	 	13	0.83	 	8	0.51	 	13	0.83	 	846	54.09	 	14	0.9	 	1564	96.9	 	50	3.1	 	1614	1.72	 
Narrabundah	                                 	54	3.17	 	91	5.34	 	13	0.76	 	392	22.99	 	9	0.53	 	12	0.7	 	15	0.88	 	1070	62.76	 	49	2.87	 	1705	92.66	 	135	7.34	 	1840	1.96	 
Page	                                        	30	1.99	 	100	6.65	 	18	1.2	 	476	31.65	 	15	1	 	9	0.6	 	13	0.86	 	818	54.39	 	25	1.66	 	1504	96.91	 	48	3.09	 	1552	1.65	 
Red Hill	                                    	40	1.82	 	120	5.46	 	10	0.46	 	1032	46.99	 	5	0.23	 	13	0.59	 	7	0.32	 	949	43.21	 	20	0.91	 	2196	97.6	 	54	2.4	 	2250	2.4	 
Reid	                                        	11	2.08	 	29	5.48	 	3	0.57	 	188	35.54	 	2	0.38	 	5	0.95	 	4	0.76	 	268	50.66	 	19	3.59	 	529	96.89	 	17	3.11	 	546	0.58	 
Scullin	                                     	69	2.88	 	162	6.76	 	16	0.67	 	665	27.75	 	13	0.54	 	11	0.46	 	23	0.96	 	1381	57.64	 	56	2.34	 	2396	95.42	 	115	4.58	 	2511	2.68	 
Spence	                                      	36	2.26	 	104	6.53	 	10	0.63	 	531	33.33	 	9	0.56	 	14	0.88	 	13	0.82	 	857	53.8	 	19	1.19	 	1593	95.33	 	78	4.67	 	1671	1.78	 
Turner	                                      	55	2.7	 	135	6.62	 	16	0.79	 	426	20.9	 	6	0.29	 	19	0.93	 	20	0.98	 	1261	61.87	 	100	4.91	 	2038	96.5	 	74	3.5	 	2112	2.25	 
Watson	                                      	65	2.2	 	159	5.39	 	16	0.54	 	882	29.91	 	16	0.54	 	20	0.68	 	31	1.05	 	1696	57.51	 	64	2.17	 	2949	95.96	 	124	4.04	 	3073	3.28	 
Weetangera	                                  	52	1.83	 	172	6.06	 	13	0.46	 	1258	44.34	 	12	0.42	 	16	0.56	 	20	0.7	 	1259	44.38	 	35	1.23	 	2837	97.39	 	76	2.61	 	2913	3.1	 
Wreck Bay	                                   	1	1.89	 	2	3.77	 	0	0	 	4	7.55	 	0	0	 	0	0	 	1	1.89	 	45	84.91	 	0	0	 	53	100	 	0	0	 	53	0.06	 
Yarralumla	                                  	28	1.8	 	86	5.52	 	9	0.58	 	546	35.02	 	7	0.45	 	6	0.38	 	12	0.77	 	830	53.24	 	35	2.25	 	1559	97.32	 	43	2.68	 	1602	1.71	 
Special Hospitals	                           	12	3.03	 	19	4.8	 	0	0	 	182	45.96	 	0	0	 	1	0.25	 	1	0.25	 	176	44.44	 	5	1.26	 	396	94.96	 	21	5.04	 	417	0.44	 
Total Ordinary	                              	1690	2.34	 	4452	6.16	 	512	0.71	 	23031	31.86	 	373	0.52	 	494	0.68	 	524	0.72	 	39581	54.76	 	1624	2.25	 	72281	95.93	 	3067	4.07	 	75348	80.31	 
ABSENT	                                      	59	4.38	 	83	6.17	 	14	1.04	 	370	27.49	 	9	0.67	 	23	1.71	 	12	0.89	 	740	54.98	 	36	2.67	 	1346	94.99	 	71	5.01	 	1417	1.51	 
POSTAL	                                      	49	1.63	 	166	5.51	 	23	0.76	 	1142	37.89	 	11	0.36	 	21	0.7	 	29	0.96	 	1508	50.03	 	65	2.16	 	3014	98.21	 	55	1.79	 	3069	3.27	 
PRE_POLL	                                    	239	1.88	 	810	6.38	 	99	0.78	 	4294	33.82	 	63	0.5	 	109	0.86	 	98	0.77	 	6721	52.93	 	264	2.08	 	12697	97.45	 	332	2.55	 	13029	13.89	 
PROVISIONAL	                                 	34	3.82	 	48	5.39	 	10	1.12	 	194	21.77	 	7	0.79	 	7	0.79	 	9	1.01	 	548	61.5	 	34	3.82	 	891	92.43	 	73	7.57	 	964	1.03	 
Adjustment		-1			0			-1			0			0			0			0			0			0			-2			2			0		
Division Summary	                            	2070	2.29	 	5559	6.16	 	657	0.73	 	29031	32.17	 	463	0.51	 	654	0.72	 	672	0.74	 	49098	54.41	 	2023	2.24	 	90227	96.16	 	3600	3.84	 	93827	96.52	 
